<|||22|||16|||145|||0
indices|||3|||4|||75|||1
(|||29|||7|||44|||1
<|||12|||10|||74|||1
data_rows|||2|||16|||101|||1
float|||31|||19|||87|||1
doors|||4|||21|||79|||1
*|||32|||11|||105|||2
{|||50|||19|||22|||2
g_arrBackGroud|||1|||2|||47|||3
temp_sol|||3|||3|||107|||3
for|||15|||9|||125|||3
i|||41|||7|||35|||4
)|||11|||3|||35|||5
;|||113|||15|||20|||5
i|||4|||0|||45|||6
;|||26|||3|||104|||6
;|||68|||11|||47|||6
;|||13|||2|||38|||7
;|||52|||9|||54|||7
(|||43|||9|||111|||7
xpp|||2|||14|||64|||7
i|||80|||14|||159|||7
)|||96|||24|||60|||7
omp|||6|||13|||28|||8
float|||26|||19|||13|||8
i|||95|||21|||18|||8
(|||100|||21|||50|||8
i|||54|||9|||136|||9
;|||76|||11|||115|||9
tmp|||4|||19|||88|||10
(|||52|||11|||131|||11
;|||112|||15|||15|||11
)|||26|||8|||32|||12
int|||70|||21|||36|||12
ENDCOM|||3|||9|||33|||13
int|||30|||11|||22|||13
MAT4|||1|||15|||9|||13
float|||23|||17|||18|||13
nodes|||2|||1|||34|||14
{|||5|||2|||28|||14
;|||12|||2|||34|||14
)|||7|||2|||41|||14
{|||6|||2|||42|||14
]|||9|||3|||110|||14
0|||8|||3|||41|||15
i|||17|||3|||49|||15
n|||8|||11|||46|||15
)|||86|||21|||47|||15
m|||3|||5|||28|||16
classes|||1|||11|||8|||17
*|||27|||11|||29|||17
*|||28|||11|||30|||17
=|||45|||11|||66|||17
i|||67|||11|||67|||17
num|||4|||11|||86|||17
predictions|||3|||11|||155|||17
float|||1|||3|||3|||18
FLT|||1|||8|||3|||18
int|||59|||18|||3|||18
float|||32|||22|||3|||18
,|||32|||9|||106|||19
(|||51|||11|||79|||19
{|||26|||11|||91|||19
p_index|||1|||11|||102|||19
FindBestGray|||1|||23|||2|||20
(|||105|||23|||3|||20
1|||17|||23|||29|||20
,|||2|||0|||12|||21
,|||35|||10|||13|||21
)|||80|||19|||21|||21
=|||96|||21|||15|||21
m2|||2|||5|||36|||22
x|||5|||17|||31|||22
,|||85|||17|||34|||22
[|||26|||11|||156|||23
for|||26|||14|||149|||23
SRSLTE_SIMD_CF_SIZE|||2|||9|||30|||24
==|||2|||9|||31|||24
{|||65|||25|||36|||24
kernel_language|||1|||25|||41|||24
settings|||7|||25|||77|||24
)|||105|||25|||101|||24
;|||42|||7|||18|||25
dvert|||1|||4|||5|||26
defgrp_idx|||1|||4|||8|||26
float|||8|||6|||10|||26
X_SIZEOF_USHORT|||1|||14|||20|||27
realign|||2|||14|||67|||27
nelems|||3|||14|||100|||27
if|||5|||14|||107|||27
ni|||3|||14|||119|||27
=|||73|||14|||152|||27
0|||34|||14|||153|||27
i|||81|||14|||165|||27
int|||9|||4|||28|||28
)|||19|||6|||25|||28
x_size|||1|||13|||21|||28
chunks|||1|||25|||13|||28
[|||11|||4|||62|||29
;|||109|||14|||139|||29
*|||3|||3|||7|||30
,|||10|||4|||17|||30
,|||11|||4|||22|||30
int|||29|||11|||19|||30
:|||1|||4|||79|||31
)|||44|||11|||135|||31
)|||23|||7|||26|||32
NULL|||1|||16|||48|||32
▁|||4|||16|||61|||32
,|||73|||16|||89|||32
for|||30|||16|||124|||32
;|||27|||3|||111|||33
]|||18|||9|||89|||33
*|||23|||9|||14|||34
int|||21|||9|||18|||34
int|||22|||9|||22|||34
SRSLTE_SIMD_CF_SIZE|||1|||9|||28|||34
(|||34|||9|||35|||34
)|||28|||9|||39|||34
y|||4|||9|||86|||34
)|||4|||1|||19|||35
;|||122|||16|||85|||35
*|||72|||23|||51|||35
,|||105|||25|||14|||35
)|||101|||25|||54|||35
}|||13|||25|||70|||35
;|||63|||10|||35|||36
int|||49|||14|||41|||36
;|||100|||14|||45|||36
{|||56|||21|||48|||36
)|||5|||2|||3|||37
[|||35|||21|||7|||37
MDeformWeight|||1|||4|||10|||38
float|||4|||4|||37|||38
b3d9c82c5f695f932c9f504d2b6a592|||1|||10|||3|||38
,|||22|||6|||17|||39
)|||34|||9|||90|||39
,|||48|||11|||45|||39
;|||128|||17|||42|||39
*|||70|||19|||19|||39
(|||98|||21|||12|||39
)|||85|||21|||24|||39
i|||2|||0|||31|||40
=|||9|||2|||18|||40
%|||1|||11|||75|||40
;|||77|||11|||123|||40
r|||3|||23|||40|||40
src|||3|||24|||28|||40
const|||11|||24|||33|||40
(|||109|||24|||45|||40
0|||10|||3|||65|||41
/|||1|||6|||70|||41
;|||41|||6|||72|||41
j|||12|||8|||35|||41
ni|||2|||14|||96|||41
nodes|||4|||3|||93|||42
i|||50|||9|||76|||42
;|||60|||9|||135|||42
side|||6|||11|||104|||42
n|||13|||11|||114|||42
(|||120|||25|||87|||42
0|||49|||25|||91|||42
(|||122|||25|||113|||42
,|||42|||11|||21|||43
calloc|||1|||5|||44|||44
int|||33|||11|||64|||45
=|||47|||11|||81|||45
index|||4|||11|||93|||45
predictions|||2|||11|||119|||45
+|||12|||11|||141|||45
c|||1|||6|||16|||46
float|||10|||6|||18|||46
sum|||3|||12|||17|||46
for|||20|||12|||32|||46
*|||41|||13|||16|||46
)|||57|||14|||73|||46
;|||114|||15|||26|||47
1|||16|||21|||54|||47
num|||2|||4|||52|||48
i|||83|||15|||44|||48
++|||17|||16|||135|||48
{|||51|||19|||39|||49
;|||23|||3|||76|||50
y|||8|||17|||94|||50
MRIvox|||1|||17|||101|||50
y_size|||1|||13|||24|||51
r|||1|||9|||101|||52
scale|||1|||11|||117|||52
[|||32|||19|||52|||52
;|||144|||19|||55|||52
int|||66|||19|||58|||52
0|||44|||19|||61|||52
<|||27|||19|||64|||52
=|||38|||9|||102|||53
else|||1|||9|||123|||53
z|||9|||17|||109|||53
=|||1|||0|||21|||54
-|||1|||0|||34|||54
<|||18|||14|||84|||54
(|||92|||18|||13|||54
,|||9|||4|||14|||55
int|||8|||4|||19|||55
&&|||2|||9|||29|||55
int|||41|||12|||11|||55
0|||4|||2|||8|||56
b|||3|||9|||81|||56
thresh|||1|||11|||26|||56
int|||42|||12|||14|||56
\n|||4|||16|||111|||56
(|||23|||6|||2|||57
(|||45|||10|||6|||57
double|||2|||13|||9|||57
n|||6|||10|||44|||58
;|||67|||10|||72|||58
;|||163|||23|||54|||58
(|||49|||11|||2|||59
++|||10|||11|||60|||59
n|||9|||11|||80|||59
int|||35|||11|||92|||59
=|||50|||11|||118|||59
num|||8|||11|||140|||59
=|||15|||3|||80|||60
dw|||1|||4|||85|||60
=|||63|||13|||64|||60
{|||33|||13|||65|||60
n_y|||5|||13|||91|||60
++|||18|||17|||81|||60
dws|||2|||4|||87|||61
0|||21|||10|||40|||61
is_larger|||1|||12|||9|||61
}|||4|||12|||75|||61
}|||5|||12|||76|||61
,|||5|||3|||17|||62
double|||1|||13|||4|||62
*|||39|||13|||5|||62
restrict|||1|||13|||6|||62
,|||80|||17|||14|||62
)|||98|||25|||18|||62
void|||2|||1|||2|||63
i|||40|||7|||31|||64
node_no|||1|||1|||21|||65
#if|||1|||9|||27|||65
int|||44|||13|||20|||65
0|||29|||13|||52|||65
4|||2|||15|||29|||65
->|||3|||3|||94|||66
]|||17|||9|||77|||66
srslte_simd_f_rcp|||1|||9|||95|||66
=|||70|||14|||97|||66
int|||82|||25|||88|||66
;|||172|||25|||92|||66
,|||18|||5|||53|||67
reset_fields_to_exchange|||1|||25|||72|||67
void|||13|||14|||4|||68
i|||77|||14|||25|||68
j|||15|||14|||27|||68
*|||68|||19|||10|||68
P|||3|||0|||41|||69
#pragma|||6|||13|||27|||70
for|||25|||14|||77|||70
*|||58|||14|||137|||70
;|||131|||17|||57|||70
i|||74|||12|||43|||71
++|||23|||21|||46|||71
->|||9|||25|||40|||71
*|||16|||6|||19|||72
nowait|||1|||6|||39|||72
=|||51|||11|||126|||72
=|||53|||12|||18|||72
xp|||1|||14|||39|||72
=|||78|||16|||34|||72
(|||113|||25|||10|||72
%|||5|||16|||109|||73
++|||27|||25|||33|||73
;|||173|||25|||98|||73
;|||6|||1|||25|||74
do_add|||1|||4|||29|||74
int|||14|||6|||27|||74
box|||1|||11|||33|||75
i|||64|||11|||50|||75
index|||2|||3|||91|||76
;|||148|||19|||86|||76
for|||29|||16|||66|||77
fid|||6|||16|||106|||77
j|||26|||16|||140|||77
==|||7|||21|||69|||77
=|||100|||21|||77|||77
(|||91|||18|||2|||78
(|||103|||22|||2|||78
1|||3|||3|||103|||79
{|||14|||6|||34|||79
f|||1|||10|||1|||79
,|||53|||13|||77|||79
r_|||2|||15|||35|||79
dist|||1|||23|||34|||79
dv|||2|||4|||96|||80
;|||96|||13|||99|||80
data_cols|||3|||16|||146|||80
[|||38|||21|||80|||80
0|||50|||25|||117|||80
odefun|||1|||3|||1|||81
concat_matrix|||1|||5|||1|||81
mset|||1|||8|||1|||81
cf_t|||1|||9|||4|||81
void|||10|||10|||4|||81
convert_coco_detections|||1|||11|||1|||81
copy0|||1|||22|||1|||81
int|||56|||16|||28|||82
;|||118|||16|||32|||82
fid|||2|||16|||33|||82
fopen|||1|||16|||35|||82
generate_u|||1|||3|||27|||83
z|||2|||9|||15|||83
len|||1|||9|||19|||83
i|||47|||9|||23|||83
the|||1|||25|||1|||83
*|||78|||25|||16|||83
settings|||1|||25|||17|||83
->|||10|||25|||64|||83
.|||3|||5|||29|||84
int|||34|||11|||71|||84
is_larger|||2|||12|||21|||84
ni|||1|||14|||29|||84
*|||52|||14|||57|||84
count|||2|||5|||13|||85
0|||14|||5|||15|||85
m|||2|||5|||20|||85
cols|||1|||5|||22|||85
.|||2|||5|||25|||85
(|||20|||5|||45|||85
{|||15|||7|||13|||85
int|||31|||11|||37|||85
input|||4|||16|||9|||85
0|||36|||16|||121|||85
>|||1|||10|||56|||86
;|||102|||14|||66|||86
if|||8|||21|||64|||86
(|||13|||3|||33|||87
index|||3|||3|||109|||87
;|||79|||12|||7|||87
fprintf|||2|||16|||86|||87
)|||32|||9|||66|||88
{|||20|||9|||67|||88
;|||93|||13|||53|||88
(|||88|||17|||85|||88
)|||77|||17|||96|||88
cc|||2|||25|||27|||88
Pixel|||1|||23|||1|||89
i|||19|||3|||62|||90
if|||10|||25|||61|||90
+|||2|||5|||35|||91
{|||13|||6|||26|||91
int|||24|||10|||22|||91
i|||60|||10|||63|||91
=|||55|||12|||26|||91
int|||45|||13|||23|||91
(|||80|||16|||77|||91
height|||1|||17|||39|||91
int|||72|||22|||13|||91
)|||42|||11|||62|||92
row|||1|||11|||65|||92
0|||24|||11|||82|||92
=|||48|||11|||94|||92
[|||24|||11|||120|||92
n|||14|||11|||142|||92
;|||15|||3|||26|||93
++|||3|||3|||50|||93
,|||15|||4|||36|||93
for|||7|||4|||44|||93
0|||32|||14|||81|||93
*|||55|||14|||116|||93
;|||136|||17|||89|||93
;|||153|||21|||40|||93
int|||54|||16|||17|||94
major|||1|||16|||18|||94
{|||2|||0|||40|||95
(|||18|||4|||95|||96
SRSLTE_SIMD_CF_SIZE|||4|||9|||65|||96
-|||5|||10|||33|||96
LOOPCNT|||3|||14|||104|||96
j|||24|||15|||37|||96
;|||146|||19|||66|||96
int|||78|||23|||36|||96
;|||162|||23|||41|||96
)|||91|||23|||46|||96
;|||4|||1|||12|||97
val|||1|||3|||20|||97
1|||18|||25|||109|||97
rows|||3|||5|||38|||98
sizeof|||1|||5|||54|||98
++|||7|||7|||40|||98
&|||3|||9|||85|||98
;|||61|||10|||24|||98
;|||66|||10|||65|||98
(|||55|||12|||2|||99
doors|||1|||21|||6|||99
Chunk|||1|||25|||11|||99
i|||53|||9|||128|||100
<|||10|||9|||129|||100
]|||27|||15|||38|||100
w|||3|||16|||40|||100
"|||9|||16|||108|||100
;|||127|||16|||143|||100
0|||42|||17|||116|||100
;|||139|||17|||117|||100
ba|||1|||24|||67|||100
[|||13|||4|||76|||101
]|||12|||4|||81|||101
{|||32|||13|||61|||101
;|||101|||14|||50|||102
for|||28|||15|||42|||102
++|||26|||24|||39|||102
)|||9|||3|||25|||103
=|||69|||14|||80|||103
mri|||3|||17|||60|||103
height|||3|||17|||62|||103
,|||30|||9|||12|||104
int|||23|||10|||11|||104
{|||35|||14|||16|||104
data_cols|||1|||16|||15|||104
i|||75|||12|||47|||105
++|||12|||12|||48|||105
;|||10|||2|||20|||106
c|||3|||7|||20|||106
char|||4|||7|||25|||106
i|||44|||8|||22|||106
classes|||3|||11|||132|||106
#pragma|||8|||14|||145|||106
int|||51|||15|||16|||106
y|||6|||17|||86|||106
*|||75|||24|||18|||106
▁|||5|||16|||65|||107
i|||101|||21|||68|||107
]|||35|||21|||76|||107
=|||31|||7|||32|||108
<|||8|||7|||36|||108
time_step|||3|||3|||34|||109
{|||10|||4|||40|||109
m1|||4|||5|||46|||109
=|||90|||19|||42|||109
int|||4|||3|||15|||110
==|||5|||16|||47|||110
const|||12|||24|||41|||110
)|||100|||25|||44|||110
(|||47|||10|||51|||111
else|||2|||14|||129|||111
{|||39|||14|||162|||111
v|||2|||23|||56|||111
=|||24|||5|||31|||112
i|||68|||11|||74|||112
ushort|||1|||14|||31|||112
tmp|||1|||14|||32|||112
uint32_t|||3|||24|||34|||112
uint8_t|||2|||24|||42|||112
;|||48|||8|||25|||113
;|||49|||8|||29|||113
boxes|||2|||11|||147|||113
;|||115|||15|||30|||113
,|||68|||16|||16|||113
=|||97|||21|||30|||113
for|||41|||22|||20|||113
{|||7|||3|||14|||114
float|||15|||10|||17|||114
vol_flux_x_p|||1|||13|||7|||114
,|||49|||13|||8|||114
tp|||1|||14|||14|||114
,|||59|||14|||103|||114
c|||4|||7|||22|||115
)|||33|||9|||78|||115
(|||44|||9|||126|||115
i|||82|||15|||17|||115
0.|||1|||15|||40|||115
float|||25|||19|||9|||115
start|||2|||19|||28|||115
i|||92|||19|||45|||115
=|||102|||23|||20|||115
int|||77|||23|||33|||115
int|||79|||23|||39|||115
num|||10|||23|||44|||115
a|||1|||6|||8|||116
*|||26|||11|||4|||116
int|||25|||11|||7|||116
0|||16|||6|||45|||117
]|||15|||6|||63|||117
;|||129|||17|||45|||117
j|||33|||21|||52|||117
]|||39|||25|||53|||117
)|||2|||0|||39|||118
[|||9|||3|||99|||118
classes|||2|||11|||108|||118
{|||34|||13|||84|||118
)|||58|||14|||94|||118
1|||15|||21|||39|||118
)|||93|||24|||31|||118
rg|||1|||24|||43|||118
(|||21|||5|||55|||119
SRSLTE_IS_ALIGNED|||2|||9|||41|||119
0|||28|||13|||37|||119
pmask|||1|||17|||48|||119
j|||34|||21|||56|||119
+|||10|||11|||133|||120
i|||86|||16|||130|||120
0|||35|||15|||25|||121
"|||1|||16|||39|||122
j|||39|||22|||22|||122
j|||5|||2|||52|||123
buffer|||2|||7|||47|||123
[|||18|||7|||48|||123
;|||50|||8|||38|||123
j|||13|||8|||39|||123
uint|||2|||14|||169|||123
=|||101|||22|||23|||123
=|||109|||24|||68|||123
i|||34|||6|||47|||124
b|||2|||6|||65|||124
}|||9|||14|||140|||124
n|||3|||8|||9|||125
mri_mean|||1|||17|||23|||125
b|||5|||22|||9|||125
best|||1|||23|||19|||125
)|||61|||14|||122|||126
*|||57|||14|||135|||126
ENDCOM|||9|||14|||148|||126
<|||25|||17|||119|||126
width|||4|||17|||120|||126
indices|||2|||4|||73|||127
-|||3|||9|||58|||127
0|||40|||17|||88|||127
solver|||1|||25|||7|||127
FIELD_SD|||1|||25|||81|||127
i|||76|||12|||53|||128
&&|||5|||12|||66|||128
size_t|||1|||14|||9|||128
if|||2|||7|||43|||129
=|||59|||12|||70|||129
;|||45|||7|||34|||130
=|||56|||12|||40|||130
%|||2|||14|||74|||130
rand_d|||3|||19|||74|||130
dr|||1|||23|||37|||130
while|||1|||23|||42|||130
{|||61|||23|||47|||130
b|||1|||6|||12|||131
rand_d|||1|||19|||11|||131
=|||11|||3|||40|||132
for|||27|||15|||21|||132
1|||14|||21|||16|||132
0|||7|||2|||33|||133
*|||8|||4|||20|||133
MDeformVert|||2|||4|||66|||133
*|||11|||4|||84|||133
{|||19|||9|||51|||133
int|||39|||12|||5|||133
\n|||1|||16|||69|||133
i|||9|||2|||6|||134
;|||80|||12|||10|||134
long|||1|||14|||24|||134
&&|||3|||9|||40|||135
fid|||3|||16|||46|||135
▁|||1|||16|||55|||135
(|||85|||16|||139|||135
]|||10|||4|||64|||136
depth|||2|||17|||64|||136
]|||2|||0|||46|||137
>=|||1|||2|||22|||137
[|||5|||3|||54|||137
1|||5|||8|||37|||137
(|||35|||9|||37|||137
(|||40|||9|||84|||137
i|||69|||11|||95|||137
known_sum|||1|||12|||12|||137
xdim0_update_halo_kernel3_minus_4_b|||2|||13|||78|||137
--|||2|||23|||45|||137
(|||117|||25|||49|||137
dvert|||2|||4|||71|||138
dws|||3|||4|||89|||138
[|||14|||4|||90|||138
i|||29|||4|||91|||138
<|||9|||9|||56|||138
z|||4|||9|||113|||138
++|||14|||13|||59|||138
[|||43|||25|||80|||138
,|||41|||11|||18|||139
*|||40|||13|||10|||139
mass_flux_x_p|||1|||13|||12|||139
Pixel|||3|||23|||18|||139
n_y|||4|||13|||72|||140
,|||107|||25|||106|||140
settings|||9|||25|||107|||140
int|||81|||25|||22|||141
num_chunks_per_rank|||1|||25|||31|||141
{|||66|||25|||45|||141
,|||108|||25|||108|||141
vals|||1|||5|||42|||142
<|||7|||6|||48|||142
int|||20|||8|||15|||142
i|||56|||10|||38|||142
=|||61|||13|||36|||142
depth|||1|||17|||41|||142
++|||20|||19|||36|||142
i|||96|||21|||23|||142
;|||155|||21|||55|||142
)|||89|||22|||15|||142
]|||6|||3|||70|||143
++|||16|||15|||31|||143
&|||6|||17|||100|||143
;|||29|||4|||49|||144
++|||6|||6|||52|||144
i|||52|||9|||115|||144
i|||59|||10|||54|||144
/|||2|||11|||68|||144
)|||12|||3|||51|||145
=|||81|||17|||53|||145
)|||16|||5|||8|||146
,|||62|||15|||5|||146
int|||57|||17|||0|||146
MRIaccumulateMaskedMeansAndVariances|||1|||17|||1|||146
MRI|||1|||17|||3|||146
,|||78|||17|||6|||146
float|||22|||17|||15|||146
)|||1|||0|||15|||147
,|||12|||4|||27|||147
z|||1|||6|||24|||147
"|||6|||16|||83|||147
<=|||3|||21|||19|||147
*|||77|||25|||12|||147
&|||2|||9|||73|||148
x|||3|||9|||74|||148
(|||67|||14|||99|||148
)|||71|||16|||102|||148
function|||1|||13|||0|||149
MINLINE|||1|||20|||0|||149
of|||1|||25|||4|||149
,|||37|||11|||6|||150
,|||38|||11|||9|||150
sum|||2|||12|||6|||150
,|||66|||16|||10|||150
char|||1|||0|||6|||151
,|||29|||9|||7|||151
(|||38|||9|||53|||151
1|||6|||9|||61|||151
srslte_simd_cfi_store|||1|||9|||110|||151
*|||48|||14|||5|||151
const|||8|||24|||3|||151
src_end|||1|||24|||20|||151
*|||76|||24|||37|||151
;|||83|||12|||20|||152
=|||2|||0|||28|||153
;|||2|||0|||30|||153
,|||93|||18|||7|||153
+|||5|||9|||60|||154
<|||14|||11|||85|||154
Min|||1|||14|||98|||154
width|||3|||17|||56|||154
;|||134|||17|||75|||154
j|||31|||19|||76|||154
%|||3|||16|||91|||155
fields_to_exchange|||1|||25|||79|||155
}|||2|||9|||122|||156
j|||4|||2|||39|||157
;|||69|||11|||53|||158
i|||65|||11|||54|||158
side|||2|||11|||56|||158
col|||1|||11|||72|||158
)|||51|||13|||45|||158
(|||60|||13|||48|||158
n_x|||2|||13|||54|||158
i|||32|||6|||28|||159
probs|||1|||11|||31|||159
{|||64|||25|||19|||159
*|||18|||7|||4|||160
int|||26|||11|||10|||160
int|||52|||16|||11|||160
,|||79|||17|||10|||160
a|||3|||9|||69|||161
▁|||7|||16|||93|||161
i|||7|||1|||32|||162
<|||1|||1|||33|||162
0|||23|||11|||52|||163
0|||31|||14|||49|||163
;|||158|||23|||25|||163
=|||106|||24|||21|||163
src|||4|||24|||38|||163
0|||37|||16|||128|||164
.|||6|||5|||41|||165
*|||12|||5|||57|||165
<=|||2|||8|||27|||165
for|||17|||10|||67|||165
int|||73|||22|||17|||165
i|||13|||2|||49|||166
)|||14|||4|||39|||166
=|||25|||5|||43|||166
)|||18|||5|||59|||166
i|||35|||6|||51|||166
1|||7|||9|||134|||166
i|||88|||18|||15|||166
,|||47|||11|||43|||167
++|||22|||21|||22|||167
&|||1|||4|||70|||168
return|||1|||16|||73|||168
a|||4|||9|||105|||169
i|||71|||11|||138|||169
index|||5|||11|||149|||169
ushort|||3|||14|||134|||169
;|||164|||24|||25|||169
=|||42|||10|||60|||170
]|||28|||18|||6|||170
x|||4|||11|||152|||171
=|||52|||11|||153|||171
=|||60|||12|||78|||171
0|||18|||7|||33|||172
=|||57|||12|||52|||172
;|||88|||12|||54|||172
omp|||5|||12|||56|||172
ordered|||2|||12|||57|||172
ENDCOM|||5|||12|||58|||172
{|||29|||12|||59|||172
)|||49|||12|||65|||172
is_larger|||4|||12|||67|||172
(|||79|||16|||52|||172
int|||10|||4|||34|||173
num|||9|||23|||12|||173
)|||10|||3|||30|||174
for|||5|||3|||37|||174
=|||12|||3|||57|||174
[|||7|||3|||68|||174
;|||25|||3|||86|||174
[|||8|||3|||96|||174
;|||166|||24|||64|||174
(|||5|||1|||27|||175
float|||3|||4|||31|||175
float|||16|||10|||25|||175
<|||20|||15|||28|||175
0|||45|||21|||31|||175
)|||17|||5|||58|||176
[|||17|||6|||66|||176
=|||87|||17|||115|||176
)|||97|||24|||63|||176
}|||12|||25|||59|||176
(|||54|||11|||154|||177
)|||59|||14|||105|||177
for|||4|||2|||29|||178
ENDCOM|||1|||6|||33|||178
c|||2|||6|||54|||178
;|||159|||23|||32|||178
&|||9|||25|||48|||178
,|||24|||7|||6|||179
y|||2|||9|||11|||179
VEC4|||2|||15|||6|||179
,|||67|||16|||13|||179
*|||71|||23|||8|||179
settings|||3|||25|||39|||180
j|||6|||3|||18|||181
=|||89|||19|||27|||181
float|||27|||19|||40|||181
[|||31|||19|||44|||181
mass_flux_x|||1|||13|||82|||182
n_x|||5|||13|||87|||182
SIZEOF_USHORT|||3|||14|||121|||182
{|||3|||1|||9|||183
i|||30|||5|||11|||183
value|||1|||7|||11|||183
,|||57|||14|||26|||183
int|||58|||17|||30|||183
(|||96|||20|||3|||184
i|||97|||21|||28|||185
;|||74|||11|||87|||186
*|||53|||14|||61|||186
,|||82|||17|||20|||186
MRI|||4|||17|||21|||186
BUFTYPE|||1|||17|||46|||186
->|||5|||17|||61|||186
,|||7|||4|||6|||187
*|||7|||4|||12|||187
*|||13|||6|||7|||187
,|||20|||6|||9|||187
*|||14|||6|||11|||187
square|||1|||11|||14|||187
update_halo_kernel3_minus_4_b_c_wrapper|||1|||13|||2|||187
restrict|||2|||13|||11|||187
xpp|||1|||14|||7|||187
int|||53|||16|||14|||187
void|||21|||25|||8|||187
]|||31|||19|||77|||188
;|||147|||19|||78|||188
<|||17|||13|||55|||189
%|||4|||16|||94|||189
;|||125|||16|||129|||189
;|||171|||25|||85|||189
for|||43|||25|||86|||189
P2|||1|||16|||81|||190
(|||119|||25|||73|||190
settings|||6|||25|||74|||190
const|||5|||9|||17|||191
{|||18|||9|||21|||191
0|||19|||9|||25|||191
SRSLTE_IS_ALIGNED|||1|||9|||36|||191
srslte_simd_f_load|||1|||9|||83|||191
buffersize|||2|||7|||37|||192
[|||15|||6|||55|||193
(|||69|||14|||113|||193
,|||60|||14|||115|||193
(|||70|||14|||133|||193
CARD32|||1|||23|||55|||193
==|||9|||25|||66|||193
;|||89|||12|||68|||194
"|||3|||16|||53|||194
d|||1|||16|||92|||194
=|||79|||16|||127|||194
+|||1|||0|||44|||195
omp|||2|||6|||36|||195
update_global_node_set|||1|||1|||3|||196
(|||28|||7|||30|||196
,|||83|||17|||24|||196
{|||17|||8|||14|||197
xpp|||4|||14|||138|||197
,|||88|||17|||40|||197
;|||149|||21|||10|||197
nx|||1|||22|||14|||197
->|||1|||1|||39|||198
omp|||3|||6|||74|||198
0|||43|||18|||17|||198
x2|||2|||19|||90|||198
{|||53|||20|||7|||198
void|||11|||11|||0|||199
void|||19|||22|||0|||199
=|||19|||4|||60|||200
"|||4|||16|||70|||200
>>|||1|||24|||48|||200
ppcg_inner_steps|||1|||25|||97|||200
n_y|||2|||13|||39|||201
ptr_double|||2|||13|||81|||201
+|||19|||13|||90|||201
*|||63|||17|||8|||201
)|||78|||17|||110|||201
;|||138|||17|||111|||201
chunks|||3|||25|||105|||201
{|||45|||16|||137|||202
rand_r|||3|||19|||82|||202
i|||1|||0|||27|||203
weights|||1|||4|||26|||203
m1|||3|||5|||32|||203
rows|||4|||5|||48|||203
y|||1|||6|||20|||203
[|||16|||6|||61|||203
output|||1|||10|||19|||203
;|||84|||12|||24|||203
(|||74|||15|||22|||203
,|||86|||17|||36|||203
float|||24|||17|||43|||203
<|||26|||19|||31|||203
i|||10|||2|||17|||204
,|||28|||8|||17|||204
(|||31|||8|||21|||204
*|||10|||4|||67|||205
vol_flux_x_p|||2|||13|||66|||205
=|||83|||17|||65|||205
y|||7|||17|||90|||205
12|||1|||24|||59|||205
ii|||2|||12|||64|||206
fprintf|||3|||16|||104|||206
for|||31|||16|||138|||206
;|||71|||11|||70|||207
;|||98|||14|||36|||207
{|||36|||14|||95|||207
]|||30|||19|||54|||207
[|||34|||19|||83|||207
100|||3|||21|||43|||207
src_end|||2|||24|||30|||207
stencil_size|||1|||3|||85|||208
*|||42|||13|||69|||208
*|||2|||1|||6|||209
int|||15|||7|||7|||209
uint32_t|||1|||24|||4|||209
pixels|||1|||23|||9|||210
,|||102|||23|||13|||210
indices|||1|||4|||21|||211
n|||5|||10|||12|||211
,|||39|||11|||12|||211
rows|||6|||19|||4|||211
==|||4|||14|||88|||212
(|||41|||9|||96|||213
+|||9|||11|||113|||213
*|||38|||11|||144|||213
do_rem|||1|||4|||35|||214
largest|||2|||10|||57|||214
vol_flux_x|||1|||13|||63|||214
=|||64|||13|||83|||214
(|||4|||1|||17|||215
;|||39|||6|||46|||215
i|||63|||11|||42|||215
(|||59|||13|||33|||215
rand_r|||1|||19|||15|||215
m|||1|||5|||18|||216
2.0f|||1|||6|||71|||216
[|||22|||10|||53|||216
side|||4|||11|||69|||216
1|||9|||12|||41|||216
n_y|||3|||13|||43|||216
{|||31|||13|||46|||216
,|||97|||19|||16|||216
(|||112|||24|||56|||216
value|||2|||7|||27|||217
;|||44|||7|||28|||217
/|||3|||16|||63|||217
i|||85|||16|||126|||217
j|||36|||21|||66|||217
[|||37|||21|||74|||217
;|||107|||14|||123|||218
xp|||2|||14|||124|||218
=|||71|||14|||125|||218
)|||62|||14|||136|||218
i|||12|||2|||25|||219
--|||1|||2|||26|||219
401|||1|||10|||2|||219
int|||63|||19|||6|||219
float|||5|||4|||58|||220
for|||9|||6|||37|||220
)|||82|||19|||69|||220
y1|||1|||19|||72|||220
y2|||1|||19|||80|||220
)|||15|||4|||56|||221
for|||14|||9|||52|||221
int|||47|||13|||49|||221
]|||32|||19|||85|||221
the|||2|||25|||5|||222
<|||29|||25|||28|||222
)|||31|||9|||50|||223
if|||4|||10|||50|||223
]|||20|||10|||55|||223
not|||1|||16|||60|||223
(|||95|||19|||57|||223
=|||92|||19|||60|||223
j|||29|||19|||63|||223
{|||12|||5|||9|||224
int|||16|||7|||10|||224
int|||40|||12|||8|||224
)|||90|||23|||16|||224
=|||91|||19|||50|||225
uint64_t|||2|||0|||13|||226
=|||4|||1|||15|||226
=|||7|||2|||7|||226
(|||11|||3|||23|||226
int|||17|||7|||14|||226
float|||19|||11|||25|||226
restrict|||3|||13|||17|||226
fields|||1|||13|||18|||226
)|||64|||15|||11|||226
,|||96|||19|||12|||226
;|||150|||21|||17|||226
chunks|||2|||25|||50|||226
float|||11|||6|||22|||227
(|||24|||6|||42|||227
a|||2|||6|||60|||227
1|||8|||12|||23|||227
)|||53|||14|||15|||227
cf_t|||2|||9|||13|||228
;|||82|||12|||16|||228
parallel|||2|||12|||31|||228
int|||43|||13|||15|||228
7|||1|||14|||72|||228
tmp|||3|||14|||126|||228
predictions|||1|||11|||5|||229
{|||27|||12|||4|||229
,|||70|||16|||30|||229
j|||25|||16|||31|||229
1|||1|||0|||29|||230
j|||11|||8|||18|||230
int|||37|||11|||124|||230
+|||16|||13|||67|||230
kernel_language|||2|||25|||65|||230
*|||36|||11|||130|||231
r_|||1|||15|||14|||231
j|||32|||19|||84|||231
,|||6|||3|||19|||232
w|||2|||11|||20|||232
]|||23|||11|||150|||232
low_val|||1|||17|||16|||232
MDeformVert|||1|||4|||3|||233
char|||2|||7|||3|||233
*|||20|||8|||5|||233
float|||18|||11|||3|||233
filename|||1|||16|||5|||233
]|||36|||22|||6|||233
i|||22|||4|||42|||234
defvert_find_index|||1|||4|||94|||234
num|||3|||11|||11|||234
n|||12|||11|||99|||234
float|||21|||11|||116|||234
MRI|||3|||17|||11|||234
]|||26|||14|||166|||235
{|||9|||3|||90|||236
=|||113|||25|||116|||236
i|||42|||7|||39|||237
data_range|||1|||16|||21|||237
=|||5|||1|||23|||238
0|||2|||1|||24|||238
=|||6|||1|||29|||238
j|||2|||2|||31|||238
==|||1|||2|||46|||238
*|||46|||13|||92|||239
&|||7|||24|||51|||239
site|||3|||1|||38|||240
1|||2|||2|||45|||240
;|||140|||17|||121|||240
=|||88|||18|||16|||240
(|||104|||22|||21|||240
iterations|||1|||25|||3|||241
settings|||4|||25|||56|||241
j|||19|||14|||102|||242
mask|||1|||17|||50|||242
;|||161|||23|||38|||242
<|||28|||24|||29|||242
(|||110|||24|||46|||242
[|||30|||18|||5|||243
paddingSize|||2|||0|||33|||244
;|||19|||3|||48|||244
i|||26|||4|||63|||244
;|||111|||14|||158|||244
)|||72|||16|||115|||244
{|||44|||16|||123|||244
i|||91|||19|||37|||244
0|||47|||23|||23|||244
else|||3|||25|||60|||244
*|||66|||17|||26|||245
;|||54|||9|||79|||246
;|||59|||9|||127|||246
=|||74|||14|||167|||246
0|||38|||16|||142|||246
{|||58|||21|||72|||246
;|||168|||25|||32|||246
*|||4|||3|||11|||247
x_sol|||2|||3|||112|||247
float|||9|||6|||14|||247
)|||47|||12|||3|||247
ordered|||1|||12|||35|||248
if|||6|||16|||44|||248
rand_d|||2|||19|||43|||248
;|||154|||21|||44|||248
*|||35|||11|||128|||249
j|||16|||14|||79|||249
=|||82|||17|||59|||249
dataBlockSize|||3|||0|||43|||250
char|||5|||14|||60|||250
data_cols|||2|||16|||99|||250
data_range|||2|||16|||114|||250
;|||126|||16|||133|||250
[|||41|||23|||22|||250
,|||58|||14|||28|||251
;|||97|||14|||30|||251
(|||65|||14|||69|||251
cxp|||2|||14|||70|||251
;|||36|||5|||39|||252
++|||25|||23|||53|||252
(|||8|||2|||30|||253
i|||45|||8|||26|||253
}|||3|||10|||66|||253
)|||54|||14|||56|||253
{|||59|||22|||16|||253
;|||167|||25|||26|||253
,|||36|||10|||16|||254
)|||40|||10|||58|||254
i|||62|||10|||73|||254
,|||54|||13|||96|||254
{|||37|||14|||111|||255
=|||105|||23|||57|||255
>>|||2|||24|||58|||255
&|||8|||24|||61|||255
uint8_t|||3|||24|||66|||255
ii|||1|||12|||51|||256
;|||116|||15|||41|||256
)|||67|||16|||42|||256
"|||7|||16|||90|||256
*|||9|||4|||25|||257
float|||14|||10|||14|||257
*|||25|||10|||18|||257
SIZEOF_USHORT|||1|||14|||22|||257
)|||66|||16|||22|||257
9|||1|||0|||35|||258
*|||60|||16|||8|||258
writing|||1|||16|||68|||258
,|||74|||16|||98|||258
,|||77|||16|||113|||258
==|||6|||16|||120|||258
data_rows|||3|||16|||132|||258
0x80|||1|||0|||22|||259
;|||3|||0|||36|||259
j|||3|||2|||35|||259
[|||10|||3|||108|||259
<|||13|||11|||55|||259
*|||30|||11|||57|||259
=|||46|||11|||73|||259
n|||10|||11|||84|||259
*|||31|||11|||96|||259
side|||7|||11|||106|||259
<=|||4|||21|||42|||259
side|||5|||11|||76|||260
+|||8|||11|||109|||261
i|||70|||11|||110|||261
.|||9|||11|||151|||261
box_index|||1|||11|||125|||262
mri_mask|||2|||17|||103|||263
,|||90|||17|||104|||263
0|||41|||17|||105|||263
(|||36|||9|||42|||264
y|||3|||9|||43|||264
;|||55|||9|||91|||264
;|||58|||9|||120|||264
<|||15|||12|||44|||264
width|||2|||17|||52|||264
z|||3|||9|||48|||265
<|||16|||13|||40|||265
for|||34|||17|||112|||265
i|||93|||19|||53|||265
j|||28|||19|||59|||265
P|||1|||0|||8|||266
,|||8|||4|||9|||266
nrange|||2|||14|||87|||266
d|||2|||16|||95|||266
src|||1|||24|||6|||266
0|||3|||1|||30|||267
[|||12|||4|||72|||267
len|||2|||9|||57|||267
[|||21|||9|||114|||267
)|||52|||13|||60|||267
=|||112|||25|||90|||267
.|||1|||5|||21|||268
for|||13|||8|||33|||268
[|||1|||0|||18|||269
i|||3|||0|||37|||269
j|||10|||3|||100|||269
;|||65|||10|||45|||269
long|||2|||14|||51|||269
(|||106|||23|||43|||269
(|||66|||14|||78|||270
height|||2|||17|||58|||270
hist|||1|||19|||20|||270
num|||1|||4|||16|||271
*|||24|||10|||8|||271
start|||1|||19|||7|||271
j|||9|||3|||87|||272
1|||4|||8|||24|||272
(|||32|||8|||34|||272
"|||8|||16|||97|||272
i|||87|||16|||134|||272
const|||2|||4|||23|||273
const|||6|||13|||14|||273
,|||55|||14|||8|||273
;|||14|||3|||21|||274
void|||12|||13|||1|||274
mass_flux_x_p|||2|||13|||85|||274
int|||67|||20|||1|||274
==|||8|||25|||42|||274
int|||83|||25|||114|||274
,|||4|||3|||9|||275
real|||2|||3|||10|||275
#if|||2|||14|||17|||275
nodes|||1|||1|||14|||276
m2|||1|||5|||7|||276
buffersize|||1|||7|||8|||276
i|||72|||12|||15|||276
int|||74|||23|||11|||276
(|||6|||2|||2|||277
temp_sol|||1|||3|||8|||277
,|||16|||5|||5|||277
,|||21|||6|||13|||277
,|||26|||8|||7|||277
float|||33|||22|||8|||277
pIndexed|||1|||23|||5|||277
(|||9|||2|||44|||278
int|||5|||3|||74|||278
j|||8|||3|||83|||278
{|||41|||15|||34|||278
,|||75|||16|||100|||278
,|||46|||11|||36|||279
)|||56|||14|||65|||279
i|||90|||19|||30|||279
+|||21|||24|||23|||279
,|||3|||3|||5|||280
*|||49|||14|||6|||280
check_udpdata|||1|||7|||1|||281
,|||25|||7|||9|||281
write_graphics|||1|||16|||1|||281
;|||73|||11|||83|||282
height|||4|||17|||92|||282
;|||137|||17|||93|||282
0x00|||1|||0|||48|||283
[|||4|||2|||51|||283
n|||7|||10|||75|||283
col|||2|||11|||162|||283
)|||46|||11|||163|||283
=|||77|||15|||45|||283
site|||1|||1|||7|||284
)|||3|||1|||8|||284
v|||1|||15|||7|||284
,|||104|||24|||10|||284
ENDCOM|||2|||6|||40|||285
simd_f_t|||1|||9|||80|||285
{|||28|||12|||50|||285
(|||57|||12|||63|||285
=|||76|||15|||39|||285
"|||2|||16|||41|||285
;|||123|||16|||103|||285
j|||27|||16|||144|||285
++|||19|||17|||95|||285
C|||1|||25|||43|||285
;|||31|||4|||65|||286
MDeformWeight|||2|||4|||83|||286
}|||6|||13|||79|||287
;|||95|||13|||80|||287
0|||25|||11|||159|||288
&&|||6|||14|||19|||288
,|||64|||15|||18|||288
for|||36|||19|||23|||288
run_ppcg_init|||1|||25|||46|||288
int|||11|||4|||41|||289
;|||108|||14|||127|||289
{|||38|||14|||130|||289
cdir|||2|||14|||146|||289
tp|||2|||14|||163|||289
const|||10|||24|||19|||289
argb|||1|||24|||35|||289
=|||107|||24|||36|||289
void|||3|||2|||0|||290
07267|||1|||10|||0|||290
int|||48|||14|||0|||290
SS3D_Mtx_Transform|||1|||15|||1|||290
static|||2|||23|||0|||290
void|||20|||24|||0|||290
)|||94|||24|||50|||290
;|||81|||12|||13|||291
data_rows|||1|||16|||12|||291
*|||74|||24|||12|||291
i|||48|||9|||55|||292
)|||37|||9|||119|||292
*|||47|||13|||94|||293
cxp|||1|||14|||52|||293
(|||63|||14|||58|||293
->|||4|||17|||55|||293
count|||1|||1|||22|||294
;|||7|||1|||31|||294
;|||35|||5|||27|||294
for|||19|||11|||78|||294
)|||43|||11|||90|||294
settings|||8|||25|||95|||294
input|||1|||10|||9|||295
(|||73|||15|||2|||295
*|||59|||16|||4|||295
int|||62|||19|||3|||295
P|||2|||0|||17|||296
)|||25|||8|||13|||296
for|||33|||17|||84|||296
]|||33|||21|||9|||296
;|||151|||21|||21|||296
characters|||1|||0|||1|||297
static|||1|||1|||1|||297
=|||21|||4|||86|||297
(|||121|||25|||104|||297
->|||2|||3|||46|||298
void|||5|||4|||0|||298
void|||7|||7|||0|||298
;|||70|||11|||59|||298
*|||37|||11|||139|||298
+|||14|||11|||161|||298
int|||38|||12|||0|||298
void|||16|||18|||0|||298
void|||17|||19|||0|||298
+|||11|||11|||136|||299
=|||72|||14|||132|||299
Pixel|||4|||23|||48|||299
{|||30|||13|||26|||300
u_int|||2|||1|||13|||301
*|||19|||8|||4|||301
*|||65|||17|||22|||301
for|||8|||5|||61|||302
largest|||1|||10|||31|||302
i|||57|||10|||42|||302
=|||43|||10|||70|||302
10|||1|||2|||37|||303
[|||3|||2|||48|||303
)|||45|||11|||143|||303
]|||29|||19|||46|||303
i|||99|||21|||41|||303
<|||30|||25|||94|||303
j|||1|||2|||11|||304
(|||7|||2|||16|||304
=|||29|||7|||16|||304
y_sol|||1|||3|||60|||305
0|||11|||3|||72|||305
(|||15|||3|||78|||305
0|||12|||3|||81|||305
4|||1|||11|||145|||305
0|||9|||3|||58|||306
;|||72|||11|||77|||306
n|||11|||11|||89|||306
int|||36|||11|||101|||306
+|||13|||11|||158|||306
]|||3|||2|||50|||307
i|||28|||4|||80|||307
i|||31|||5|||63|||307
0|||15|||5|||65|||307
++|||8|||8|||31|||307
(|||53|||11|||137|||307
;|||86|||12|||42|||307
;|||135|||17|||79|||307
{|||57|||21|||63|||307
->|||7|||23|||59|||307
paddingSize|||1|||0|||14|||308
float|||2|||4|||24|||308
,|||51|||13|||19|||308
==|||3|||14|||21|||308
step_sol|||1|||3|||12|||309
,|||56|||14|||11|||309
uint|||1|||14|||12|||309
loopcnt=LOOPCNT|||1|||14|||143|||309
0xf0|||1|||24|||52|||309
=|||37|||9|||94|||310
}|||1|||9|||121|||310
(|||84|||16|||125|||310
generate_v|||1|||3|||32|||311
only_objectness|||1|||11|||38|||311
{|||46|||17|||29|||311
,|||84|||17|||32|||311
z|||5|||17|||35|||311
,|||17|||5|||12|||312
m1|||2|||5|||24|||312
=|||20|||4|||69|||313
mri|||1|||17|||5|||313
,|||89|||17|||49|||313
z|||7|||17|||76|||313
depth|||4|||17|||78|||313
100|||4|||21|||58|||313
int|||2|||2|||5|||314
i|||16|||3|||43|||314
start|||3|||19|||32|||314
=|||103|||23|||28|||314
x2|||1|||19|||49|||315
pixels|||3|||23|||52|||315
_SX|||1|||14|||18|||316
int|||65|||19|||25|||316
(|||83|||16|||118|||317
matrix|||3|||5|||6|||318
int|||18|||8|||8|||318
i|||24|||4|||50|||319
]|||19|||9|||116|||319
)|||68|||16|||49|||320
created|||1|||16|||62|||320
)|||87|||21|||62|||320
w|||1|||4|||59|||321
;|||46|||7|||38|||321
is_larger|||3|||12|||60|||321
sum|||4|||12|||69|||321
(|||77|||16|||36|||321
(|||78|||16|||45|||321
The|||1|||16|||54|||321
{|||52|||19|||70|||321
=|||93|||19|||73|||321
,|||34|||10|||10|||322
,|||81|||17|||17|||322
)|||13|||3|||89|||323
=|||28|||6|||58|||323
{|||23|||10|||49|||323
=|||68|||14|||68|||323
(|||68|||14|||108|||323
xpp|||3|||14|||117|||323
[|||33|||19|||75|||323
=|||104|||23|||50|||323
++|||28|||25|||99|||323
m2|||3|||5|||50|||324
;|||40|||6|||50|||324
i|||39|||7|||15|||324
c|||5|||7|||45|||324
FLT_MAX|||1|||10|||34|||324
for|||16|||10|||36|||324
,|||63|||15|||8|||325
mri_mask|||1|||17|||9|||325
,|||103|||24|||7|||325
i|||8|||1|||36|||326
mri|||4|||17|||66|||326
;|||133|||17|||69|||326
z|||6|||17|||72|||326
settings|||5|||25|||63|||326
padding|||1|||0|||0|||327
void|||4|||3|||0|||327
matrix|||1|||5|||0|||327
void|||6|||6|||0|||327
void|||14|||15|||0|||327
void|||15|||16|||0|||327
void|||18|||21|||0|||327
i|||6|||1|||28|||328
int|||12|||5|||10|||328
)|||75|||17|||28|||328
<<|||1|||23|||30|||328
{|||1|||0|||16|||329
get_maxnodes|||1|||1|||16|||329
in|||1|||8|||12|||329
[|||23|||10|||62|||329
101|||1|||21|||8|||329
100|||2|||21|||20|||329
,|||99|||22|||12|||329
char|||6|||16|||3|||330
i|||84|||16|||29|||330
*|||15|||6|||15|||331
schedule(static)|||1|||6|||38|||331
i|||36|||6|||56|||331
SRSLTE_SIMD_CF_SIZE|||3|||9|||59|||331
SIZEOF_USHORT|||2|||14|||75|||331
;|||103|||14|||76|||331
16|||1|||24|||49|||331
(|||2|||0|||25|||332
temp_sol|||2|||3|||24|||332
<|||4|||3|||44|||332
,|||44|||11|||27|||332
"|||10|||16|||112|||332
int|||60|||18|||8|||332
+|||20|||19|||33|||332
*|||6|||4|||11|||333
srslte_vec_div_cfc_simd|||1|||9|||1|||333
float|||12|||9|||9|||333
ncx_getn_ushort_uint|||1|||14|||1|||333
VP8LConvertBGRAToRGBA4444_C|||1|||24|||1|||333
num_pixels|||1|||24|||9|||333
realign|||3|||14|||109|||334
,|||61|||14|||118|||334
}|||8|||14|||128|||334
xp|||3|||14|||131|||334
)|||63|||14|||161|||334
[|||28|||14|||164|||334
++|||4|||3|||88|||335
;|||17|||3|||36|||336
ushort|||2|||14|||37|||336
*|||51|||14|||38|||336
realign|||1|||14|||47|||336
*|||54|||14|||62|||336
=|||84|||17|||73|||336
0|||1|||1|||0|||337
Performs|||1|||25|||0|||337
site|||2|||1|||18|||338
for|||21|||12|||37|||338
nelems|||1|||14|||10|||338
{|||47|||17|||83|||338
u_int|||1|||1|||10|||339
i|||5|||1|||11|||339
<|||2|||1|||37|||339
(|||108|||24|||27|||339
{|||63|||24|||32|||339
=|||108|||24|||44|||339
side|||8|||11|||127|||340
major|||2|||16|||119|||340
)|||73|||16|||122|||340
rows|||7|||19|||34|||340
=|||35|||9|||70|||341
0|||33|||14|||89|||341
;|||105|||14|||90|||341
LOOPCNT|||2|||14|||93|||341
=|||95|||19|||89|||341
)|||22|||7|||12|||342
dataBlockSize|||2|||0|||19|||343
(|||12|||3|||28|||343
char|||3|||7|||19|||343
x|||2|||9|||38|||343
float|||20|||11|||28|||343
j|||22|||15|||27|||343
int|||64|||19|||18|||343
.|||5|||5|||37|||344
i|||55|||10|||23|||344
]|||21|||10|||64|||344
0|||27|||12|||27|||344
long|||4|||19|||17|||344
]|||34|||21|||29|||344
;|||53|||9|||62|||345
float|||30|||19|||79|||345
;|||38|||6|||29|||346
=|||34|||9|||24|||346
0|||48|||25|||25|||346
(|||115|||25|||38|||346
=|||23|||5|||23|||347
,|||40|||11|||15|||347
)|||84|||21|||3|||347
void|||1|||0|||2|||348
weights|||2|||4|||61|||348
(|||37|||9|||47|||348
{|||42|||16|||23|||348
)|||69|||16|||71|||348
;|||130|||17|||51|||348
z|||8|||17|||80|||348
++|||21|||19|||67|||348
<=|||5|||21|||57|||348
cc|||3|||25|||34|||348
)|||104|||25|||75|||348
)|||81|||19|||38|||349
]|||38|||23|||24|||349
;|||28|||4|||43|||350
0|||30|||14|||44|||350
long|||3|||14|||55|||350
;|||106|||14|||106|||350
i|||38|||6|||67|||351
*|||21|||9|||5|||351
+=|||2|||9|||137|||351
n_x|||4|||13|||68|||351
#pragma|||7|||14|||141|||352
ENDCOM|||8|||14|||144|||352
;|||34|||5|||19|||353
i|||89|||19|||26|||353
(|||89|||17|||102|||354
]|||40|||25|||82|||354
(|||19|||5|||2|||355
sum|||5|||12|||71|||356
known_sum|||2|||12|||77|||356
true|||1|||25|||84|||357
int|||19|||8|||11|||358
*|||29|||11|||34|||358
mri_std|||1|||17|||27|||358
y|||5|||17|||33|||358
*|||69|||19|||14|||358
doors|||2|||21|||26|||358
int|||75|||23|||14|||358
dataBlockSize|||1|||0|||11|||359
j|||20|||15|||19|||359
(|||94|||19|||24|||359
omp|||1|||6|||31|||360
SRSLTE_SIMD_F_SIZE|||1|||9|||32|||360
sum|||1|||10|||26|||360
=|||49|||11|||103|||360
LOOPCNT|||1|||14|||34|||360
i|||79|||14|||155|||360
;|||152|||21|||32|||360
while|||2|||24|||26|||360
n|||2|||6|||49|||361
const|||4|||9|||8|||361
SRSLTE_SIMD_CF_SIZE|||5|||9|||132|||361
=|||86|||17|||99|||361
;|||62|||10|||29|||362
,|||43|||11|||24|||363
hi_val|||1|||17|||19|||363
=|||22|||5|||14|||364
;|||33|||5|||16|||364
cols|||2|||5|||26|||364
.|||8|||5|||51|||364
void|||8|||8|||0|||364
unsigned|||1|||0|||5|||365
buffer|||1|||7|||5|||365
*|||22|||9|||10|||365
if|||3|||9|||34|||365
=|||36|||9|||82|||365
ar|||1|||18|||4|||365
)|||79|||18|||10|||365
ENDCOM|||6|||13|||31|||366
i|||61|||10|||69|||367
j|||18|||14|||91|||367
+=|||3|||14|||92|||367
r|||2|||9|||118|||368
++|||15|||14|||160|||368
i|||23|||4|||46|||369
i|||73|||12|||39|||369
;|||143|||19|||47|||369
pixel|||1|||23|||49|||369
for|||6|||3|||77|||370
srslte_simd_cf_mul|||1|||9|||103|||370
(|||42|||9|||104|||370
for|||24|||13|||47|||370
)|||76|||17|||82|||370
temp|||1|||10|||15|||371
(|||62|||14|||54|||372
last_i|||1|||12|||25|||373
=|||75|||15|||24|||373
[|||36|||21|||27|||373
a|||5|||20|||5|||374
)|||83|||20|||6|||374
(|||26|||7|||2|||375
(|||76|||16|||2|||375
,|||69|||16|||19|||375
=|||18|||4|||47|||376
0|||13|||4|||48|||376
=|||44|||11|||51|||376
;|||91|||13|||38|||376
if|||7|||16|||117|||377
dws|||1|||4|||13|||378
const|||1|||4|||18|||378
int|||27|||11|||13|||378
=|||17|||3|||106|||379
<|||6|||4|||51|||379
(|||56|||12|||38|||379
++|||13|||13|||44|||379
ni|||4|||14|||157|||379
(|||75|||15|||43|||379
▁|||3|||16|||59|||379
fid|||4|||16|||78|||379
(|||116|||25|||47|||379
depth|||3|||17|||68|||380
(|||90|||17|||113|||380
x|||6|||17|||114|||380
;|||5|||1|||20|||381
=|||14|||3|||71|||381
=|||16|||3|||92|||381
]|||11|||4|||78|||381
matrix|||4|||5|||17|||381
m|||4|||5|||40|||381
rows|||5|||5|||52|||381
float|||6|||5|||56|||381
)|||99|||25|||35|||381
,|||106|||25|||55|||381
}|||14|||25|||71|||381
;|||170|||25|||76|||381
pp|||3|||25|||100|||381
)|||106|||25|||110|||381
*|||17|||6|||23|||382
0|||26|||12|||19|||382
\n|||2|||16|||82|||382
{|||55|||21|||25|||382
)|||8|||3|||13|||383
i|||33|||6|||43|||383
,|||27|||8|||10|||383
len|||3|||9|||130|||383
)|||41|||11|||39|||383
;|||121|||16|||74|||383
[|||40|||22|||10|||383
,|||23|||6|||21|||384
for|||10|||6|||41|||384
(|||25|||6|||59|||384
=|||54|||12|||22|||384
-|||2|||3|||102|||385
add_thresh|||1|||4|||32|||385
box_index|||2|||11|||157|||385
parallel|||1|||6|||32|||386
)|||20|||6|||53|||386
{|||21|||9|||124|||386
=|||39|||10|||27|||386
j|||23|||15|||32|||386
x1|||1|||19|||41|||386
i|||98|||21|||37|||386
30|||1|||23|||31|||386
=|||111|||25|||83|||386
for|||3|||2|||15|||387
mtx|||1|||15|||10|||387
{|||40|||15|||12|||387
*|||50|||14|||13|||388
)|||95|||24|||53|||388
;|||16|||3|||31|||389
(|||14|||3|||38|||389
,|||14|||4|||33|||389
rem_thresh|||1|||4|||38|||389
(|||17|||4|||45|||389
(|||27|||7|||24|||389
{|||16|||7|||42|||389
=|||40|||10|||32|||389
omp|||4|||12|||30|||389
int|||61|||18|||14|||389
;|||141|||19|||29|||389
i|||94|||21|||14|||389
+|||4|||6|||64|||390
=|||99|||21|||53|||390
mri_dof|||1|||17|||13|||391
uint8_t|||1|||24|||11|||391
dst|||1|||24|||13|||391
src|||2|||24|||22|||391
(|||1|||0|||4|||392
n|||1|||6|||4|||392
(|||93|||19|||2|||392
i|||51|||9|||88|||393
)|||102|||25|||57|||393
;|||169|||25|||58|||393
)|||21|||6|||69|||394
i|||46|||8|||30|||394
[|||25|||11|||148|||394
&&|||7|||14|||86|||394
argb|||3|||24|||57|||394
;|||8|||2|||9|||395
;|||87|||12|||46|||395
0|||39|||17|||74|||395
;|||142|||19|||35|||395
{|||54|||21|||4|||395
<|||19|||14|||156|||396
FILE|||1|||16|||24|||396
;|||120|||16|||72|||396
j|||30|||19|||68|||396
for|||39|||21|||34|||396
++|||24|||21|||60|||396
if|||9|||25|||37|||396
->|||11|||25|||78|||396
{|||68|||25|||102|||396
srslte_simd_cfi_load|||1|||9|||71|||397
(|||39|||9|||72|||397
&|||4|||9|||112|||397
n_x|||3|||13|||58|||397
1|||10|||13|||70|||397
+|||17|||13|||71|||397
;|||22|||3|||73|||398
j|||7|||3|||79|||398
[|||2|||0|||42|||399
i|||15|||3|||39|||400
.|||4|||5|||33|||400
+|||3|||5|||49|||400
=|||27|||6|||44|||400
)|||38|||10|||20|||400
{|||24|||11|||40|||400
for|||22|||13|||30|||400
width|||1|||17|||37|||400
val|||3|||17|||44|||400
int|||71|||21|||51|||400
]|||37|||22|||11|||400
i|||11|||2|||21|||401
;|||43|||7|||21|||401
=|||32|||8|||23|||401
;|||51|||9|||26|||401
pixels|||2|||23|||21|||401
const|||9|||24|||16|||401
;|||56|||9|||99|||402
a|||6|||22|||4|||402
;|||157|||22|||19|||402
SqareDown|||1|||2|||1|||403
m1|||1|||5|||4|||403
test_omp_parallel_for_ordered|||1|||12|||1|||403
door|||1|||21|||1|||403
=|||41|||10|||39|||404
j|||35|||21|||61|||404
++|||9|||10|||46|||405
input|||2|||10|||52|||405
;|||32|||4|||82|||406
1|||12|||13|||89|||406
(|||114|||25|||21|||406
;|||20|||3|||59|||407
side|||3|||11|||58|||407
{|||25|||11|||63|||407
)|||48|||12|||49|||407
+=|||1|||9|||64|||408
simd_cf_t|||1|||9|||68|||408
[|||20|||9|||87|||408
rcpb|||2|||9|||107|||408
(|||72|||14|||168|||409
rows|||2|||5|||34|||410
{|||22|||10|||21|||410
int|||32|||11|||41|||410
VEC4|||3|||15|||13|||410
,|||87|||17|||38|||410
,|||1|||0|||9|||411
site_def|||1|||1|||5|||411
num_pixels|||2|||24|||24|||411
;|||30|||4|||53|||412
)|||39|||10|||48|||412
*|||56|||14|||120|||412
)|||74|||16|||136|||412
halo_update_driver|||1|||25|||103|||412
;|||37|||5|||60|||413
schedule(static,1)|||1|||12|||33|||414
100|||1|||12|||45|||414
for|||2|||1|||26|||415
,|||13|||4|||30|||415
;|||85|||12|||28|||415
"|||5|||16|||80|||415
private(i)|||1|||12|||34|||416
;|||119|||16|||43|||416
;|||1|||0|||23|||417
++|||1|||0|||38|||417
&&|||1|||1|||35|||417
if|||1|||2|||43|||417
*|||33|||11|||107|||417
float|||17|||10|||30|||418
update_ghost_nodes|||1|||3|||22|||419
i|||58|||10|||47|||419
+|||15|||12|||72|||419
=|||67|||14|||53|||419
,|||71|||16|||38|||419
||||1|||24|||54|||419
=|||26|||5|||64|||420
ii|||3|||12|||73|||420
x|||7|||17|||118|||420
pIndexed|||2|||23|||58|||420
ppcg_inner_iterations|||1|||25|||9|||421
=|||66|||14|||48|||422
{|||4|||2|||4|||423
largest|||3|||10|||59|||423
int|||68|||21|||5|||423
;|||21|||3|||66|||424
0|||20|||10|||28|||424
]|||24|||11|||160|||424
)|||65|||15|||33|||424
=|||98|||21|||38|||424
,|||72|||16|||79|||425
(|||81|||16|||87|||425
]|||4|||3|||56|||426
int|||7|||4|||15|||426
float|||13|||10|||7|||426
float|||28|||19|||48|||426
rand_r|||2|||19|||51|||426
100000|||1|||19|||65|||426
float|||29|||19|||71|||426
{|||60|||23|||17|||426
]|||22|||11|||122|||427
*|||43|||13|||73|||427
xdim0_update_halo_kernel3_minus_4_b|||1|||13|||74|||427
*|||44|||13|||75|||427
1|||11|||13|||76|||427
->|||12|||25|||96|||427
;|||9|||2|||14|||428
;|||18|||3|||42|||428
]|||14|||6|||57|||428
i|||43|||8|||16|||428
d|||3|||16|||110|||428
;|||124|||16|||116|||428
for|||40|||21|||49|||428
SRSLTE_IS_ALIGNED|||3|||9|||46|||429
y_size|||2|||13|||41|||429
;|||92|||13|||42|||429
▁|||2|||16|||57|||429
#pragma|||4|||12|||29|||430
ENDCOM|||4|||12|||36|||430
(|||3|||1|||4|||431
!=|||1|||7|||46|||432
pp|||2|||25|||93|||432
ENDCOM|||7|||14|||23|||433
[|||27|||14|||33|||433
shortloop|||1|||14|||147|||433
)|||50|||13|||25|||434
parallel|||3|||13|||29|||434
for|||23|||13|||32|||434
int|||46|||13|||34|||434
n_y|||1|||13|||35|||434
;|||11|||2|||24|||435
i|||14|||3|||16|||435
,|||94|||19|||5|||435
(|||107|||24|||2|||435
]|||1|||0|||20|||436
0|||5|||2|||13|||436
j|||17|||14|||83|||436
fid|||5|||16|||88|||436
for|||35|||18|||12|||436
for|||42|||25|||20|||436
19|||1|||2|||19|||437
nodes|||3|||3|||45|||437
internal_count|||1|||3|||47|||437
;|||47|||8|||19|||437
h|||1|||11|||23|||437
side|||9|||11|||129|||437
;|||99|||14|||40|||437
nrange|||1|||14|||42|||437
int|||50|||14|||46|||437
;|||24|||3|||82|||438
;|||78|||11|||146|||438
[|||39|||22|||5|||438
time_step|||2|||3|||29|||439
neighbors|||1|||3|||95|||439
=|||58|||12|||61|||440
▁|||6|||16|||67|||440
,|||76|||16|||107|||440
=|||80|||16|||141|||440
0|||46|||21|||70|||440
(|||102|||21|||78|||440
simd_cf_t|||2|||9|||100|||441
)|||36|||9|||108|||441
;|||57|||9|||109|||441
(|||71|||14|||150|||441
i|||78|||14|||151|||441
]|||13|||4|||92|||442
]|||7|||3|||98|||443
]|||8|||3|||101|||443
num|||5|||11|||97|||443
*|||45|||13|||88|||443
i|||37|||6|||62|||444
input|||3|||10|||61|||444
j|||21|||15|||23|||444
}|||10|||16|||75|||444
cc|||4|||25|||52|||444
)|||103|||25|||68|||444
*|||67|||17|||47|||445
for|||32|||17|||70|||445
<|||24|||17|||91|||445
pmask|||2|||17|||98|||445
int|||55|||16|||20|||446
;|||117|||16|||27|||446
{|||43|||16|||50|||446
{|||11|||4|||57|||447
+|||18|||13|||86|||447
xdim1_update_halo_kernel3_minus_4_b|||1|||13|||93|||447
mri|||2|||17|||54|||447
fprintf|||1|||16|||76|||448
)|||70|||16|||84|||448
{|||67|||25|||69|||448
fid|||1|||16|||26|||449
(|||101|||21|||65|||449
doors|||3|||21|||73|||449
file|||1|||16|||56|||450
was|||1|||16|||58|||450
memcpy|||1|||14|||112|||451
tmp|||2|||14|||114|||451
cdir|||1|||14|||142|||451
#pragma|||3|||6|||73|||452
check_i_islarger2|||1|||12|||62|||452
)|||55|||14|||63|||452
&|||5|||14|||71|||452
*|||1|||0|||7|||453
m|||5|||8|||6|||453
,|||98|||22|||7|||453
n|||4|||8|||28|||454
(|||48|||10|||68|||454
j|||38|||22|||18|||454
cc|||5|||25|||115|||454
}|||7|||13|||98|||455
;|||110|||14|||154|||455
=|||3|||0|||47|||456
val|||2|||3|||105|||456
num|||6|||11|||112|||456
)|||60|||14|||110|||456
void|||9|||9|||0|||457
&&|||4|||9|||45|||457
i|||49|||9|||63|||457
simd_f_t|||2|||9|||92|||457
i|||18|||3|||55|||458
]|||5|||3|||63|||458
;|||64|||10|||41|||458
*|||64|||17|||12|||458
=|||85|||17|||87|||458
y|||9|||17|||107|||458
,|||92|||17|||108|||458
,|||33|||9|||117|||459
*|||34|||11|||111|||459
1|||13|||13|||95|||459
xdim1_update_halo_kernel3_minus_4_b|||2|||13|||97|||459
,|||91|||17|||106|||459
index|||1|||3|||75|||460
<|||5|||3|||84|||460
=|||94|||19|||81|||460
[|||42|||25|||51|||461
FORTRAN|||1|||25|||67|||461
for|||1|||0|||24|||462
++|||5|||4|||55|||462
;|||160|||23|||35|||462
p_index|||2|||11|||121|||463
(|||58|||13|||3|||464
*|||62|||17|||4|||464
MRI|||2|||17|||7|||464
,|||95|||19|||8|||464
Pixel|||2|||23|||7|||464
for|||11|||7|||29|||465
#pragma|||5|||12|||55|||465
printf|||1|||16|||51|||465
opened|||1|||16|||64|||465
}|||11|||21|||33|||465
%|||6|||21|||67|||465
j|||37|||21|||75|||465
;|||165|||24|||40|||465
[|||19|||9|||75|||466
]|||25|||14|||35|||466
settings|||2|||25|||29|||466
->|||8|||25|||30|||466
<|||23|||17|||77|||467
(|||111|||24|||55|||467
0xf|||1|||24|||62|||467
const|||13|||24|||65|||467
?|||1|||4|||74|||468
{|||48|||17|||97|||468
,|||45|||11|||32|||469
*|||61|||16|||25|||469
;|||132|||17|||63|||469
(|||99|||21|||35|||469
uint64_t|||1|||0|||10|||470
x|||1|||9|||6|||470
i|||66|||11|||61|||470
MRI|||5|||17|||25|||470
float|||7|||6|||6|||471
out|||1|||15|||4|||471
fp|||1|||16|||7|||471
,|||100|||23|||6|||471
paddingChar|||1|||0|||3|||472
(|||30|||8|||2|||472
inner|||1|||25|||2|||472
(|||10|||3|||2|||473
time_step|||1|||3|||4|||473
*|||5|||4|||4|||473
(|||33|||9|||2|||473
,|||65|||16|||6|||473
PPCG|||1|||25|||6|||473
0|||6|||2|||23|||474
=|||30|||7|||23|||474
\n|||3|||16|||96|||474
<|||21|||16|||131|||474
{|||8|||3|||52|||475
=|||13|||3|||64|||475
i|||20|||3|||69|||475
nelems|||2|||14|||85|||475
-|||6|||14|||101|||475
->|||6|||17|||67|||475
;|||156|||21|||59|||475
int|||1|||0|||26|||476
.|||7|||5|||47|||476
i|||100|||21|||45|||476
hv_sol|||1|||3|||67|||477
i|||25|||4|||54|||477
(|||87|||17|||71|||477
for|||37|||19|||56|||477
;|||145|||19|||62|||477
argb|||2|||24|||47|||477
i|||27|||4|||77|||478
?|||2|||4|||88|||478
nowait_example2|||1|||6|||1|||479
softmax_array|||1|||10|||5|||479
zero_array|||1|||18|||1|||479
calc_angles_RR|||1|||19|||1|||479
(|||97|||21|||2|||479
real|||1|||3|||6|||480
rows|||1|||5|||30|||480
int|||13|||6|||3|||480
,|||19|||6|||5|||480
const|||3|||9|||3|||480
(|||61|||14|||2|||480
VEC4|||1|||15|||3|||480
miIndexedPtr|||1|||23|||4|||480
int|||80|||24|||8|||480
dv|||1|||4|||68|||481
pp|||1|||25|||89|||482
boxes|||1|||11|||35|||483
gray|||1|||23|||15|||483
<|||3|||2|||36|||484
x_sol|||1|||3|||53|||484
[|||6|||3|||61|||484
#pragma|||1|||6|||30|||484
#pragma|||2|||6|||35|||484
=|||33|||8|||36|||484
ptr_double|||1|||13|||62|||485
)|||24|||7|||41|||486
,|||101|||23|||10|||486
int|||76|||23|||26|||486
*|||73|||24|||5|||486
{|||62|||24|||15|||486
for|||12|||8|||20|||487
(|||46|||10|||37|||487
j|||14|||11|||44|||487
for|||18|||11|||48|||487
(|||50|||11|||49|||487
=|||65|||14|||43|||487
)|||92|||24|||14|||487
Settings|||1|||25|||15|||487
=|||10|||2|||32|||488
++|||2|||2|||40|||488
n_x|||1|||13|||50|||488
=|||62|||13|||51|||488
x_size|||2|||13|||56|||488
;|||94|||13|||57|||488
(|||118|||25|||62|||488
,|||31|||9|||16|||489
)|||27|||9|||20|||489
cc|||1|||25|||23|||489
=|||110|||25|||24|||489
<=|||1|||0|||32|||490
int|||3|||2|||10|||490
=|||8|||2|||12|||490
0|||17|||7|||17|||490
-|||4|||9|||131|||490
;|||104|||14|||82|||490
len|||4|||18|||9|||490
{|||49|||18|||11|||490
for|||38|||21|||11|||490
)|||6|||2|||27|||491
i|||21|||3|||97|||491
(|||22|||5|||62|||491
]|||16|||6|||68|||491
)|||30|||9|||49|||491
+|||6|||9|||133|||491
<|||11|||10|||43|||491
0|||22|||10|||71|||491
[|||29|||15|||36|||491
)|||88|||21|||71|||491
side|||1|||11|||17|||492
++|||11|||11|||88|||492
+|||7|||11|||98|||492
;|||75|||11|||100|||492
;|||90|||12|||74|||492
int|||69|||21|||13|||492
,|||50|||13|||13|||493
,|||52|||13|||22|||493
uint32_t|||2|||24|||17|||493
rcpb|||1|||9|||93|||494
b|||4|||9|||97|||494
)|||35|||9|||98|||494
num|||7|||11|||134|||494
;|||174|||25|||111|||494
for|||44|||25|||112|||494
matrix|||2|||5|||3|||495
int|||28|||11|||16|||495
)|||29|||9|||44|||496
cube_s|||1|||20|||2|||496
short|||1|||20|||4|||496
weightvg_update_vg|||1|||4|||1|||497
(|||16|||4|||2|||497
int|||6|||4|||7|||497
:|||2|||4|||93|||497
const|||7|||14|||3|||497
(|||64|||14|||59|||497
(|||86|||17|||2|||497
filename|||2|||16|||37|||498
(|||82|||16|||105|||498
bestDist|||1|||23|||27|||499
