(|||19|||3|||33|||0
[|||31|||3|||193|||0
[|||44|||6|||66|||0
[|||59|||9|||87|||0
i|||98|||9|||88|||0
[|||62|||9|||160|||0
i|||103|||9|||161|||0
[|||66|||9|||219|||0
[|||96|||15|||70|||0
[|||102|||19|||52|||0
[|||104|||19|||83|||0
[|||112|||22|||10|||0
[|||114|||22|||40|||0
[|||116|||23|||61|||0
;|||4|||0|||49|||1
;|||36|||3|||128|||1
;|||66|||6|||72|||1
;|||113|||10|||96|||1
;|||142|||12|||13|||1
;|||150|||12|||68|||1
;|||153|||12|||118|||1
;|||160|||13|||80|||1
;|||172|||14|||90|||1
;|||179|||14|||188|||1
(|||155|||16|||190|||1
;|||234|||17|||111|||1
;|||237|||17|||143|||1
;|||289|||23|||70|||1
0xf|||1|||24|||62|||1
)|||211|||24|||63|||1
;|||298|||24|||64|||1
const|||17|||24|||65|||1
;|||306|||25|||58|||1
for|||8|||4|||44|||2
(|||27|||4|||45|||2
for|||18|||8|||20|||2
for|||26|||11|||48|||2
for|||37|||15|||21|||2
for|||54|||22|||20|||2
xdim0_update_halo_kernel3_minus_4_b|||1|||13|||74|||3
1|||20|||13|||76|||3
xdim0_update_halo_kernel3_minus_4_b|||2|||13|||78|||3
xdim1_update_halo_kernel3_minus_4_b|||1|||13|||93|||3
*|||63|||13|||94|||3
1|||22|||13|||95|||3
xdim1_update_halo_kernel3_minus_4_b|||2|||13|||97|||3
;|||8|||1|||12|||4
;|||41|||4|||43|||4
;|||63|||6|||29|||4
;|||88|||9|||54|||4
;|||105|||10|||24|||4
;|||143|||12|||16|||4
;|||277|||22|||19|||4
node_no|||1|||1|||21|||5
p_index|||1|||11|||102|||5
p_index|||2|||11|||121|||5
box_index|||1|||11|||125|||5
box_index|||2|||11|||157|||5
box_index|||4|||11|||202|||5
class_index|||1|||11|||260|||5
class_index|||2|||11|||273|||5
index|||9|||11|||280|||5
[|||18|||3|||108|||6
[|||34|||4|||62|||6
[|||43|||6|||61|||6
[|||48|||6|||130|||6
%|||2|||7|||63|||6
[|||65|||9|||214|||6
[|||67|||10|||53|||6
[|||69|||10|||86|||6
[|||71|||10|||142|||6
"|||20|||16|||182|||6
[|||101|||19|||44|||6
[|||103|||19|||75|||6
;|||13|||1|||61|||7
;|||21|||2|||83|||7
;|||61|||5|||123|||7
;|||118|||10|||150|||7
;|||187|||14|||257|||7
;|||191|||14|||296|||7
;|||246|||18|||33|||7
;|||261|||20|||14|||7
;|||265|||21|||32|||7
180.0f|||1|||19|||146|||8
;|||259|||19|||147|||8
4.0f|||1|||19|||154|||8
=|||20|||3|||80|||9
=|||83|||11|||248|||9
n_y|||1|||13|||35|||9
=|||99|||13|||36|||9
n_y|||2|||13|||39|||9
n_y|||3|||13|||43|||9
=|||122|||15|||24|||9
▁|||23|||16|||224|||9
=|||134|||17|||87|||9
index|||1|||3|||75|||10
index|||2|||3|||91|||10
index|||3|||3|||109|||10
count|||3|||5|||81|||10
index|||4|||11|||93|||10
index|||6|||11|||171|||10
ni|||3|||14|||119|||10
mask|||2|||17|||144|||10
)|||11|||1|||60|||11
]|||27|||3|||157|||11
)|||28|||4|||99|||11
;|||49|||4|||141|||11
]|||41|||5|||122|||11
]|||46|||6|||102|||11
)|||44|||6|||103|||11
;|||69|||6|||104|||11
)|||79|||10|||111|||11
d|||7|||16|||92|||11
{|||69|||16|||202|||11
)|||185|||19|||138|||11
}|||88|||21|||140|||11
printf|||3|||21|||141|||11
SqareDown|||1|||2|||1|||12
nowait_example2|||1|||6|||1|||12
copy0|||1|||22|||1|||12
boxes|||2|||11|||147|||13
[|||73|||11|||148|||13
index|||5|||11|||149|||13
]|||73|||11|||150|||13
]|||75|||11|||172|||13
]|||82|||11|||281|||13
[|||16|||3|||96|||14
?|||2|||4|||88|||14
[|||37|||4|||90|||14
i|||51|||4|||91|||14
i|||84|||7|||77|||15
;|||207|||16|||74|||15
"|||13|||16|||90|||15
i|||183|||21|||136|||15
}|||89|||21|||152|||15
largest|||3|||10|||59|||16
sum|||2|||10|||81|||16
temp|||3|||10|||94|||16
sum|||3|||10|||100|||16
sum|||4|||10|||102|||16
known_sum|||1|||12|||12|||16
sum|||10|||12|||69|||16
known_sum|||2|||12|||77|||16
sum|||12|||12|||95|||16
known_sum|||3|||12|||114|||16
sum|||14|||12|||116|||16
known_sum|||4|||12|||141|||16
sum|||15|||12|||143|||16
memcpy|||1|||14|||112|||16
nrange|||3|||14|||189|||16
status|||2|||14|||293|||16
X_SIZEOF_USHORT|||1|||14|||20|||17
SIZEOF_USHORT|||1|||14|||22|||17
SIZEOF_USHORT|||2|||14|||75|||17
SIZEOF_USHORT|||3|||14|||121|||17
X_SIZEOF_USHORT|||2|||14|||270|||17
WEBP_SWAP_16BIT_CSP|||1|||24|||91|||17
)|||32|||4|||131|||18
;|||48|||4|||132|||18
)|||100|||12|||117|||18
*|||72|||14|||120|||18
)|||134|||14|||285|||18
settings|||4|||25|||56|||18
)|||221|||25|||57|||18
,|||8|||4|||9|||19
,|||120|||17|||10|||19
,|||147|||18|||7|||19
,|||156|||23|||6|||19
,|||161|||25|||14|||19
,|||164|||25|||108|||19
=|||5|||0|||74|||20
=|||9|||1|||56|||20
]|||12|||2|||80|||20
=|||15|||2|||81|||20
=|||40|||6|||96|||20
=|||42|||6|||128|||20
=|||51|||8|||74|||20
=|||70|||10|||138|||20
]|||83|||11|||284|||20
=|||86|||11|||285|||20
=|||87|||11|||309|||20
=|||180|||25|||83|||20
=|||183|||25|||196|||20
check_udpdata|||1|||7|||1|||21
FindBestGray|||1|||23|||2|||21
pixels|||2|||23|||21|||21
->|||6|||3|||135|||22
[|||23|||3|||137|||22
[|||76|||11|||178|||22
(|||109|||13|||121|||22
->|||16|||25|||64|||22
9|||1|||0|||35|||23
8|||1|||0|||60|||23
8|||2|||0|||81|||23
8|||3|||0|||92|||23
19|||1|||2|||19|||23
7|||1|||14|||72|||23
8|||4|||23|||78|||23
16|||1|||24|||49|||23
12|||1|||24|||59|||23
x|||1|||9|||6|||24
x|||2|||9|||38|||24
x|||3|||9|||74|||24
x|||4|||9|||147|||24
x|||5|||9|||213|||24
]|||58|||9|||77|||25
)|||61|||9|||78|||25
;|||90|||9|||79|||25
]|||61|||9|||150|||25
)|||67|||9|||151|||25
;|||97|||9|||152|||25
private(i)|||1|||12|||34|||25
P|||4|||0|||66|||26
m|||1|||5|||18|||26
m|||2|||5|||20|||26
m|||3|||5|||28|||26
m|||4|||5|||40|||26
m|||5|||5|||77|||26
m|||6|||5|||109|||26
m|||8|||8|||6|||26
m|||9|||8|||54|||26
m|||10|||8|||67|||26
a|||1|||6|||8|||27
a|||2|||6|||60|||27
a|||3|||6|||136|||27
a|||4|||9|||69|||27
a|||6|||9|||142|||27
input|||1|||10|||9|||27
input|||2|||10|||52|||27
input|||4|||10|||85|||27
input|||5|||10|||141|||27
input|||6|||16|||9|||27
}|||68|||16|||250|||27
a|||8|||20|||5|||27
a|||9|||20|||9|||27
a|||10|||20|||11|||27
a|||12|||22|||4|||27
a|||13|||22|||34|||27
src|||1|||24|||6|||27
src|||4|||24|||38|||27
for|||16|||6|||111|||28
(|||45|||6|||112|||28
for|||25|||10|||120|||28
(|||80|||10|||121|||28
for|||28|||11|||245|||28
(|||93|||11|||246|||28
for|||36|||14|||258|||28
(|||133|||14|||259|||28
;|||188|||14|||260|||28
for|||53|||21|||97|||28
(|||195|||21|||98|||28
_|||1|||12|||94|||29
was|||1|||16|||58|||29
▁|||17|||16|||59|||29
not|||1|||16|||60|||29
j|||5|||2|||52|||30
j|||13|||3|||100|||30
j|||14|||3|||124|||30
j|||21|||8|||51|||30
j|||22|||8|||59|||30
j|||28|||11|||275|||30
j|||29|||11|||283|||30
j|||41|||15|||66|||30
fclose|||1|||16|||252|||30
const|||3|||9|||3|||31
const|||4|||9|||8|||31
const|||7|||14|||3|||31
const|||8|||14|||240|||31
const|||9|||14|||246|||31
const|||11|||14|||302|||31
const|||12|||24|||3|||31
global_node_set|||1|||1|||40|||32
global_node_set|||2|||1|||50|||32
update_ghost_nodes|||1|||3|||22|||32
weightvg_update_vg|||1|||4|||1|||32
defvert_remove_group|||1|||4|||126|||32
srslte_vec_div_cfc_simd|||1|||9|||1|||32
srslte_simd_cfi_load|||1|||9|||71|||32
convert_coco_detections|||1|||11|||1|||32
SS3D_Mtx_Transform|||1|||15|||1|||32
VP8LConvertBGRAToRGBA4444_C|||1|||24|||1|||32
run_ppcg_init|||1|||25|||46|||32
halo_update_driver|||1|||25|||103|||32
run_ppcg_inner_iteration|||1|||25|||138|||32
)|||81|||10|||149|||33
)|||109|||13|||128|||33
;|||162|||13|||129|||33
)|||128|||14|||187|||33
fprintf|||4|||16|||76|||33
#if|||1|||9|||27|||34
#if|||2|||14|||17|||34
&&|||9|||14|||19|||34
#if|||3|||24|||89|||34
i|||17|||2|||17|||35
i|||88|||8|||22|||35
i|||126|||11|||50|||35
i|||166|||19|||26|||35
*|||39|||11|||57|||36
side|||3|||11|||58|||36
*|||54|||12|||81|||36
▁|||1|||7|||61|||37
[|||51|||7|||62|||37
▁|||2|||7|||66|||37
!|||1|||7|||67|||37
=|||46|||7|||68|||37
▁|||5|||12|||96|||37
=|||96|||12|||97|||37
▁|||6|||12|||98|||37
▁|||8|||12|||103|||37
sum|||13|||12|||104|||37
▁|||9|||12|||105|||37
=|||97|||12|||106|||37
▁|||10|||12|||107|||37
if|||2|||4|||110|||38
(|||30|||4|||111|||38
if|||9|||10|||98|||38
(|||78|||10|||99|||38
if|||10|||11|||297|||38
(|||95|||11|||298|||38
if|||11|||13|||100|||38
(|||106|||13|||101|||38
if|||12|||13|||130|||38
(|||110|||13|||131|||38
if|||14|||14|||199|||38
(|||129|||14|||200|||38
data_rows|||3|||16|||132|||38
if|||20|||19|||122|||38
(|||184|||19|||123|||38
}|||1|||0|||50|||39
}|||27|||8|||64|||39
}|||38|||10|||97|||39
}|||41|||11|||296|||39
}|||42|||11|||312|||39
}|||56|||14|||198|||39
}|||58|||14|||297|||39
"|||11|||16|||80|||39
}|||82|||21|||33|||39
}|||83|||21|||89|||39
]|||99|||18|||6|||40
]|||111|||22|||6|||40
,|||154|||22|||7|||40
]|||115|||23|||24|||40
+|||1|||0|||44|||41
+|||2|||0|||69|||41
paddingSize|||3|||0|||70|||41
+|||7|||5|||49|||41
+|||10|||9|||60|||41
+|||11|||9|||133|||41
+|||12|||10|||107|||41
+|||23|||11|||203|||41
+|||24|||11|||230|||41
+|||25|||11|||274|||41
{|||68|||16|||188|||41
}|||70|||16|||257|||41
+|||37|||24|||98|||41
+|||38|||24|||99|||41
m2|||3|||5|||50|||42
m2|||4|||5|||101|||42
m2|||5|||5|||117|||42
check_i_islarger2|||1|||12|||62|||42
y2|||1|||19|||80|||42
y2|||2|||19|||92|||42
;|||39|||3|||207|||43
)|||29|||4|||108|||43
;|||47|||4|||109|||43
)|||37|||5|||59|||43
buffersize|||3|||7|||89|||43
(|||144|||16|||45|||43
▁|||21|||16|||93|||43
;|||256|||19|||121|||43
(|||10|||1|||27|||44
(|||38|||5|||62|||44
(|||43|||6|||80|||44
(|||60|||9|||53|||44
(|||119|||14|||78|||44
(|||124|||14|||150|||44
(|||151|||16|||139|||44
for|||44|||17|||70|||44
(|||162|||17|||71|||44
<=|||1|||0|||32|||45
<=|||2|||0|||59|||45
>=|||1|||2|||22|||45
<=|||3|||6|||118|||45
<=|||4|||8|||27|||45
<=|||6|||17|||157|||45
<=|||7|||21|||19|||45
<=|||8|||21|||42|||45
<=|||10|||21|||105|||45
;|||1|||0|||23|||46
;|||9|||1|||20|||46
)|||17|||3|||25|||46
;|||23|||3|||26|||46
;|||141|||12|||10|||46
;|||165|||14|||36|||46
]|||106|||21|||9|||46
;|||262|||21|||10|||46
;|||282|||23|||25|||46
float|||1|||3|||3|||47
FLT|||1|||8|||3|||47
thresh|||2|||11|||289|||47
]|||5|||2|||50|||48
[|||6|||2|||51|||48
]|||16|||3|||98|||48
[|||17|||3|||99|||48
[|||55|||8|||58|||48
i|||10|||1|||11|||49
i|||44|||4|||42|||49
i|||52|||5|||11|||49
i|||61|||6|||28|||49
i|||79|||7|||15|||49
i|||94|||9|||23|||49
i|||110|||10|||23|||49
i|||135|||12|||15|||49
}|||24|||7|||91|||50
=|||67|||10|||103|||50
sum|||6|||10|||114|||50
=|||68|||10|||115|||50
largest|||6|||10|||116|||50
=|||82|||11|||224|||50
=|||104|||13|||147|||50
=|||112|||14|||132|||50
=|||115|||14|||204|||50
=|||116|||14|||222|||50
=|||121|||14|||300|||50
=|||150|||19|||134|||50
=|||151|||19|||141|||50
=|||167|||23|||82|||50
=|||170|||23|||109|||50
0x80|||1|||0|||22|||51
=|||17|||3|||57|||51
0|||10|||3|||58|||51
0|||11|||3|||65|||51
0.|||1|||15|||40|||51
0|||63|||18|||32|||51
0|||65|||21|||31|||51
j|||10|||3|||79|||52
j|||12|||3|||87|||52
j|||25|||11|||247|||52
j|||26|||11|||251|||52
j|||31|||14|||79|||52
j|||32|||14|||83|||52
j|||33|||14|||91|||52
j|||36|||15|||23|||52
j|||63|||22|||22|||52
g_arrBackGroud|||4|||2|||74|||53
i|||23|||2|||76|||53
i|||36|||3|||148|||53
count|||4|||5|||113|||53
i|||93|||8|||69|||53
i|||182|||21|||116|||53
Wx|||1|||3|||117|||54
->|||5|||3|||118|||54
val|||3|||3|||119|||54
val|||5|||3|||136|||54
vals|||3|||5|||87|||54
low_val|||1|||17|||16|||54
low_val|||2|||17|||154|||54
pif|||1|||19|||144|||55
0|||71|||24|||73|||55
)|||212|||24|||74|||55
&|||13|||24|||75|||55
real|||1|||3|||6|||56
*|||5|||3|||7|||56
*|||22|||6|||7|||56
temp|||5|||10|||146|||56
*|||66|||14|||13|||56
*|||98|||19|||10|||56
=|||21|||3|||92|||57
=|||65|||10|||60|||57
=|||75|||11|||94|||57
=|||78|||11|||126|||57
=|||84|||11|||261|||57
=|||93|||12|||61|||57
=|||110|||14|||97|||57
=|||125|||16|||34|||57
=|||135|||17|||99|||57
=|||172|||24|||36|||57
=|||56|||9|||102|||58
=|||60|||9|||175|||58
=|||138|||17|||162|||58
=|||148|||19|||96|||58
=|||166|||23|||72|||58
=|||168|||23|||92|||58
,|||13|||4|||30|||59
(|||29|||4|||102|||59
w|||2|||4|||103|||59
,|||17|||4|||104|||59
uint64_t|||2|||0|||13|||60
paddingSize|||1|||0|||14|||60
paddingSize|||2|||0|||33|||60
major|||1|||16|||18|||60
;|||28|||3|||59|||61
;|||29|||3|||66|||61
;|||30|||3|||73|||61
;|||75|||7|||28|||61
;|||106|||10|||29|||61
;|||144|||12|||20|||61
;|||198|||15|||41|||61
;|||308|||25|||85|||61
const|||1|||4|||18|||62
const|||2|||4|||23|||62
const|||5|||9|||17|||62
const|||6|||13|||14|||62
)|||31|||4|||124|||63
{|||16|||4|||125|||63
)|||33|||4|||152|||63
{|||18|||4|||153|||63
)|||45|||6|||123|||63
)|||58|||9|||49|||63
)|||59|||9|||50|||63
)|||166|||17|||139|||63
)|||168|||17|||159|||63
{|||75|||17|||160|||63
)|||205|||23|||102|||63
==|||4|||12|||142|||64
==|||6|||13|||136|||64
i|||156|||16|||134|||64
==|||17|||24|||92|||64
==|||19|||25|||66|||64
settings|||13|||25|||175|||64
kernel_language|||4|||25|||177|||64
==|||21|||25|||178|||64
dr|||1|||23|||37|||65
dr|||2|||23|||81|||65
ba|||1|||24|||67|||65
cc|||1|||25|||23|||65
cc|||2|||25|||27|||65
pp|||1|||25|||89|||65
pp|||2|||25|||93|||65
cc|||5|||25|||115|||65
cc|||6|||25|||119|||65
cc|||7|||25|||126|||65
->|||2|||1|||49|||66
->|||9|||4|||137|||66
ncx_getn_ushort_uint|||1|||14|||1|||67
ncx_get_ushort_uint|||1|||14|||280|||67
SRSLTE_SIMD_CF_SIZE|||1|||9|||28|||68
SRSLTE_SIMD_CF_SIZE|||2|||9|||30|||68
SRSLTE_SIMD_F_SIZE|||1|||9|||32|||68
SRSLTE_SIMD_CF_SIZE|||3|||9|||59|||68
SRSLTE_SIMD_CF_SIZE|||4|||9|||65|||68
SRSLTE_SIMD_CF_SIZE|||5|||9|||132|||68
SRSLTE_SIMD_CF_SIZE|||6|||9|||138|||68
*|||25|||6|||19|||69
*|||28|||8|||4|||69
*|||29|||8|||5|||69
*|||36|||11|||29|||69
*|||37|||11|||30|||69
*|||67|||14|||38|||69
*|||71|||14|||116|||69
*|||87|||16|||25|||69
*|||94|||17|||26|||69
*|||95|||17|||47|||69
*|||100|||19|||19|||69
*|||112|||24|||12|||69
*|||115|||24|||96|||69
*|||1|||0|||7|||70
*|||4|||1|||6|||70
*|||21|||5|||57|||70
*|||27|||7|||4|||70
*|||30|||9|||5|||70
*|||33|||10|||8|||70
*|||35|||11|||4|||70
*|||55|||13|||5|||70
*|||64|||14|||5|||70
*|||79|||14|||242|||70
*|||85|||16|||4|||70
*|||105|||19|||155|||70
*|||111|||24|||5|||70
srslte_simd_f_load|||1|||9|||83|||71
(|||62|||9|||84|||71
&|||3|||9|||85|||71
y|||5|||9|||86|||71
srslte_simd_f_loadu|||1|||9|||156|||71
&|||6|||9|||158|||71
y|||6|||9|||159|||71
paddingChar|||1|||0|||3|||72
update_halo_kernel3_minus_4_b_c_wrapper|||1|||13|||2|||72
void|||13|||14|||4|||72
char|||7|||14|||241|||72
char|||8|||14|||247|||72
void|||15|||14|||303|||72
BUFTYPE|||1|||17|||46|||72
d|||1|||7|||59|||73
:|||3|||7|||60|||73
d|||2|||7|||64|||73
]|||51|||7|||65|||73
]|||52|||7|||73|||73
%|||5|||12|||99|||73
d|||4|||12|||100|||73
%|||6|||12|||108|||73
d|||5|||12|||109|||73
d|||6|||12|||132|||73
(|||147|||16|||87|||73
,|||110|||16|||100|||73
data_rows|||2|||16|||101|||73
fprintf|||6|||16|||104|||73
]|||97|||16|||172|||73
)|||153|||16|||173|||73
d|||12|||21|||132|||73
\n|||10|||21|||133|||73
ENDCOM|||2|||6|||40|||74
nowait|||2|||6|||77|||74
ENDCOM|||3|||6|||78|||74
for|||14|||6|||79|||74
nowait|||3|||6|||109|||74
ENDCOM|||4|||6|||110|||74
;|||95|||9|||127|||74
b|||1|||6|||12|||75
b|||3|||9|||81|||75
b|||5|||9|||154|||75
b|||7|||22|||9|||75
(|||65|||9|||111|||76
&|||4|||9|||112|||76
(|||71|||9|||184|||76
&|||7|||9|||185|||76
(|||220|||25|||47|||76
&|||15|||25|||48|||76
i|||6|||0|||58|||77
i|||7|||0|||62|||77
i|||60|||5|||121|||77
x|||9|||17|||118|||77
x|||10|||17|||122|||77
i|||180|||21|||104|||77
len|||2|||9|||57|||78
len|||3|||9|||130|||78
data_cols|||3|||16|||146|||78
"|||18|||16|||160|||78
}|||65|||16|||185|||78
)|||156|||16|||215|||78
)|||157|||16|||229|||78
fid|||11|||16|||254|||78
width|||4|||17|||120|||78
,|||2|||0|||12|||79
,|||3|||3|||5|||79
)|||18|||3|||30|||79
;|||24|||3|||31|||79
,|||31|||7|||9|||79
,|||52|||11|||15|||79
,|||72|||13|||22|||79
,|||102|||16|||13|||79
rcpb|||1|||9|||93|||80
rcpb|||2|||9|||107|||80
rcpb|||3|||9|||166|||80
rcpb|||4|||9|||180|||80
0xff|||1|||23|||69|||80
FORTRAN|||1|||25|||67|||80
)|||122|||14|||122|||81
;|||174|||14|||123|||81
xp|||2|||14|||124|||81
[|||121|||25|||156|||81
pp|||4|||25|||157|||81
stderr|||1|||7|||55|||82
boxes|||5|||11|||218|||82
stderr|||2|||12|||89|||82
stderr|||3|||12|||121|||82
mri_std|||2|||17|||191|||82
/|||5|||10|||105|||83
_|||2|||12|||126|||83
larger|||1|||12|||127|||83
▁|||13|||12|||128|||83
=|||98|||12|||129|||83
▁|||14|||12|||130|||83
?|||6|||14|||234|||83
)|||135|||14|||292|||83
)|||214|||24|||84|||83
w|||4|||4|||140|||84
w|||5|||4|||149|||84
,|||21|||4|||159|||84
w|||6|||4|||160|||84
i|||86|||7|||87|||84
++|||1|||0|||38|||85
++|||2|||0|||63|||85
++|||3|||1|||45|||85
++|||5|||3|||50|||85
++|||12|||6|||52|||85
++|||13|||6|||90|||85
++|||14|||6|||122|||85
++|||16|||8|||31|||85
++|||18|||9|||205|||85
++|||25|||12|||48|||85
++|||28|||14|||160|||85
,|||116|||16|||220|||85
++|||38|||17|||123|||85
++|||45|||21|||46|||85
++|||47|||21|||109|||85
++|||8|||5|||73|||86
++|||10|||5|||105|||86
++|||19|||10|||46|||86
++|||20|||10|||77|||86
++|||21|||10|||130|||86
++|||22|||11|||60|||86
++|||23|||11|||88|||86
++|||24|||11|||255|||86
++|||30|||15|||31|||86
++|||31|||15|||52|||86
++|||42|||19|||36|||86
++|||43|||19|||67|||86
++|||44|||21|||22|||86
++|||46|||21|||60|||86
++|||55|||25|||33|||86
++|||56|||25|||99|||86
++|||57|||25|||125|||86
while|||1|||23|||42|||87
(|||202|||23|||43|||87
num|||10|||23|||44|||87
while|||2|||24|||26|||87
(|||207|||24|||27|||87
src|||3|||24|||28|||87
const|||10|||14|||276|||88
const|||13|||24|||16|||88
const|||14|||24|||19|||88
const|||15|||24|||33|||88
const|||16|||24|||41|||88
(|||11|||1|||58|||89
(|||70|||9|||177|||89
(|||79|||10|||109|||89
(|||91|||11|||226|||89
(|||172|||17|||205|||89
(|||185|||19|||136|||89
}|||3|||0|||96|||90
}|||5|||1|||63|||90
}|||8|||2|||86|||90
}|||9|||2|||87|||90
}|||12|||3|||211|||90
}|||17|||4|||164|||90
}|||18|||4|||165|||90
}|||21|||5|||128|||90
}|||23|||6|||142|||90
}|||30|||8|||79|||90
}|||36|||9|||224|||90
}|||40|||10|||152|||90
}|||43|||11|||313|||90
}|||44|||11|||314|||90
}|||45|||11|||315|||90
}|||48|||12|||148|||90
}|||52|||13|||161|||90
}|||53|||13|||162|||90
}|||62|||15|||88|||90
}|||75|||17|||225|||90
}|||77|||18|||35|||90
}|||79|||19|||163|||90
}|||80|||19|||164|||90
}|||81|||20|||15|||90
}|||91|||22|||47|||90
}|||94|||23|||117|||90
}|||96|||24|||124|||90
}|||104|||25|||199|||90
g_arrBackGroud|||1|||2|||47|||91
g_arrBackGroud|||2|||2|||56|||91
g_arrBackGroud|||3|||2|||66|||91
rand_d|||1|||19|||11|||91
rand_d|||2|||19|||43|||91
rand_d|||3|||19|||74|||91
,|||10|||4|||17|||92
,|||24|||5|||53|||92
,|||37|||8|||10|||92
,|||47|||10|||13|||92
,|||84|||14|||11|||92
,|||121|||17|||14|||92
,|||137|||17|||172|||92
,|||158|||23|||13|||92
,|||160|||24|||10|||92
[|||52|||7|||70|||93
(|||108|||13|||119|||93
created|||1|||16|||62|||93
/|||11|||16|||63|||93
opened|||1|||16|||64|||93
▁|||19|||16|||65|||93
for|||39|||16|||66|||93
=|||23|||3|||166|||94
=|||81|||11|||197|||94
=|||95|||12|||78|||94
void|||1|||0|||2|||95
void|||2|||1|||2|||95
void|||3|||2|||0|||95
void|||4|||3|||0|||95
void|||5|||4|||0|||95
(|||37|||5|||55|||95
[|||41|||5|||120|||95
void|||6|||6|||0|||95
#pragma|||1|||6|||30|||95
#pragma|||2|||6|||35|||95
#pragma|||4|||6|||105|||95
void|||7|||7|||0|||95
void|||8|||8|||0|||95
void|||9|||9|||0|||95
(|||59|||9|||47|||95
(|||68|||9|||157|||95
(|||69|||9|||169|||95
void|||11|||11|||0|||95
[|||79|||11|||219|||95
[|||80|||11|||228|||95
#pragma|||5|||12|||29|||95
#pragma|||6|||12|||55|||95
void|||12|||13|||1|||95
#pragma|||7|||13|||27|||95
(|||113|||13|||151|||95
#pragma|||9|||14|||145|||95
cdir|||2|||14|||146|||95
)|||131|||14|||226|||95
)|||136|||14|||305|||95
void|||16|||15|||0|||95
(|||141|||15|||83|||95
void|||17|||16|||0|||95
;|||210|||16|||116|||95
0|||55|||16|||193|||95
i|||161|||16|||236|||95
)|||158|||16|||238|||95
void|||18|||18|||0|||95
void|||19|||19|||0|||95
MINLINE|||1|||20|||0|||95
void|||20|||21|||0|||95
d|||13|||21|||145|||95
void|||21|||22|||0|||95
static|||2|||23|||0|||95
void|||22|||24|||0|||95
void|||23|||25|||8|||95
->|||19|||25|||122|||95
->|||21|||25|||176|||95
)|||7|||0|||93|||96
)|||203|||23|||79|||96
;|||290|||23|||80|||96
)|||208|||24|||50|||96
for|||47|||18|||12|||97
(|||175|||18|||13|||97
for|||48|||19|||23|||97
(|||177|||19|||24|||97
for|||55|||25|||20|||97
(|||218|||25|||21|||97
i|||39|||3|||176|||98
i|||40|||3|||181|||98
i|||97|||9|||76|||98
i|||102|||9|||149|||98
)|||154|||16|||183|||98
schedule(static)|||1|||6|||38|||99
schedule(static)|||2|||6|||76|||99
schedule(static)|||3|||6|||108|||99
)|||94|||11|||290|||99
?|||5|||11|||291|||99
)|||99|||12|||83|||99
/|||10|||12|||84|||99
)|||102|||12|||144|||99
:|||7|||14|||236|||99
)|||213|||24|||77|||99
site_def|||1|||1|||5|||100
f|||1|||10|||1|||100
fp|||1|||16|||7|||100
i|||11|||1|||28|||101
i|||25|||3|||39|||101
i|||45|||4|||46|||101
i|||53|||5|||63|||101
i|||62|||6|||43|||101
i|||80|||7|||31|||101
i|||105|||9|||200|||101
i|||111|||10|||38|||101
i|||162|||18|||15|||101
1|||1|||0|||29|||102
1|||2|||0|||56|||102
1|||7|||6|||115|||102
1|||9|||8|||24|||102
1|||10|||8|||37|||102
1|||18|||12|||41|||102
1|||19|||13|||70|||102
1|||21|||13|||89|||102
1|||25|||21|||16|||102
1|||26|||21|||39|||102
1|||27|||21|||54|||102
1|||29|||21|||102|||102
(|||9|||1|||17|||103
(|||17|||3|||23|||103
;|||27|||3|||48|||103
;|||57|||5|||72|||103
;|||157|||13|||42|||103
--|||2|||14|||266|||103
++|||33|||16|||149|||103
(|||157|||16|||218|||103
;|||227|||17|||57|||103
;|||231|||17|||79|||103
;|||248|||19|||35|||103
;|||305|||25|||32|||103
;|||310|||25|||98|||103
]|||91|||14|||194|||104
>|||4|||14|||195|||104
>|||5|||19|||125|||104
only_objectness|||1|||11|||38|||105
only_objectness|||2|||11|||299|||105
doors|||1|||21|||6|||105
doors|||2|||21|||26|||105
doors|||3|||21|||73|||105
doors|||4|||21|||79|||105
doors|||5|||21|||114|||105
bestDist|||2|||23|||101|||105
=|||101|||13|||64|||106
{|||52|||13|||65|||106
=|||102|||13|||83|||106
{|||53|||13|||84|||106
]|||15|||3|||70|||107
]|||37|||4|||92|||107
:|||2|||4|||93|||107
]|||69|||10|||88|||107
]|||109|||21|||82|||107
(|||160|||16|||253|||108
*|||96|||17|||146|||108
*|||97|||17|||201|||108
*|||110|||23|||94|||108
,|||9|||4|||14|||109
,|||12|||4|||27|||109
,|||58|||11|||36|||109
size_t|||1|||14|||9|||109
,|||157|||23|||10|||109
int|||83|||23|||11|||109
num|||9|||23|||12|||109
]|||1|||0|||20|||110
]|||28|||3|||165|||110
]|||47|||6|||127|||110
]|||64|||9|||211|||110
=|||61|||9|||212|||110
]|||65|||9|||216|||110
]|||70|||10|||137|||110
]|||124|||25|||195|||110
int|||10|||4|||28|||111
int|||11|||4|||34|||111
,|||54|||11|||21|||111
int|||31|||11|||22|||111
h|||1|||11|||23|||111
int|||47|||13|||23|||111
#endif|||1|||9|||196|||112
#|||1|||14|||311|||112
endif|||1|||14|||312|||112
}|||59|||14|||313|||112
#endif|||2|||24|||122|||112
▁|||3|||7|||69|||113
=|||76|||11|||103|||113
=|||164|||23|||57|||113
=|||165|||23|||66|||113
=|||173|||24|||44|||113
tp|||1|||14|||14|||114
xp|||1|||14|||39|||114
tp|||2|||14|||163|||114
xp|||4|||14|||182|||114
tp|||3|||14|||216|||114
xp|||10|||14|||268|||114
tp|||4|||14|||272|||114
tp|||5|||14|||284|||114
mtx|||1|||15|||10|||114
MDeformWeight|||1|||4|||10|||115
MRI|||3|||17|||11|||115
Pixel|||2|||23|||7|||115
pixels|||1|||23|||9|||115
Pixel|||3|||23|||18|||115
Pixel|||4|||23|||48|||115
&&|||2|||4|||120|||116
w|||3|||4|||121|||116
<|||7|||4|||122|||116
col|||2|||11|||162|||116
boxes|||3|||11|||169|||116
y|||8|||11|||174|||116
&&|||11|||17|||131|||116
y|||14|||17|||132|||116
DEBUG_Y|||1|||17|||134|||116
real|||2|||3|||10|||117
concat_matrix|||1|||5|||1|||117
matrix|||2|||5|||3|||117
matrix|||3|||5|||6|||117
box|||1|||11|||33|||117
MRI|||5|||17|||25|||117
MRIaccumulateMaskedMeansAndVariances|||1|||17|||1|||118
PPCG|||1|||25|||6|||118
]|||29|||3|||177|||119
]|||30|||3|||182|||119
)|||23|||3|||183|||119
]|||32|||3|||200|||119
]|||49|||6|||139|||119
]|||50|||7|||50|||119
)|||49|||7|||51|||119
]|||85|||11|||308|||119
]|||86|||13|||105|||119
]|||90|||14|||185|||119
)|||127|||14|||186|||119
]|||118|||25|||82|||119
--|||1|||2|||26|||120
j|||38|||15|||32|||120
pp|||3|||25|||100|||120
,|||112|||16|||113|||121
data_range|||2|||16|||114|||121
rand_r|||1|||19|||15|||121
rand_r|||2|||19|||51|||121
rand_r|||3|||19|||82|||121
r|||5|||23|||40|||121
r|||8|||23|||73|||121
r|||9|||23|||76|||121
r|||10|||23|||86|||121
cc|||10|||25|||162|||121
c|||1|||6|||16|||122
c|||3|||6|||99|||122
b|||4|||9|||97|||122
b|||6|||9|||170|||122
0|||52|||16|||121|||123
)|||149|||16|||122|||123
fprintf|||10|||16|||241|||123
(|||159|||16|||242|||123
,|||153|||21|||148|||123
cnt|||3|||21|||149|||123
}|||2|||0|||95|||124
}|||4|||1|||62|||124
}|||11|||3|||208|||124
}|||16|||4|||163|||124
}|||20|||5|||124|||124
}|||22|||6|||141|||124
}|||28|||8|||77|||124
}|||29|||8|||78|||124
}|||39|||10|||151|||124
}|||51|||13|||160|||124
}|||78|||19|||162|||124
}|||95|||24|||123|||124
(|||22|||3|||167|||125
(|||23|||3|||168|||125
(|||99|||12|||79|||125
(|||131|||14|||223|||125
(|||136|||14|||301|||125
log|||1|||10|||108|||126
pow|||1|||11|||198|||126
h|||3|||11|||223|||126
pow|||2|||11|||225|||126
predictions|||6|||11|||227|||126
MRIvox|||2|||17|||204|||126
cosf|||3|||19|||117|||126
{|||32|||9|||51|||127
{|||43|||11|||91|||127
int|||36|||11|||92|||127
{|||47|||12|||50|||127
{|||72|||17|||83|||127
{|||100|||25|||69|||127
generate_u|||1|||3|||27|||128
generate_v|||1|||3|||32|||128
u|||1|||3|||174|||128
v|||1|||3|||192|||128
else|||5|||10|||113|||129
#else|||1|||14|||239|||129
num|||1|||4|||16|||130
mri_dof|||1|||17|||13|||130
mri_dof|||2|||17|||206|||130
ppcg_inner_iterations|||1|||25|||9|||130
i|||1|||0|||27|||131
i|||5|||0|||54|||131
i|||73|||6|||113|||131
i|||133|||11|||138|||131
i|||136|||12|||39|||131
i|||141|||14|||151|||131
i|||148|||15|||44|||131
j|||43|||16|||140|||131
x|||8|||17|||114|||131
i|||171|||21|||14|||131
i|||175|||21|||37|||131
i|||179|||21|||100|||131
0|||35|||13|||37|||132
0|||45|||14|||81|||132
0|||50|||15|||25|||132
0|||58|||17|||88|||132
0|||72|||25|||25|||132
)|||19|||3|||35|||133
)|||26|||4|||39|||133
)|||82|||11|||39|||133
)|||103|||13|||25|||133
)|||142|||16|||22|||133
)|||75|||10|||58|||134
)|||78|||10|||101|||134
)|||95|||11|||300|||134
ENDCOM|||7|||12|||58|||134
)|||121|||14|||110|||134
{|||56|||14|||111|||134
)|||129|||14|||202|||134
▁|||4|||12|||92|||135
known|||1|||12|||93|||135
▁|||12|||12|||124|||135
;|||281|||22|||46|||136
row|||1|||11|||65|||137
col|||1|||11|||72|||137
ii|||1|||12|||51|||137
ni|||1|||14|||29|||137
ni|||2|||14|||96|||137
pixel|||1|||23|||49|||137
argb|||1|||24|||35|||137
]|||23|||3|||139|||138
]|||26|||3|||154|||138
]|||54|||8|||57|||138
]|||56|||8|||70|||138
r_|||5|||15|||84|||139
{|||70|||16|||216|||139
)|||160|||16|||255|||139
;|||53|||5|||27|||140
,|||40|||9|||12|||140
,|||55|||11|||24|||140
,|||93|||14|||271|||140
,|||103|||16|||16|||140
int|||58|||16|||17|||140
int|||61|||16|||163|||140
y|||1|||6|||20|||141
y|||2|||6|||124|||141
y|||3|||9|||11|||141
y|||4|||9|||43|||141
y|||7|||9|||218|||141
*|||75|||14|||207|||142
*|||80|||14|||248|||142
*|||83|||14|||304|||142
data_rows|||1|||16|||12|||143
;|||214|||16|||147|||143
j|||45|||16|||148|||143
}|||66|||16|||186|||143
else|||7|||16|||187|||143
fprintf|||9|||16|||217|||143
;|||223|||16|||256|||143
width|||3|||17|||56|||143
num_pixels|||1|||24|||9|||143
num_pixels|||2|||24|||24|||143
,|||19|||4|||129|||144
i|||85|||7|||81|||144
]|||53|||7|||82|||144
;|||78|||7|||86|||144
,|||66|||12|||115|||144
,|||73|||13|||77|||144
,|||91|||14|||178|||144
,|||166|||25|||149|||144
,|||167|||25|||159|||144
;|||169|||14|||66|||145
realign|||2|||14|||67|||145
=|||108|||14|||68|||145
(|||118|||14|||69|||145
j|||6|||2|||63|||146
j|||7|||2|||71|||146
j|||8|||2|||79|||146
j|||15|||3|||141|||146
j|||16|||3|||156|||146
j|||23|||8|||72|||146
argb|||5|||24|||81|||146
if|||1|||2|||43|||147
(|||15|||2|||44|||147
if|||5|||7|||43|||147
(|||49|||7|||44|||147
if|||6|||8|||47|||147
(|||54|||8|||48|||147
if|||21|||21|||64|||147
(|||193|||21|||65|||147
int|||7|||4|||7|||148
int|||8|||4|||15|||148
int|||16|||7|||7|||148
int|||19|||8|||8|||148
int|||24|||10|||11|||148
int|||26|||11|||7|||148
classes|||1|||11|||8|||148
int|||56|||16|||11|||148
int|||66|||18|||8|||148
int|||89|||24|||8|||148
(|||101|||12|||120|||149
,|||67|||12|||122|||149
(|||149|||16|||118|||149
[|||53|||7|||80|||150
i|||134|||11|||262|||150
}|||87|||21|||139|||150
(|||5|||0|||79|||151
(|||6|||0|||80|||151
(|||90|||11|||207|||151
(|||117|||14|||59|||151
(|||128|||14|||179|||151
uint|||3|||14|||180|||151
fid|||8|||16|||178|||151
,|||115|||16|||179|||151
"|||24|||16|||247|||151
)|||159|||16|||248|||151
{|||2|||0|||40|||152
P|||3|||0|||41|||152
{|||20|||5|||76|||152
{|||23|||6|||34|||152
{|||83|||21|||25|||152
)|||15|||2|||54|||153
)|||30|||4|||115|||153
)|||54|||8|||52|||153
(|||107|||13|||110|||153
printf|||1|||16|||51|||153
)|||150|||16|||136|||153
)|||193|||21|||71|||153
)|||196|||21|||120|||153
)|||219|||25|||44|||153
{|||99|||25|||45|||153
C|||2|||25|||135|||153
)|||227|||25|||136|||153
{|||103|||25|||137|||153
ENDCOM|||1|||6|||33|||154
for|||11|||6|||37|||154
for|||29|||12|||32|||154
for|||31|||13|||30|||154
ENDCOM|||8|||13|||31|||154
srslte_simd_f_rcp|||2|||9|||168|||155
srslte_simd_cf_mul|||2|||9|||176|||155
-|||10|||10|||117|||155
%|||7|||12|||131|||155
-|||12|||13|||118|||155
-|||13|||13|||148|||155
(|||112|||13|||149|||155
lstatus|||3|||14|||295|||155
0|||19|||6|||83|||156
=|||69|||10|||123|||156
0|||26|||10|||124|||156
=|||113|||14|||152|||156
0|||47|||14|||153|||156
=|||127|||16|||141|||156
0|||54|||16|||142|||156
<|||32|||16|||210|||156
data_cols|||5|||16|||211|||156
0|||60|||17|||116|||156
->|||8|||3|||191|||157
simd_cf_t|||4|||9|||173|||157
index|||7|||11|||193|||157
index|||8|||11|||220|||157
]|||79|||11|||221|||157
(|||111|||13|||140|||157
cf_t|||2|||9|||13|||158
simd_f_t|||1|||9|||80|||158
simd_f_t|||2|||9|||92|||158
simd_f_t|||3|||9|||153|||158
simd_f_t|||4|||9|||165|||158
ptr_double|||2|||13|||81|||158
uint8_t|||2|||24|||42|||158
uint8_t|||3|||24|||66|||158
kernel_language|||2|||25|||65|||158
cc|||8|||25|||144|||159
]|||119|||25|||145|||159
)|||228|||25|||146|||159
,|||165|||25|||147|||159
settings|||12|||25|||148|||159
largest|||5|||10|||104|||160
scale|||3|||11|||310|||160
sum|||11|||12|||71|||160
+|||26|||12|||72|||160
tmp|||3|||14|||126|||160
cnt|||2|||21|||122|||160
dist|||4|||23|||106|||160
&&|||1|||1|||35|||161
&&|||5|||9|||40|||161
)|||57|||9|||44|||161
&&|||6|||9|||45|||161
&&|||7|||12|||66|||161
&&|||8|||12|||145|||161
&&|||10|||14|||86|||161
&&|||12|||17|||135|||161
[|||32|||3|||198|||162
[|||33|||3|||204|||162
.|||16|||5|||118|||162
[|||77|||11|||192|||162
->|||12|||17|||67|||162
(|||182|||19|||113|||162
(|||183|||19|||118|||162
->|||18|||25|||96|||162
->|||20|||25|||132|||162
[|||122|||25|||161|||162
]|||122|||25|||163|||162
.|||22|||25|||164|||162
else|||1|||4|||134|||163
else|||3|||8|||65|||163
else|||6|||14|||129|||163
else|||8|||21|||126|||163
#else|||2|||24|||109|||163
else|||9|||25|||60|||163
fprintf|||1|||7|||53|||164
fprintf|||2|||12|||87|||164
fprintf|||3|||12|||119|||164
P2|||1|||16|||81|||164
%|||10|||16|||94|||164
=|||128|||16|||192|||164
MRIFvox|||2|||17|||189|||164
%|||17|||21|||144|||164
+=|||6|||10|||82|||165
+=|||12|||15|||60|||165
mtx|||2|||15|||61|||165
for|||21|||9|||125|||166
(|||66|||9|||126|||166
0|||56|||16|||207|||166
;|||219|||16|||208|||166
(|||57|||9|||37|||167
(|||98|||12|||63|||167
ii|||2|||12|||64|||167
(|||2|||0|||25|||168
(|||190|||21|||12|||168
;|||43|||4|||53|||169
;|||65|||6|||50|||169
;|||68|||6|||88|||169
;|||71|||6|||120|||169
;|||77|||7|||38|||169
;|||82|||8|||29|||169
;|||103|||9|||203|||169
;|||109|||10|||45|||169
;|||117|||10|||129|||169
;|||135|||11|||254|||169
;|||178|||14|||158|||169
;|||245|||18|||22|||169
;|||279|||22|||29|||169
--|||3|||23|||45|||169
)|||207|||24|||31|||169
int|||40|||12|||0|||170
int|||50|||14|||0|||170
int|||52|||14|||46|||170
int|||63|||17|||0|||170
int|||74|||20|||1|||170
Pixel|||1|||23|||1|||170
Performs|||1|||25|||0|||170
if|||13|||14|||107|||171
(|||121|||14|||108|||171
realign|||3|||14|||109|||171
if|||15|||14|||287|||171
(|||135|||14|||288|||171
▁|||7|||12|||101|||172
,|||64|||12|||102|||172
▁|||11|||12|||110|||172
)|||147|||16|||102|||172
;|||209|||16|||103|||172
;|||215|||16|||174|||172
w|||1|||4|||59|||173
side|||4|||11|||69|||173
side|||10|||11|||165|||173
w|||8|||11|||167|||173
w|||10|||11|||216|||173
"|||8|||16|||41|||173
a|||11|||20|||13|||173
]|||36|||4|||81|||174
;|||45|||4|||82|||174
%|||4|||11|||75|||174
;|||127|||11|||115|||174
is_larger|||4|||12|||67|||174
n_y|||4|||13|||72|||174
n_y|||5|||13|||91|||174
)|||164|||17|||110|||174
{|||12|||3|||90|||175
)|||60|||9|||66|||175
{|||33|||9|||67|||175
)|||66|||9|||139|||175
{|||35|||9|||140|||175
{|||44|||11|||258|||175
{|||48|||12|||59|||175
)|||119|||14|||94|||175
{|||55|||14|||95|||175
{|||59|||14|||275|||175
input|||7|||16|||165|||175
{|||73|||17|||97|||175
{|||101|||25|||102|||175
fprintf|||5|||16|||86|||176
data_cols|||2|||16|||99|||176
j|||46|||16|||171|||176
Chunk|||1|||25|||11|||177
{|||67|||16|||151|||178
fprintf|||7|||16|||152|||178
(|||152|||16|||153|||178
"|||21|||16|||221|||178
<|||1|||1|||33|||179
<|||5|||3|||84|||179
<|||22|||12|||44|||179
<|||25|||14|||84|||179
<|||28|||15|||49|||179
<|||30|||16|||145|||179
<|||38|||19|||64|||179
->|||14|||25|||30|||179
<|||43|||25|||94|||179
0|||8|||2|||82|||180
0|||31|||11|||294|||180
0|||32|||11|||307|||180
0|||37|||13|||113|||180
0|||38|||13|||115|||180
0|||39|||13|||126|||180
0|||40|||13|||143|||180
0|||41|||13|||145|||180
0|||42|||13|||156|||180
;|||20|||2|||73|||181
;|||182|||14|||215|||181
;|||183|||14|||219|||181
,|||99|||15|||81|||181
;|||241|||17|||203|||181
;|||294|||23|||111|||181
;|||300|||24|||102|||181
;|||301|||24|||108|||181
;|||302|||24|||115|||181
;|||303|||24|||121|||181
=|||119|||14|||279|||182
=|||142|||19|||42|||182
y1|||1|||19|||72|||182
=|||145|||19|||73|||182
,|||25|||6|||5|||183
,|||51|||11|||12|||183
square|||1|||11|||14|||183
,|||92|||14|||267|||183
,|||149|||19|||8|||183
j|||1|||2|||11|||184
j|||2|||2|||31|||184
j|||9|||3|||18|||184
j|||17|||8|||18|||184
j|||18|||8|||35|||184
j|||24|||11|||44|||184
j|||30|||14|||27|||184
j|||35|||15|||19|||184
j|||42|||16|||31|||184
fid|||7|||16|||154|||184
d|||11|||16|||223|||184
y|||9|||17|||33|||184
j|||51|||19|||59|||184
j|||56|||21|||52|||184
,|||28|||6|||17|||185
,|||41|||9|||16|||185
,|||151|||19|||16|||185
]|||112|||22|||11|||185
,|||155|||22|||12|||185
,|||4|||3|||9|||186
,|||27|||6|||13|||186
,|||69|||13|||8|||186
,|||70|||13|||13|||186
,|||96|||15|||8|||186
,|||130|||17|||49|||186
,|||150|||19|||12|||186
MDeformVert|||1|||4|||3|||187
*|||14|||4|||4|||187
dvert|||1|||4|||5|||187
MRI|||1|||17|||3|||187
*|||90|||17|||4|||187
mri|||1|||17|||5|||187
miIndexedPtr|||1|||23|||4|||187
*|||119|||25|||12|||187
{|||1|||0|||16|||188
{|||4|||1|||9|||188
{|||10|||3|||14|||188
{|||13|||4|||40|||188
{|||19|||5|||9|||188
{|||31|||9|||21|||188
{|||37|||10|||21|||188
{|||41|||11|||40|||188
{|||46|||12|||4|||188
{|||49|||13|||26|||188
{|||54|||14|||16|||188
{|||63|||16|||23|||188
{|||71|||17|||29|||188
{|||78|||19|||22|||188
{|||82|||21|||4|||188
{|||92|||23|||17|||188
{|||95|||24|||15|||188
{|||97|||25|||19|||188
for|||2|||0|||51|||189
(|||3|||0|||52|||189
for|||10|||5|||93|||189
(|||39|||5|||94|||189
for|||24|||10|||67|||189
(|||76|||10|||68|||189
(|||139|||15|||43|||189
for|||51|||21|||34|||189
(|||191|||21|||35|||189
if|||25|||25|||61|||189
(|||222|||25|||62|||189
for|||56|||25|||86|||189
(|||224|||25|||87|||189
for|||57|||25|||112|||189
(|||226|||25|||113|||189
]|||3|||0|||73|||190
]|||4|||1|||55|||190
]|||19|||3|||115|||190
]|||38|||5|||83|||190
]|||45|||6|||95|||190
]|||89|||14|||166|||190
]|||110|||21|||117|||190
,|||15|||4|||36|||191
,|||16|||4|||97|||191
&&|||3|||4|||148|||191
,|||20|||4|||157|||191
,|||42|||9|||106|||191
a|||7|||9|||178|||191
,|||44|||9|||179|||191
,|||81|||13|||153|||191
,|||94|||14|||283|||191
,|||144|||17|||207|||191
*|||3|||0|||91|||192
)|||43|||6|||91|||192
+|||17|||11|||136|||192
*|||46|||11|||139|||192
num|||8|||11|||140|||192
+|||18|||11|||141|||192
n|||18|||11|||142|||192
)|||86|||11|||143|||192
*|||47|||11|||144|||192
*|||51|||11|||242|||192
&|||14|||24|||85|||192
n|||7|||8|||41|||193
thresh|||1|||11|||26|||193
num|||4|||11|||86|||193
depth|||1|||17|||41|||193
depth|||2|||17|||64|||193
mri|||4|||17|||66|||193
depth|||3|||17|||68|||193
depth|||4|||17|||78|||193
DEBUG_Z|||1|||17|||138|||193
=|||26|||4|||69|||194
&|||1|||4|||70|||194
dvert|||2|||4|||71|||194
side|||6|||11|||104|||194
&|||9|||17|||100|||194
MRIvox|||1|||17|||101|||194
&|||10|||23|||68|||194
src|||2|||24|||22|||194
z|||1|||6|||24|||195
z|||2|||6|||92|||195
z|||3|||6|||129|||195
z|||4|||9|||15|||195
z|||5|||9|||48|||195
z|||6|||9|||113|||195
z|||7|||9|||186|||195
z|||8|||9|||208|||195
z|||9|||17|||35|||195
z|||13|||17|||109|||195
z|||15|||17|||171|||195
z|||16|||17|||184|||195
z|||17|||17|||197|||195
z|||18|||17|||212|||195
0x00|||1|||0|||48|||196
in|||1|||8|||12|||196
in|||2|||8|||62|||196
\n|||8|||16|||181|||196
]|||21|||3|||125|||197
*|||7|||3|||126|||197
*|||8|||3|||143|||197
*|||9|||3|||158|||197
*|||59|||13|||73|||197
*|||60|||13|||75|||197
*|||62|||13|||92|||197
]|||95|||15|||67|||197
*|||84|||15|||68|||197
j|||39|||15|||37|||198
j|||40|||15|||58|||198
j|||59|||21|||66|||198
j|||60|||21|||75|||198
j|||66|||22|||36|||198
j|||67|||22|||41|||198
=|||7|||1|||23|||199
=|||29|||5|||14|||199
=|||62|||10|||27|||199
=|||63|||10|||32|||199
=|||105|||14|||43|||199
=|||106|||14|||48|||199
=|||118|||14|||255|||199
=|||157|||21|||94|||199
0|||67|||21|||95|||199
=|||161|||23|||20|||199
{|||6|||2|||4|||200
{|||22|||6|||26|||200
{|||24|||7|||13|||200
{|||27|||8|||14|||200
{|||60|||15|||12|||200
{|||76|||18|||11|||200
;|||244|||18|||18|||200
{|||81|||20|||7|||200
{|||90|||22|||16|||200
;|||278|||22|||25|||200
int|||1|||0|||26|||201
int|||2|||0|||53|||201
int|||48|||13|||34|||201
int|||49|||13|||49|||201
int|||67|||18|||14|||201
int|||71|||19|||25|||201
int|||72|||19|||58|||201
int|||76|||21|||13|||201
int|||77|||21|||36|||201
int|||78|||21|||51|||201
int|||80|||21|||99|||201
int|||90|||25|||22|||201
int|||91|||25|||88|||201
int|||92|||25|||114|||201
}|||13|||4|||133|||202
}|||19|||5|||92|||202
}|||37|||10|||66|||202
}|||54|||14|||128|||202
i|||158|||16|||191|||202
}|||86|||21|||125|||202
}|||97|||25|||59|||202
dataBlockSize|||1|||0|||11|||203
dataBlockSize|||2|||0|||19|||203
dataBlockSize|||3|||0|||43|||203
dataBlockSize|||4|||0|||68|||203
dataBlockSize|||5|||0|||83|||203
LOOPCNT|||1|||14|||34|||203
.|||7|||5|||37|||204
.|||9|||5|||47|||204
.|||10|||5|||51|||204
.|||11|||5|||70|||204
.|||14|||5|||102|||204
rows|||7|||5|||103|||204
classes|||4|||11|||253|||204
)|||130|||14|||208|||205
*|||78|||14|||225|||205
1|||5|||2|||60|||206
1|||8|||6|||133|||206
+|||21|||11|||180|||206
1|||14|||11|||181|||206
row|||2|||11|||184|||206
x1|||3|||19|||109|||206
y1|||3|||19|||114|||206
1|||28|||21|||84|||206
[|||29|||3|||175|||207
)|||56|||9|||39|||207
[|||99|||18|||5|||207
[|||111|||22|||5|||207
realign|||4|||14|||201|||208
lstatus|||2|||14|||289|||208
;|||212|||16|||133|||208
x|||11|||17|||128|||208
mask|||3|||17|||152|||208
>=|||2|||17|||153|||208
mask|||4|||17|||156|||208
temp|||6|||19|||95|||208
temp|||7|||19|||124|||208
dist|||3|||23|||99|||208
site|||3|||1|||38|||209
nrange|||2|||14|||87|||209
LOOPCNT|||3|||14|||104|||209
shortloop|||1|||14|||147|||209
lstatus|||1|||14|||278|||209
n|||12|||11|||46|||210
n|||13|||11|||80|||210
n|||14|||11|||84|||210
n|||15|||11|||89|||210
n|||16|||11|||99|||210
n|||17|||11|||114|||210
defvert_find_index|||1|||4|||94|||211
box_index|||3|||11|||179|||211
box_index|||5|||11|||229|||211
j|||54|||19|||76|||211
j|||55|||19|||84|||211
j|||61|||21|||81|||211
P|||1|||0|||8|||212
nodes|||5|||3|||172|||212
buffer|||1|||7|||5|||212
predictions|||1|||11|||5|||212
_SX|||1|||14|||18|||212
xpp|||3|||14|||117|||212
xp|||7|||14|||212|||212
xp|||9|||14|||243|||212
xpp|||8|||14|||299|||212
chunks|||1|||25|||13|||212
]|||9|||2|||69|||213
[|||10|||2|||70|||213
[|||20|||3|||120|||213
]|||20|||3|||122|||213
[|||21|||3|||123|||213
[|||24|||3|||140|||213
]|||94|||15|||64|||213
[|||95|||15|||65|||213
,|||132|||17|||106|||213
]|||2|||0|||46|||214
]|||6|||2|||53|||214
]|||8|||2|||64|||214
]|||13|||3|||56|||214
]|||14|||3|||63|||214
]|||17|||3|||101|||214
)|||41|||6|||53|||214
]|||42|||6|||57|||214
]|||55|||8|||60|||214
]|||57|||8|||73|||214
]|||92|||15|||38|||214
]|||93|||15|||59|||214
]|||100|||18|||30|||214
]|||108|||21|||76|||214
]|||113|||22|||37|||214
(|||64|||9|||104|||215
a|||5|||9|||105|||215
(|||179|||19|||98|||215
(|||180|||19|||103|||215
(|||181|||19|||108|||215
{|||9|||2|||55|||216
{|||15|||4|||116|||216
{|||26|||7|||52|||216
{|||29|||8|||53|||216
{|||45|||11|||301|||216
(|||145|||16|||52|||216
"|||9|||16|||53|||216
{|||66|||16|||137|||216
{|||86|||21|||72|||216
{|||88|||21|||121|||216
{|||94|||23|||103|||216
*|||2|||0|||82|||217
predictions|||2|||11|||119|||217
predictions|||5|||11|||200|||217
scale|||2|||11|||269|||217
*|||53|||11|||270|||217
predictions|||7|||11|||271|||217
prob|||3|||11|||292|||217
*|||114|||24|||37|||217
)|||89|||11|||213|||218
)|||90|||11|||214|||218
)|||91|||11|||240|||218
)|||92|||11|||241|||218
u_int|||1|||1|||10|||219
int|||3|||2|||5|||219
int|||4|||2|||10|||219
int|||34|||11|||64|||219
return|||1|||3|||209|||220
return|||2|||5|||125|||220
return|||3|||12|||139|||220
return|||4|||14|||230|||220
return|||5|||14|||308|||220
return|||7|||17|||220|||220
return|||8|||20|||8|||220
return|||9|||22|||45|||220
return|||10|||23|||114|||220
%|||1|||7|||58|||221
w|||11|||16|||40|||221
)|||143|||16|||42|||221
file|||1|||16|||56|||221
▁|||16|||16|||57|||221
▁|||18|||16|||61|||221
;|||206|||16|||72|||221
{|||7|||2|||28|||222
{|||11|||3|||52|||222
{|||36|||9|||207|||222
{|||38|||10|||49|||222
{|||40|||10|||133|||222
{|||42|||11|||63|||222
{|||50|||13|||46|||222
{|||61|||15|||34|||222
{|||77|||18|||26|||222
{|||79|||19|||39|||222
{|||91|||22|||33|||222
{|||93|||23|||47|||222
{|||96|||24|||32|||222
{|||98|||25|||36|||222
long|||2|||14|||51|||223
cxp|||1|||14|||52|||223
=|||107|||14|||53|||223
(|||115|||14|||54|||223
long|||3|||14|||55|||223
cxp|||2|||14|||70|||223
val|||4|||3|||127|||224
val|||6|||3|||144|||224
val|||7|||3|||159|||224
largest|||4|||10|||92|||224
val|||10|||17|||187|||224
val|||11|||17|||200|||224
val|||12|||17|||202|||224
Wy|||1|||3|||134|||225
(|||88|||11|||176|||225
predictions|||4|||11|||177|||225
(|||194|||21|||78|||225
||||1|||23|||74|||225
gray|||2|||23|||83|||225
=|||174|||24|||68|||225
(|||212|||24|||69|||225
(|||213|||24|||70|||225
argb|||4|||24|||71|||225
j|||4|||2|||39|||226
j|||11|||3|||83|||226
j|||20|||8|||43|||226
d|||10|||16|||158|||226
y|||12|||17|||94|||226
j|||52|||19|||63|||226
j|||57|||21|||56|||226
parallel|||1|||6|||32|||227
parallel|||2|||12|||31|||227
ordered|||2|||12|||57|||227
parallel|||3|||13|||29|||227
NC_NOERR|||1|||14|||235|||227
NC_NOERR|||2|||14|||256|||227
NC_NOERR|||3|||14|||291|||227
i|||15|||1|||54|||228
c|||7|||7|||84|||228
ii|||3|||12|||73|||228
i|||145|||14|||184|||228
xp|||5|||14|||191|||228
[|||91|||14|||192|||228
i|||146|||14|||193|||228
i|||152|||15|||71|||228
int|||9|||4|||19|||229
*|||17|||4|||20|||229
indices|||1|||4|||21|||229
int|||45|||13|||15|||229
*|||57|||13|||16|||229
int|||54|||14|||277|||229
defgrp_idx|||1|||4|||8|||230
int|||17|||7|||10|||230
int|||20|||8|||11|||230
,|||50|||11|||9|||230
int|||27|||11|||10|||230
num|||3|||11|||11|||230
int|||28|||11|||13|||230
int|||37|||11|||101|||230
int|||57|||16|||14|||230
int|||69|||19|||6|||230
int|||84|||23|||14|||230
.|||13|||5|||86|||231
input|||3|||10|||61|||231
[|||68|||10|||62|||231
i|||115|||10|||63|||231
[|||72|||11|||120|||231
{|||17|||4|||135|||232
{|||30|||8|||66|||232
{|||34|||9|||124|||232
{|||57|||14|||130|||232
=|||129|||16|||206|||232
{|||89|||21|||127|||232
/|||7|||11|||68|||233
*|||40|||11|||96|||233
num|||5|||11|||97|||233
*|||43|||11|||111|||233
*|||52|||11|||263|||233
classes|||5|||11|||264|||233
*|||58|||13|||69|||233
*|||61|||13|||88|||233
;|||216|||16|||184|||233
*|||106|||20|||10|||233
*|||107|||20|||12|||233
*|||109|||23|||51|||233
=|||11|||2|||12|||234
0|||5|||2|||13|||234
=|||13|||2|||32|||234
0|||7|||2|||33|||234
=|||49|||8|||36|||234
,|||113|||16|||155|||234
"|||17|||16|||156|||234
=|||144|||19|||60|||234
0|||64|||19|||61|||234
=|||155|||21|||53|||234
;|||268|||21|||55|||235
=|||35|||5|||96|||236
0|||17|||5|||97|||236
=|||66|||10|||70|||236
0|||25|||10|||71|||236
=|||74|||11|||81|||236
=|||100|||13|||51|||236
0|||36|||13|||52|||236
=|||124|||15|||45|||236
0|||51|||15|||46|||236
=|||136|||17|||115|||236
m1|||1|||5|||4|||237
m1|||2|||5|||24|||237
m1|||3|||5|||32|||237
m1|||5|||5|||69|||237
m1|||6|||5|||85|||237
x1|||1|||19|||41|||237
x1|||2|||19|||99|||237
y1|||2|||19|||104|||237
for|||13|||6|||75|||238
for|||15|||6|||107|||238
]|||7|||2|||61|||239
)|||42|||6|||69|||239
]|||48|||6|||134|||239
/|||4|||10|||93|||239
]|||76|||11|||182|||239
)|||88|||11|||185|||239
&|||8|||14|||71|||239
)|||118|||14|||73|||239
%|||8|||14|||74|||239
)|||194|||21|||85|||239
%|||15|||21|||86|||239
&|||11|||24|||51|||239
,|||34|||7|||78|||240
buffer|||3|||7|||79|||240
,|||62|||11|||233|||240
"|||4|||12|||112|||240
,|||65|||12|||113|||240
"|||6|||12|||134|||240
,|||68|||12|||135|||240
,|||74|||13|||96|||240
"|||15|||16|||108|||240
=|||126|||16|||127|||240
fprintf|||8|||16|||176|||240
(|||154|||16|||177|||240
"|||23|||16|||245|||240
\n|||9|||16|||246|||240
)|||197|||21|||137|||240
;|||275|||21|||138|||240
!=|||1|||4|||113|||241
NULL|||1|||4|||114|||241
!=|||2|||7|||46|||241
!=|||3|||14|||262|||241
!=|||4|||14|||290|||241
)|||144|||16|||49|||241
{|||64|||16|||50|||241
)|||77|||10|||95|||242
)|||107|||13|||116|||242
)|||108|||13|||127|||242
j|||62|||22|||18|||243
temp|||1|||10|||15|||244
tmp|||1|||14|||32|||244
tmp|||2|||14|||114|||244
tmp|||4|||19|||88|||244
b|||2|||6|||65|||245
ar|||2|||18|||27|||245
b|||8|||22|||39|||245
ba|||2|||24|||101|||245
*|||38|||11|||34|||246
MRI|||2|||17|||7|||246
*|||91|||17|||8|||246
*|||92|||17|||12|||246
*|||120|||25|||16|||246
long|||1|||14|||24|||247
}|||7|||2|||85|||248
}|||15|||4|||143|||248
}|||32|||9|||122|||248
}|||34|||9|||195|||248
}|||47|||12|||76|||248
}|||61|||15|||75|||248
(|||156|||16|||204|||248
}|||72|||17|||217|||248
}|||73|||17|||218|||248
}|||74|||17|||219|||248
}|||84|||21|||90|||248
}|||85|||21|||91|||248
"|||27|||21|||143|||248
}|||93|||23|||113|||248
▁|||20|||16|||67|||249
writing|||1|||16|||68|||249
\n|||4|||16|||69|||249
"|||10|||16|||70|||249
)|||145|||16|||71|||249
val|||1|||3|||20|||250
val|||2|||3|||105|||250
value|||1|||7|||11|||250
prob|||1|||11|||267|||250
width|||1|||17|||37|||250
val|||8|||17|||44|||250
val|||9|||17|||161|||250
gray|||1|||23|||15|||250
dist|||1|||23|||34|||250
;|||40|||3|||210|||251
;|||193|||14|||310|||251
}|||10|||3|||161|||252
}|||55|||14|||140|||252
}|||57|||14|||229|||252
;|||38|||3|||160|||253
;|||132|||11|||217|||253
h|||4|||11|||243|||253
;|||133|||11|||244|||253
;|||176|||14|||139|||253
;|||184|||14|||228|||253
;|||229|||17|||69|||253
;|||292|||23|||96|||253
(|||24|||3|||185|||254
(|||25|||3|||186|||254
(|||42|||6|||59|||254
(|||87|||11|||154|||254
(|||94|||11|||286|||254
(|||125|||14|||168|||254
(|||203|||23|||75|||254
(|||208|||24|||45|||254
(|||209|||24|||46|||254
argb|||2|||24|||47|||254
(|||210|||24|||55|||254
(|||211|||24|||56|||254
argb|||3|||24|||57|||254
for|||3|||1|||26|||255
for|||7|||3|||77|||255
for|||9|||5|||61|||255
for|||20|||9|||52|||255
for|||34|||14|||77|||255
for|||35|||14|||149|||255
:|||6|||11|||293|||256
=|||103|||13|||117|||256
=|||120|||14|||294|||256
)|||184|||19|||127|||256
temp|||8|||19|||128|||256
=|||149|||19|||129|||256
bestDist|||3|||23|||104|||256
=|||169|||23|||105|||256
OPS_ACC|||1|||13|||109|||257
OPS_ACC|||2|||13|||120|||257
OPS_ACC|||3|||13|||139|||257
OPS_ACC|||4|||13|||150|||257
NO_ERROR|||1|||17|||222|||257
)|||187|||19|||157|||258
]|||105|||19|||158|||258
-|||2|||0|||71|||259
i|||8|||0|||72|||259
last_i|||1|||12|||25|||259
weights|||2|||4|||61|||260
value|||2|||7|||27|||260
predictions|||3|||11|||155|||260
filename|||1|||16|||5|||260
filename|||2|||16|||37|||260
pixels|||3|||23|||52|||260
MDeformVert|||2|||4|||66|||261
*|||19|||4|||67|||261
dv|||1|||4|||68|||261
MDeformWeight|||2|||4|||83|||261
*|||20|||4|||84|||261
dw|||1|||4|||85|||261
[|||94|||15|||62|||262
i|||151|||15|||63|||262
int|||6|||3|||74|||263
int|||22|||9|||18|||263
int|||32|||11|||37|||263
int|||38|||11|||124|||263
int|||44|||12|||14|||263
int|||46|||13|||20|||263
int|||51|||14|||41|||263
int|||53|||14|||253|||263
int|||81|||22|||13|||263
int|||88|||23|||39|||263
(|||4|||0|||75|||264
unsigned|||2|||0|||76|||264
char|||2|||0|||77|||264
prob|||2|||11|||287|||264
uint|||2|||14|||169|||264
void|||14|||14|||224|||264
pixel|||3|||23|||110|||264
2|||1|||11|||204|||265
2|||2|||11|||210|||265
3|||1|||11|||231|||265
2|||3|||11|||237|||265
2|||4|||12|||85|||265
-4|||1|||13|||124|||265
-4|||2|||13|||154|||265
2|||5|||21|||87|||265
i|||4|||0|||45|||266
i|||28|||3|||55|||266
i|||29|||3|||62|||266
i|||32|||3|||114|||266
i|||65|||6|||56|||266
i|||67|||6|||67|||266
i|||114|||10|||54|||266
i|||144|||14|||165|||266
i|||165|||18|||29|||266
i|||169|||19|||45|||266
i|||174|||21|||28|||266
nodes|||3|||3|||45|||267
num|||2|||4|||52|||267
n|||2|||6|||49|||267
n|||3|||6|||87|||267
n|||4|||6|||119|||267
n|||6|||8|||28|||267
len|||4|||9|||202|||267
n|||9|||10|||44|||267
n|||10|||10|||75|||267
n|||11|||10|||128|||267
len|||6|||18|||21|||267
start|||2|||19|||28|||267
start|||3|||19|||32|||267
+|||33|||19|||33|||267
0|||30|||11|||249|||268
"|||22|||16|||225|||268
]|||44|||6|||68|||269
]|||59|||9|||89|||269
)|||62|||9|||90|||269
;|||91|||9|||91|||269
]|||62|||9|||162|||269
)|||68|||9|||163|||269
;|||98|||9|||164|||269
]|||102|||19|||54|||269
;|||250|||19|||55|||269
]|||116|||23|||63|||269
;|||288|||23|||64|||269
*|||77|||14|||220|||270
*|||82|||14|||298|||270
(|||170|||17|||177|||270
(|||171|||17|||190|||270
*|||116|||24|||103|||270
*|||117|||24|||110|||270
*|||118|||24|||116|||270
i|||13|||1|||36|||271
i|||91|||8|||49|||271
i|||95|||9|||55|||271
i|||100|||9|||128|||271
i|||178|||21|||68|||271
0|||6|||2|||23|||272
0|||13|||3|||81|||272
0|||28|||11|||82|||272
=|||181|||25|||90|||272
0|||73|||25|||91|||272
0|||74|||25|||117|||272
(|||7|||0|||86|||273
i|||9|||0|||87|||273
(|||85|||11|||131|||273
(|||86|||11|||137|||273
(|||92|||11|||234|||273
(|||204|||23|||85|||273
(|||214|||24|||79|||273
(|||215|||24|||80|||273
dv|||2|||4|||96|||274
dw|||2|||4|||112|||274
(|||32|||4|||127|||274
dv|||3|||4|||128|||274
dw|||3|||4|||130|||274
dv|||4|||4|||156|||274
;|||34|||3|||104|||275
defvert_add_index_notest|||1|||4|||154|||275
(|||34|||4|||155|||275
;|||89|||9|||62|||275
;|||96|||9|||135|||275
;|||145|||12|||24|||275
schedule(static,1)|||1|||12|||33|||275
)|||106|||13|||108|||275
ENDCOM|||10|||14|||144|||275
)|||216|||24|||94|||275
ENDCOM|||12|||24|||95|||275
)|||222|||25|||68|||275
)|||225|||25|||110|||275
;|||3|||0|||36|||276
;|||16|||2|||20|||276
;|||121|||11|||59|||276
;|||122|||11|||70|||276
;|||123|||11|||77|||276
;|||197|||15|||30|||276
;|||205|||16|||43|||276
if|||16|||16|||44|||276
;|||264|||21|||21|||276
;|||283|||23|||32|||276
mri_mask|||1|||17|||9|||277
pmask|||1|||17|||48|||277
mask|||1|||17|||50|||277
pmask|||2|||17|||98|||277
mri_mask|||2|||17|||103|||277
pmask|||3|||17|||147|||277
(|||186|||19|||150|||278
(|||187|||19|||153|||278
(|||216|||24|||90|||278
==|||1|||2|||46|||279
==|||2|||8|||50|||279
==|||3|||9|||31|||279
==|||5|||13|||106|||279
==|||7|||14|||21|||279
==|||8|||14|||88|||279
==|||12|||17|||129|||279
==|||13|||17|||133|||279
==|||14|||17|||137|||279
%|||14|||21|||67|||279
==|||15|||21|||69|||279
==|||16|||21|||118|||279
->|||15|||25|||40|||279
kernel_language|||1|||25|||41|||279
==|||18|||25|||42|||279
kernel_language|||3|||25|||133|||279
==|||20|||25|||134|||279
;|||86|||8|||76|||280
;|||107|||10|||35|||280
sum|||5|||10|||110|||280
;|||115|||10|||119|||280
;|||138|||11|||295|||280
;|||152|||12|||86|||280
;|||185|||14|||238|||280
;|||271|||21|||96|||280
}|||49|||13|||79|||281
}|||50|||13|||98|||281
}|||98|||25|||70|||281
}|||99|||25|||71|||281
}|||101|||25|||182|||281
}|||102|||25|||183|||281
}|||103|||25|||184|||281
}|||35|||9|||223|||282
}|||76|||18|||34|||282
}|||90|||22|||44|||282
time_step|||3|||3|||34|||283
rem_thresh|||1|||4|||38|||283
add_thresh|||2|||4|||151|||283
is_larger|||5|||12|||136|||283
is_larger|||6|||12|||146|||283
x_size|||1|||13|||21|||283
y_size|||1|||13|||24|||283
y_size|||2|||13|||41|||283
n_x|||1|||13|||50|||283
x_size|||2|||13|||56|||283
data_range|||1|||16|||21|||283
;|||211|||16|||129|||283
i|||155|||16|||130|||283
10|||1|||2|||37|||284
100|||1|||10|||118|||284
100|||2|||12|||45|||284
99|||1|||12|||80|||284
100|||3|||12|||82|||284
100000|||1|||19|||65|||284
101|||1|||21|||8|||284
100|||4|||21|||20|||284
100|||5|||21|||43|||284
100|||6|||21|||58|||284
100|||7|||21|||106|||284
30|||1|||23|||31|||284
]|||33|||3|||206|||285
)|||50|||7|||85|||285
]|||60|||9|||116|||285
,|||43|||9|||117|||285
]|||63|||9|||189|||285
,|||45|||9|||190|||285
]|||84|||11|||305|||285
,|||79|||13|||142|||285
]|||123|||25|||168|||285
,|||5|||3|||17|||286
,|||6|||3|||19|||286
,|||23|||5|||12|||286
,|||38|||8|||17|||286
,|||59|||11|||43|||286
,|||60|||11|||45|||286
,|||85|||14|||26|||286
,|||86|||14|||28|||286
,|||97|||15|||18|||286
,|||105|||16|||30|||286
,|||125|||17|||32|||286
,|||126|||17|||34|||286
,|||127|||17|||36|||286
float|||2|||4|||24|||287
float|||6|||5|||56|||287
float|||7|||6|||6|||287
float|||8|||6|||10|||287
float|||9|||6|||14|||287
float|||12|||9|||9|||287
float|||13|||10|||7|||287
float|||14|||10|||14|||287
float|||18|||11|||3|||287
double|||1|||13|||4|||287
double|||2|||13|||9|||287
float|||24|||17|||18|||287
float|||26|||19|||9|||287
float|||27|||19|||13|||287
float|||29|||19|||48|||287
float|||35|||22|||3|||287
float|||36|||22|||8|||287
)|||63|||9|||98|||288
;|||92|||9|||99|||288
)|||69|||9|||171|||288
;|||99|||9|||172|||288
;|||114|||10|||112|||288
;|||258|||19|||139|||288
)|||204|||23|||89|||288
;|||291|||23|||90|||288
dist|||2|||23|||91|||288
square|||2|||11|||208|||289
?|||3|||11|||209|||289
:|||4|||11|||211|||289
square|||3|||11|||235|||289
?|||4|||11|||236|||289
:|||5|||11|||238|||289
(|||127|||14|||176|||289
temp|||2|||10|||90|||290
sinf|||1|||19|||97|||290
sinf|||2|||19|||102|||290
cosf|||1|||19|||107|||290
cosf|||2|||19|||112|||290
calloc|||1|||5|||44|||291
(|||36|||5|||45|||291
m1|||4|||5|||46|||291
,|||1|||0|||9|||292
,|||36|||8|||7|||292
,|||83|||14|||8|||292
;|||181|||14|||211|||292
;|||186|||14|||252|||292
{|||3|||0|||65|||293
{|||5|||1|||47|||293
{|||8|||2|||42|||293
{|||21|||5|||108|||293
{|||28|||8|||46|||293
{|||39|||10|||80|||293
{|||51|||13|||61|||293
{|||58|||14|||162|||293
{|||62|||15|||55|||293
{|||74|||17|||125|||293
{|||80|||19|||70|||293
{|||85|||21|||63|||293
{|||87|||21|||111|||293
{|||102|||25|||128|||293
)|||3|||0|||64|||294
)|||14|||2|||41|||294
)|||21|||3|||89|||294
)|||53|||8|||45|||294
)|||76|||10|||79|||294
)|||84|||11|||90|||294
)|||93|||11|||257|||294
)|||139|||15|||54|||294
)|||152|||16|||164|||294
)|||178|||19|||69|||294
)|||192|||21|||62|||294
)|||202|||23|||46|||294
)|||224|||25|||101|||294
)|||226|||25|||127|||294
=|||8|||1|||29|||295
0|||3|||1|||30|||295
=|||16|||3|||40|||295
0|||9|||3|||41|||295
=|||24|||4|||47|||295
0|||14|||4|||48|||295
=|||33|||5|||64|||295
0|||16|||5|||65|||295
=|||37|||6|||44|||295
0|||18|||6|||45|||295
=|||39|||6|||82|||295
=|||45|||7|||32|||295
0|||21|||7|||33|||295
=|||64|||10|||39|||295
0|||24|||10|||40|||295
=|||71|||11|||51|||295
0|||27|||11|||52|||295
=|||133|||17|||73|||295
0|||57|||17|||74|||295
=|||139|||18|||16|||295
0|||62|||18|||17|||295
=|||159|||22|||23|||295
0|||69|||22|||24|||295
0|||1|||1|||0|||296
void|||10|||10|||4|||296
function|||1|||13|||0|||296
of|||1|||25|||4|||296
the|||2|||25|||5|||296
[|||97|||16|||166|||297
i|||157|||16|||167|||297
+|||32|||16|||235|||297
]|||98|||16|||237|||297
int|||29|||11|||16|||298
side|||1|||11|||17|||298
,|||53|||11|||18|||298
int|||30|||11|||19|||298
w|||7|||11|||20|||298
int|||59|||16|||20|||298
int|||86|||23|||33|||298
DETECT|||1|||1|||57|||299
sqrtf|||1|||6|||97|||299
exp|||1|||10|||83|||299
exp|||2|||10|||139|||299
Min|||1|||14|||98|||299
MRIgetVoxVal|||1|||17|||163|||299
acosf|||1|||19|||135|||299
dr|||3|||23|||93|||299
(|||223|||25|||73|||300
settings|||6|||25|||74|||300
)|||223|||25|||75|||300
;|||307|||25|||76|||300
settings|||7|||25|||77|||300
->|||17|||25|||78|||300
(|||231|||25|||186|||300
settings|||14|||25|||187|||300
)|||231|||25|||188|||300
;|||315|||25|||189|||300
settings|||15|||25|||190|||300
vol_flux_x_p|||1|||13|||7|||301
mass_flux_x_p|||1|||13|||12|||301
vol_flux_x_p|||2|||13|||66|||301
mass_flux_x_p|||2|||13|||85|||301
FIELD_P|||1|||25|||194|||301
;|||31|||3|||76|||302
]|||18|||3|||110|||302
;|||35|||3|||111|||302
]|||72|||11|||122|||302
;|||128|||11|||123|||302
;|||175|||14|||127|||302
++|||39|||17|||148|||302
;|||238|||17|||149|||302
internal_count|||1|||3|||47|||303
stencil_size|||1|||3|||85|||303
classes|||2|||11|||108|||303
classes|||3|||11|||132|||303
cube_s|||1|||20|||2|||303
ppcg_inner_steps|||1|||25|||97|||303
for|||6|||3|||37|||304
(|||20|||3|||38|||304
(|||41|||6|||42|||304
ENDCOM|||6|||12|||36|||304
for|||30|||12|||37|||304
(|||97|||12|||38|||304
for|||46|||17|||112|||304
(|||165|||17|||113|||304
&&|||4|||9|||29|||305
07267|||1|||10|||0|||305
401|||1|||10|||2|||305
(|||44|||6|||98|||306
(|||63|||9|||96|||306
(|||77|||10|||84|||306
(|||89|||11|||199|||306
(|||126|||14|||172|||306
=|||3|||0|||47|||307
=|||18|||3|||64|||307
]|||107|||21|||29|||307
=|||153|||21|||30|||307
=|||162|||23|||28|||307
]|||35|||4|||78|||308
:|||1|||4|||79|||308
num|||6|||11|||112|||308
ordered|||1|||12|||35|||308
i|||3|||0|||37|||309
i|||14|||1|||44|||309
i|||19|||2|||25|||309
i|||27|||3|||49|||309
i|||47|||4|||54|||309
i|||64|||6|||51|||309
i|||70|||6|||89|||309
i|||75|||6|||121|||309
i|||82|||7|||39|||309
i|||89|||8|||26|||309
i|||90|||8|||30|||309
i|||106|||9|||204|||309
i|||127|||11|||54|||309
i|||137|||12|||43|||309
i|||138|||12|||47|||309
i|||143|||14|||159|||309
i|||149|||15|||48|||309
j|||49|||16|||213|||309
fid|||9|||16|||219|||309
i|||167|||19|||30|||309
[|||5|||2|||48|||310
[|||7|||2|||57|||310
[|||8|||2|||62|||310
[|||88|||14|||33|||310
d|||8|||16|||95|||310
get_maxnodes|||1|||1|||16|||311
cols|||2|||5|||26|||311
rows|||1|||5|||30|||311
.|||6|||5|||33|||311
rows|||2|||5|||34|||311
+|||6|||5|||35|||311
rows|||3|||5|||38|||311
rows|||4|||5|||48|||311
side|||5|||11|||76|||311
for|||17|||7|||29|||312
(|||48|||7|||30|||312
for|||23|||10|||36|||312
(|||74|||10|||37|||312
for|||38|||15|||42|||312
"|||2|||7|||75|||313
(|||148|||16|||105|||313
{|||65|||16|||123|||313
]|||39|||5|||90|||314
;|||58|||5|||91|||314
;|||72|||6|||140|||314
;|||85|||8|||63|||314
]|||68|||10|||64|||314
;|||110|||10|||65|||314
;|||151|||12|||74|||314
]|||96|||15|||72|||314
;|||201|||15|||73|||314
site|||1|||1|||7|||315
site|||5|||1|||59|||315
angle|||1|||19|||133|||315
angle|||2|||19|||140|||315
angle|||3|||19|||142|||315
angle|||4|||19|||156|||315
+=|||1|||3|||116|||316
+|||4|||3|||184|||316
+=|||8|||14|||190|||316
+=|||9|||14|||213|||316
+=|||13|||17|||186|||316
+=|||15|||19|||159|||316
cheby_alphas|||1|||25|||155|||316
}|||6|||2|||84|||317
}|||14|||4|||142|||317
}|||31|||9|||121|||317
}|||33|||9|||194|||317
}|||46|||12|||75|||317
}|||60|||15|||74|||317
for|||43|||16|||203|||317
}|||71|||17|||216|||317
(|||198|||21|||142|||317
}|||92|||23|||112|||317
}|||100|||25|||171|||317
omp|||1|||6|||31|||318
omp|||2|||6|||36|||318
#pragma|||3|||6|||73|||318
omp|||3|||6|||74|||318
omp|||4|||6|||106|||318
omp|||5|||12|||30|||318
omp|||6|||12|||56|||318
omp|||7|||13|||28|||318
#pragma|||8|||14|||141|||318
cdir|||1|||14|||142|||318
i|||57|||5|||95|||319
i|||68|||6|||81|||319
i|||116|||10|||69|||319
i|||120|||10|||122|||319
j|||48|||16|||209|||319
z|||10|||17|||72|||319
z|||11|||17|||76|||319
z|||12|||17|||80|||319
u_int|||2|||1|||13|||320
int|||39|||11|||259|||320
int|||41|||12|||5|||320
int|||42|||12|||8|||320
int|||43|||12|||11|||320
int|||75|||21|||5|||320
int|||79|||21|||92|||320
int|||85|||23|||26|||320
int|||87|||23|||36|||320
[|||42|||6|||55|||321
[|||54|||8|||55|||321
[|||82|||11|||279|||321
[|||84|||11|||303|||321
[|||89|||14|||164|||321
[|||92|||15|||36|||321
[|||93|||15|||57|||321
[|||100|||18|||28|||321
[|||106|||21|||7|||321
[|||107|||21|||27|||321
[|||108|||21|||74|||321
[|||110|||21|||115|||321
[|||113|||22|||35|||321
temp_sol|||1|||3|||8|||322
step_sol|||1|||3|||12|||322
temp_sol|||2|||3|||24|||322
x_sol|||1|||3|||53|||322
y_sol|||1|||3|||60|||322
temp_sol|||3|||3|||107|||322
x_sol|||2|||3|||112|||322
step_sol|||2|||3|||162|||322
x_sol|||3|||3|||179|||322
y_sol|||3|||3|||197|||322
buffersize|||1|||7|||8|||323
buffersize|||2|||7|||37|||323
}|||25|||7|||92|||323
Settings|||1|||25|||15|||323
settings|||1|||25|||17|||323
settings|||2|||25|||29|||323
settings|||3|||25|||39|||323
settings|||8|||25|||95|||323
settings|||9|||25|||107|||323
settings|||10|||25|||121|||323
i|||150|||15|||53|||324
j|||53|||19|||68|||324
j|||58|||21|||61|||324
dws|||1|||4|||13|||325
dws|||2|||4|||87|||325
dws|||3|||4|||89|||325
+=|||4|||9|||64|||326
+=|||5|||9|||137|||326
+=|||7|||14|||92|||326
LOOPCNT|||2|||14|||93|||326
+=|||11|||14|||269|||326
char|||4|||7|||19|||327
softmax_array|||1|||10|||5|||327
zero_array|||1|||18|||1|||327
for|||5|||2|||29|||328
(|||14|||2|||30|||328
(|||21|||3|||78|||328
for|||49|||19|||56|||328
(|||178|||19|||57|||328
for|||52|||21|||49|||328
(|||192|||21|||50|||328
-|||3|||0|||88|||329
-|||9|||10|||91|||329
-|||11|||10|||147|||329
-|||15|||19|||91|||329
(|||81|||10|||140|||330
(|||116|||14|||58|||330
fopen|||1|||16|||35|||330
(|||143|||16|||36|||330
(|||164|||17|||102|||330
(|||225|||25|||104|||330
(|||167|||17|||141|||331
)|||167|||17|||142|||331
]|||43|||6|||63|||332
]|||67|||10|||55|||332
>|||2|||10|||56|||332
largest|||2|||10|||57|||332
>|||3|||11|||288|||332
)|||9|||1|||19|||333
;|||54|||5|||39|||333
ENDCOM|||5|||9|||33|||333
]|||66|||9|||221|||333
;|||104|||9|||222|||333
ENDCOM|||9|||14|||23|||333
;|||170|||14|||76|||333
)|||120|||14|||105|||333
;|||173|||14|||106|||333
;|||224|||17|||42|||333
;|||296|||24|||25|||333
1|||3|||0|||89|||334
1|||12|||9|||61|||334
1|||13|||9|||134|||334
1|||15|||11|||212|||334
1|||16|||11|||239|||334
1|||31|||23|||88|||334
28|||1|||24|||83|||334
r_|||1|||15|||14|||335
r_|||2|||15|||35|||335
r_|||3|||15|||56|||335
r_|||4|||15|||80|||335
P|||2|||0|||17|||336
count|||1|||1|||22|||336
count|||2|||5|||13|||336
sum|||1|||10|||26|||336
sum|||7|||10|||148|||336
sum|||8|||12|||6|||336
sum|||9|||12|||17|||336
width|||2|||17|||52|||336
cnt|||1|||21|||93|||336
best|||1|||23|||19|||336
float|||15|||10|||17|||337
*|||34|||10|||18|||337
output|||1|||10|||19|||337
output|||2|||10|||134|||337
dst|||1|||24|||13|||337
if|||4|||4|||145|||338
(|||33|||4|||146|||338
if|||19|||17|||150|||338
(|||168|||17|||151|||338
if|||23|||23|||97|||338
(|||205|||23|||98|||338
,|||48|||10|||16|||339
,|||49|||11|||6|||339
,|||57|||11|||32|||339
;|||140|||12|||7|||339
,|||88|||14|||115|||339
,|||89|||14|||118|||339
,|||95|||15|||5|||339
,|||98|||15|||79|||339
,|||138|||17|||179|||339
,|||163|||25|||106|||339
[|||9|||2|||67|||340
i|||22|||2|||68|||340
i|||30|||3|||69|||340
i|||33|||3|||121|||340
i|||35|||3|||138|||340
i|||41|||3|||194|||340
i|||170|||19|||53|||340
)|||8|||1|||8|||341
)|||51|||8|||13|||341
)|||137|||15|||11|||341
)|||188|||20|||6|||341
)|||189|||21|||3|||341
)|||217|||25|||18|||341
)|||64|||9|||108|||342
;|||93|||9|||109|||342
)|||70|||9|||181|||342
;|||100|||9|||182|||342
{|||84|||21|||48|||343
0|||2|||1|||24|||344
0|||4|||2|||8|||344
0|||15|||5|||15|||344
0|||20|||7|||17|||344
=|||52|||9|||24|||344
0|||22|||9|||25|||344
0|||23|||10|||28|||344
0|||33|||12|||19|||344
0|||43|||14|||44|||344
0|||44|||14|||49|||344
neighbors|||1|||3|||95|||345
[|||35|||4|||72|||345
indices|||2|||4|||73|||345
?|||1|||4|||74|||345
indices|||3|||4|||75|||345
rgba|||1|||23|||60|||345
;|||208|||16|||85|||346
"|||14|||16|||97|||346
,|||109|||16|||98|||346
data_cols|||4|||16|||169|||346
+|||31|||16|||170|||346
;|||221|||16|||239|||346
)|||4|||0|||78|||347
)|||47|||7|||26|||347
)|||115|||14|||56|||347
*|||73|||14|||135|||347
)|||123|||14|||136|||347
)|||125|||14|||170|||347
)|||132|||14|||249|||347
"|||19|||16|||180|||347
;|||222|||16|||249|||347
)|||186|||19|||152|||347
[|||13|||3|||54|||348
[|||14|||3|||61|||348
[|||19|||3|||113|||348
[|||30|||3|||180|||348
[|||38|||5|||80|||348
[|||39|||5|||88|||348
[|||75|||11|||170|||348
i|||48|||4|||63|||349
i|||56|||5|||89|||349
i|||66|||6|||62|||349
i|||77|||6|||131|||349
i|||78|||6|||138|||349
i|||83|||7|||49|||349
i|||108|||9|||215|||349
i|||109|||9|||220|||349
i|||119|||10|||87|||349
i|||124|||10|||143|||349
i|||129|||11|||67|||349
i|||130|||11|||74|||349
i|||139|||12|||53|||349
weight|||1|||4|||138|||350
temp|||4|||10|||106|||350
temp|||9|||19|||137|||350
dr|||4|||23|||95|||350
best|||2|||23|||108|||350
[|||49|||6|||137|||351
[|||58|||9|||75|||351
[|||61|||9|||148|||351
*|||6|||3|||11|||352
*|||11|||3|||178|||352
*|||15|||4|||11|||352
*|||16|||4|||12|||352
*|||18|||4|||25|||352
*|||23|||6|||11|||352
*|||24|||6|||15|||352
*|||31|||9|||10|||352
*|||32|||9|||14|||352
*|||56|||13|||10|||352
*|||86|||16|||8|||352
*|||99|||19|||14|||352
*|||108|||23|||8|||352
*|||113|||24|||18|||352
*|||10|||3|||171|||353
*|||50|||11|||215|||353
*|||101|||19|||101|||353
*|||102|||19|||111|||353
*|||103|||19|||116|||353
=|||48|||8|||23|||354
=|||91|||12|||40|||354
=|||109|||14|||80|||354
=|||179|||25|||24|||354
cc|||3|||25|||34|||354
xpp|||1|||14|||7|||355
xpp|||2|||14|||64|||355
*|||74|||14|||137|||355
xpp|||4|||14|||138|||355
*|||76|||14|||209|||355
xpp|||5|||14|||210|||355
xpp|||6|||14|||221|||355
xp|||8|||14|||227|||355
*|||81|||14|||250|||355
xpp|||7|||14|||251|||355
xp|||12|||14|||306|||355
,|||108|||16|||89|||356
fid|||6|||16|||106|||356
for|||40|||16|||124|||356
;|||218|||16|||198|||356
;|||276|||21|||151|||356
0xf0|||2|||24|||76|||356
if|||3|||4|||117|||357
(|||31|||4|||118|||357
(|||166|||17|||127|||357
if|||22|||21|||112|||357
(|||196|||21|||113|||357
+|||13|||11|||98|||358
+|||14|||11|||109|||358
+|||15|||11|||113|||358
+|||16|||11|||133|||358
+|||27|||13|||67|||358
+|||28|||13|||71|||358
+|||30|||13|||90|||358
<|||2|||1|||37|||359
<|||13|||9|||56|||359
<|||20|||11|||85|||359
n_x|||2|||13|||54|||359
<|||41|||24|||29|||359
(|||28|||4|||95|||360
)|||126|||14|||181|||360
(|||134|||14|||281|||360
xp|||11|||14|||282|||360
m2|||1|||5|||7|||361
m2|||2|||5|||36|||361
x2|||1|||19|||49|||361
x2|||2|||19|||90|||361
bestDist|||1|||23|||27|||361
)|||12|||2|||3|||362
)|||35|||5|||8|||362
)|||96|||12|||3|||362
)|||161|||17|||28|||362
if|||18|||17|||126|||363
if|||26|||25|||129|||363
(|||227|||25|||130|||363
settings|||11|||25|||131|||363
for|||4|||2|||15|||364
(|||13|||2|||16|||364
(|||52|||8|||21|||364
(|||83|||11|||49|||364
for|||27|||11|||78|||364
(|||84|||11|||79|||364
(|||138|||15|||22|||364
(|||200|||22|||21|||364
,|||80|||13|||144|||365
y|||13|||17|||107|||365
y|||15|||17|||169|||365
y|||16|||17|||182|||365
,|||142|||17|||194|||365
y|||17|||17|||195|||365
,|||145|||17|||209|||365
y|||18|||17|||210|||365
=|||2|||0|||28|||366
=|||4|||0|||55|||366
=|||10|||2|||7|||366
=|||12|||2|||18|||366
=|||41|||6|||114|||366
=|||43|||7|||16|||366
=|||141|||19|||27|||366
=|||152|||21|||15|||366
=|||154|||21|||38|||366
=|||158|||21|||101|||366
else|||2|||4|||144|||367
else|||4|||9|||123|||367
j|||47|||16|||205|||367
else|||10|||25|||172|||367
=|||27|||4|||86|||368
=|||54|||9|||82|||368
=|||58|||9|||155|||368
=|||73|||11|||73|||368
=|||80|||11|||175|||368
=|||143|||19|||50|||368
=|||146|||19|||81|||368
=|||182|||25|||116|||368
node_set_val|||1|||1|||52|||369
weights|||1|||4|||26|||369
.|||8|||5|||41|||369
vals|||1|||5|||42|||369
vals|||2|||5|||79|||369
vals|||4|||5|||111|||369
vals|||5|||5|||119|||369
probs|||1|||11|||31|||369
boxes|||1|||11|||35|||369
probs|||2|||11|||278|||369
probs|||3|||11|||302|||369
mri_mean|||1|||17|||23|||369
mri_std|||1|||17|||27|||369
mri_mean|||2|||17|||178|||369
hist|||1|||19|||20|||369
hist|||2|||19|||148|||369
;|||10|||1|||25|||370
{|||14|||4|||57|||370
;|||73|||7|||18|||370
;|||189|||14|||264|||370
;|||247|||19|||29|||370
/|||1|||6|||70|||371
/|||2|||9|||217|||371
/|||3|||10|||89|||371
/|||6|||10|||145|||371
/|||8|||11|||164|||371
/|||9|||11|||186|||371
/|||12|||19|||143|||371
<<|||2|||23|||77|||371
>>|||3|||24|||48|||371
>>|||5|||24|||72|||371
;|||240|||17|||188|||372
;|||270|||21|||88|||372
++|||48|||21|||123|||372
;|||274|||21|||124|||372
;|||284|||23|||35|||372
;|||293|||23|||107|||372
;|||311|||25|||111|||372
i|||20|||2|||49|||373
i|||21|||2|||58|||373
+|||3|||2|||59|||373
i|||92|||8|||56|||373
x|||13|||17|||180|||373
"|||5|||12|||123|||374
)|||148|||16|||115|||374
major|||2|||16|||119|||374
<|||31|||16|||196|||374
\n|||11|||21|||146|||374
int|||5|||3|||15|||375
int|||12|||4|||41|||375
int|||13|||5|||10|||375
int|||15|||6|||27|||375
int|||18|||7|||14|||375
int|||21|||8|||15|||375
int|||23|||9|||22|||375
int|||25|||10|||22|||375
int|||33|||11|||41|||375
int|||55|||15|||16|||375
int|||60|||16|||28|||375
int|||64|||17|||30|||375
int|||82|||22|||17|||375
sizeof|||1|||5|||54|||376
4|||1|||11|||145|||376
4|||2|||15|||29|||376
4|||3|||15|||50|||376
,|||33|||7|||76|||377
\n|||2|||12|||111|||377
\n|||3|||12|||133|||377
return|||6|||16|||73|||377
,|||111|||16|||107|||377
(|||150|||16|||125|||377
i|||160|||16|||199|||377
,|||152|||21|||135|||377
FILE|||1|||16|||24|||378
for|||12|||6|||41|||379
for|||22|||9|||197|||379
(|||72|||9|||198|||379
for|||32|||13|||32|||379
(|||104|||13|||33|||379
for|||41|||16|||138|||379
[|||40|||5|||112|||380
,|||35|||7|||83|||380
[|||60|||9|||114|||380
[|||63|||9|||187|||380
[|||87|||13|||133|||380
[|||90|||14|||183|||380
}|||69|||16|||251|||380
[|||105|||19|||149|||380
[|||118|||25|||80|||380
[|||124|||25|||193|||380
v|||2|||15|||7|||381
v|||3|||15|||69|||381
CARD32|||1|||23|||55|||381
v|||4|||23|||56|||381
r|||6|||23|||65|||381
v|||5|||23|||67|||381
rg|||1|||24|||43|||381
;|||6|||0|||61|||382
;|||12|||1|||43|||382
;|||19|||2|||38|||382
;|||33|||3|||86|||382
;|||60|||5|||104|||382
;|||84|||8|||42|||382
;|||112|||10|||76|||382
;|||125|||11|||87|||382
;|||148|||12|||46|||382
;|||159|||13|||57|||382
;|||200|||15|||51|||382
;|||236|||17|||121|||382
;|||252|||19|||66|||382
;|||267|||21|||44|||382
;|||269|||21|||59|||382
;|||273|||21|||107|||382
;|||313|||25|||124|||382
(|||1|||0|||4|||383
(|||8|||1|||4|||383
(|||12|||2|||2|||383
(|||16|||3|||2|||383
(|||26|||4|||2|||383
(|||35|||5|||2|||383
(|||40|||6|||2|||383
(|||46|||7|||2|||383
(|||51|||8|||2|||383
(|||55|||9|||2|||383
(|||73|||10|||6|||383
(|||82|||11|||2|||383
(|||96|||12|||2|||383
(|||103|||13|||3|||383
(|||114|||14|||2|||383
(|||137|||15|||2|||383
(|||142|||16|||2|||383
(|||161|||17|||2|||383
(|||174|||18|||2|||383
(|||176|||19|||2|||383
(|||188|||20|||3|||383
(|||189|||21|||2|||383
(|||199|||22|||2|||383
(|||201|||23|||3|||383
(|||206|||24|||2|||383
(|||217|||25|||10|||383
]|||24|||3|||142|||384
]|||31|||3|||195|||384
*|||13|||3|||196|||384
\n|||1|||7|||74|||384
]|||71|||10|||144|||384
]|||80|||11|||232|||384
]|||87|||13|||135|||384
]|||121|||25|||158|||384
)|||36|||5|||58|||385
++|||29|||14|||273|||385
)|||133|||14|||274|||385
+|||8|||6|||64|||386
+|||9|||6|||135|||386
+|||19|||11|||158|||386
]|||74|||11|||160|||386
+|||20|||11|||161|||386
+|||22|||11|||183|||386
+|||29|||13|||86|||386
+|||35|||21|||83|||386
)|||87|||11|||163|||387
)|||98|||12|||65|||387
)|||179|||19|||100|||387
)|||180|||19|||105|||387
+|||34|||19|||106|||387
)|||181|||19|||110|||387
)|||182|||19|||115|||387
)|||209|||24|||53|||387
>>|||4|||24|||58|||387
padding|||1|||0|||0|||388
characters|||1|||0|||1|||388
static|||1|||1|||1|||388
matrix|||1|||5|||0|||388
the|||1|||25|||1|||388
restrict|||1|||13|||6|||389
restrict|||2|||13|||11|||389
restrict|||3|||13|||17|||389
=|||89|||12|||22|||390
1|||17|||12|||23|||390
1|||30|||23|||29|||390
<<|||1|||23|||30|||390
b3d9c82c5f695f932c9f504d2b6a592|||1|||10|||3|||391
)|||112|||13|||157|||391
)|||113|||13|||158|||391
)|||140|||15|||85|||391
)|||141|||15|||86|||391
)|||173|||17|||223|||391
0xf|||2|||24|||86|||391
)|||215|||24|||87|||391
FORTRAN|||2|||25|||179|||391
)|||230|||25|||180|||391
{|||104|||25|||181|||391
n|||1|||6|||4|||392
n|||5|||8|||9|||392
len|||1|||9|||19|||392
n|||8|||10|||12|||392
len|||5|||18|||9|||392
start|||1|||19|||7|||392
update_global_node_set|||1|||1|||3|||393
odefun|||1|||3|||1|||393
mset|||1|||8|||1|||393
door|||1|||21|||1|||393
is|||1|||12|||125|||394
==|||11|||16|||120|||394
data_rows|||4|||16|||197|||394
}|||67|||16|||240|||394
%|||16|||21|||131|||394
"|||28|||21|||147|||394
uint|||1|||14|||12|||395
ushort|||1|||14|||31|||395
ushort|||2|||14|||37|||395
long|||4|||19|||17|||395
,|||7|||4|||6|||396
,|||22|||5|||5|||396
,|||26|||6|||9|||396
,|||30|||7|||6|||396
,|||39|||9|||7|||396
,|||46|||10|||10|||396
,|||100|||16|||6|||396
,|||101|||16|||10|||396
,|||148|||19|||5|||396
,|||159|||24|||7|||396
%|||11|||16|||109|||397
d|||9|||16|||110|||397
\n|||7|||16|||111|||397
"|||16|||16|||112|||397
0|||53|||16|||128|||397
,|||14|||4|||33|||398
,|||29|||6|||21|||398
float|||11|||6|||22|||398
*|||26|||6|||23|||398
,|||56|||11|||27|||398
float|||20|||11|||28|||398
,|||123|||17|||20|||398
MRI|||4|||17|||21|||398
*|||93|||17|||22|||398
,|||124|||17|||24|||398
]|||25|||3|||149|||399
+=|||3|||3|||150|||399
srslte_simd_f_rcp|||1|||9|||95|||399
srslte_simd_cf_mul|||1|||9|||103|||399
<|||40|||23|||100|||399
i|||16|||2|||6|||400
i|||24|||3|||16|||400
i|||87|||8|||16|||400
i|||125|||11|||42|||400
i|||131|||11|||95|||400
i|||140|||14|||25|||400
i|||147|||15|||17|||400
i|||153|||16|||29|||400
x|||7|||17|||31|||400
matrix|||4|||5|||17|||401
float|||16|||10|||25|||401
float|||17|||10|||30|||401
float|||23|||17|||15|||401
float|||25|||17|||43|||401
fid|||1|||16|||26|||402
fid|||2|||16|||33|||402
NULL|||2|||16|||48|||402
"|||12|||16|||83|||402
\n|||6|||16|||96|||402
if|||17|||16|||117|||402
*|||88|||16|||168|||402
;|||217|||16|||194|||402
)|||6|||0|||90|||403
)|||22|||3|||170|||403
-1|||2|||3|||187|||403
)|||24|||3|||188|||403
*|||12|||3|||189|||403
)|||110|||13|||138|||403
c|||2|||6|||54|||404
c|||4|||7|||20|||404
c|||5|||7|||22|||404
c|||6|||7|||45|||404
r|||7|||23|||71|||404
C|||1|||25|||43|||404
VEC4|||1|||15|||3|||405
VEC4|||2|||15|||6|||405
MAT4|||1|||15|||9|||405
VEC4|||3|||15|||13|||405
int|||14|||6|||3|||406
int|||65|||18|||3|||406
ar|||1|||18|||4|||406
int|||68|||19|||3|||406
int|||70|||19|||18|||406
int|||73|||19|||151|||406
defgrp_idx|||3|||4|||158|||407
vol_flux_x|||1|||13|||63|||407
mass_flux_x|||1|||13|||82|||407
FIELD_VOL_FLUX_X|||1|||13|||104|||407
vol_flux_x|||2|||13|||111|||407
vol_flux_x|||3|||13|||122|||407
FIELD_MASS_FLUX_X|||1|||13|||134|||407
mass_flux_x|||2|||13|||141|||407
mass_flux_x|||3|||13|||152|||407
xp|||6|||14|||203|||407
x|||12|||17|||167|||407
x|||14|||17|||193|||407
x|||15|||17|||208|||407
nodes|||1|||1|||14|||408
nodes|||2|||1|||34|||408
rows|||5|||5|||52|||408
rows|||6|||5|||71|||408
side|||2|||11|||56|||408
nelems|||1|||14|||10|||408
nelems|||2|||14|||85|||408
nelems|||3|||14|||100|||408
ni|||4|||14|||157|||408
nelems|||4|||14|||261|||408
nelems|||5|||14|||265|||408
rows|||8|||19|||4|||408
rows|||9|||19|||34|||408
nx|||1|||22|||14|||408
nx|||2|||22|||28|||408
[|||1|||0|||18|||409
[|||2|||0|||42|||409
[|||3|||0|||67|||409
.|||12|||5|||78|||409
.|||15|||5|||110|||409
[|||45|||6|||93|||409
[|||47|||6|||125|||409
[|||56|||8|||68|||409
[|||64|||9|||209|||409
[|||70|||10|||135|||409
,|||11|||4|||22|||410
,|||71|||13|||19|||410
,|||104|||16|||19|||410
=|||55|||9|||94|||411
=|||59|||9|||167|||411
i|||38|||3|||164|||412
i|||42|||3|||199|||412
i|||43|||3|||205|||412
i|||71|||6|||94|||412
i|||72|||6|||101|||412
i|||76|||6|||126|||412
;|||79|||7|||90|||412
i|||99|||9|||115|||412
i|||104|||9|||188|||412
i|||107|||9|||210|||412
i|||123|||10|||136|||412
index|||10|||11|||304|||412
(|||123|||14|||133|||413
ushort|||3|||14|||134|||413
(|||130|||14|||205|||413
ushort|||4|||14|||206|||413
(|||132|||14|||245|||413
UINT_MAX|||2|||14|||196|||414
fid|||4|||16|||78|||414
DiagBreak|||1|||17|||140|||414
=|||19|||3|||71|||415
0|||12|||3|||72|||415
=|||90|||12|||26|||415
0|||34|||12|||27|||415
)|||46|||7|||12|||416
)|||55|||9|||20|||416
)|||174|||18|||10|||416
)|||199|||22|||15|||416
>>|||1|||0|||85|||417
>>|||2|||23|||87|||417
||||3|||24|||78|||417
>>|||6|||24|||82|||417
i|||55|||5|||74|||418
i|||59|||5|||106|||418
i|||113|||10|||47|||418
i|||118|||10|||78|||418
i|||122|||10|||131|||418
i|||128|||11|||61|||418
j|||27|||11|||256|||418
i|||168|||19|||37|||418
i|||173|||21|||23|||418
(|||50|||7|||54|||419
,|||32|||7|||56|||419
"|||1|||7|||57|||419
(|||100|||12|||88|||419
,|||63|||12|||90|||419
"|||3|||12|||91|||419
The|||1|||16|||54|||419
▁|||15|||16|||55|||419
\n|||5|||16|||82|||419
(|||197|||21|||129|||419
"|||25|||21|||130|||419
>|||1|||4|||150|||420
r|||1|||9|||101|||421
r|||2|||9|||118|||421
r|||3|||9|||174|||421
r|||4|||9|||191|||421
sizeof|||2|||15|||82|||421
tmp|||5|||19|||119|||421
1L|||1|||19|||160|||421
rg|||2|||24|||107|||421
rg|||3|||24|||114|||421
ba|||3|||24|||120|||421
pp|||5|||25|||167|||421
-|||1|||0|||34|||422
-|||5|||6|||132|||422
-|||6|||9|||58|||422
-|||7|||9|||131|||422
-|||8|||10|||33|||422
(|||120|||14|||99|||422
-|||14|||14|||101|||422
-|||16|||23|||84|||422
]|||88|||14|||35|||423
)|||210|||24|||60|||423
&|||12|||24|||61|||423
cc|||4|||25|||52|||423
]|||117|||25|||53|||423
)|||220|||25|||54|||423
,|||162|||25|||55|||423
]|||120|||25|||153|||423
.|||21|||25|||154|||423
(|||61|||9|||72|||424
&|||2|||9|||73|||424
srslte_simd_cfi_loadu|||1|||9|||144|||424
(|||67|||9|||145|||424
&|||5|||9|||146|||424
||||2|||24|||54|||424
]|||10|||2|||72|||425
]|||81|||11|||276|||425
;|||137|||11|||277|||425
for|||42|||16|||189|||425
]|||103|||19|||77|||425
]|||104|||19|||85|||425
;|||254|||19|||86|||425
]|||114|||22|||42|||425
;|||280|||22|||43|||425
y_sol|||2|||3|||129|||426
[|||22|||3|||130|||426
i|||34|||3|||131|||426
]|||22|||3|||132|||426
+=|||2|||3|||133|||426
z|||14|||17|||136|||426
settings|||5|||25|||63|||426
=|||1|||0|||21|||427
=|||14|||2|||65|||427
=|||34|||5|||84|||427
=|||38|||6|||58|||427
=|||50|||8|||61|||427
=|||114|||14|||167|||427
=|||123|||15|||39|||427
=|||140|||18|||31|||427
=|||156|||21|||77|||427
=|||160|||22|||38|||427
0|||29|||11|||159|||428
0|||46|||14|||89|||428
0|||48|||14|||233|||428
0|||49|||14|||263|||428
++|||32|||16|||135|||428
0|||59|||17|||105|||428
0|||61|||17|||173|||428
0|||66|||21|||70|||428
0|||68|||21|||119|||428
0|||70|||23|||23|||428
0xf0|||1|||24|||52|||428
)|||5|||0|||84|||429
)|||85|||11|||135|||429
+|||5|||3|||202|||430
ni|||5|||14|||214|||430
+=|||10|||14|||217|||430
ni|||6|||14|||218|||430
+=|||14|||17|||199|||430
++|||40|||17|||214|||430
cheby_betas|||1|||25|||165|||430
float|||3|||4|||31|||431
float|||4|||4|||37|||431
float|||5|||4|||58|||431
float|||10|||6|||18|||431
float|||19|||11|||25|||431
float|||21|||11|||116|||431
float|||22|||11|||266|||431
float|||28|||19|||40|||431
float|||30|||19|||71|||431
float|||31|||19|||79|||431
float|||32|||19|||87|||431
float|||33|||19|||94|||431
)|||2|||0|||39|||432
)|||10|||1|||46|||432
)|||13|||2|||27|||432
)|||20|||3|||51|||432
)|||27|||4|||56|||432
)|||38|||5|||75|||432
)|||39|||5|||107|||432
)|||48|||7|||41|||432
)|||72|||9|||206|||432
)|||74|||10|||48|||432
)|||80|||10|||132|||432
)|||83|||11|||62|||432
)|||97|||12|||49|||432
)|||105|||13|||60|||432
)|||124|||14|||161|||432
)|||151|||16|||150|||432
)|||165|||17|||124|||432
)|||175|||18|||25|||432
)|||177|||19|||38|||432
)|||191|||21|||47|||432
)|||195|||21|||110|||432
)|||200|||22|||32|||432
i|||31|||3|||97|||433
[|||36|||4|||76|||433
i|||49|||4|||77|||433
i|||50|||4|||80|||433
defgrp_idx|||2|||4|||98|||433
i|||132|||11|||110|||433
num|||7|||11|||134|||433
n_x|||4|||13|||68|||433
n_x|||5|||13|||87|||433
pixel|||2|||23|||62|||433
FIELD_SD|||1|||25|||81|||433
cc|||9|||25|||152|||433
m|||7|||5|||126|||434
(|||102|||12|||140|||434
nrange|||1|||14|||42|||434
nrange|||4|||14|||231|||434
==|||9|||14|||232|||434
status|||1|||14|||254|||434
status|||3|||14|||309|||434
(|||173|||17|||221|||434
best|||3|||23|||115|||434
do_add|||1|||4|||29|||435
do_rem|||1|||4|||35|||435
do_rem|||2|||4|||119|||435
do_add|||2|||4|||147|||435
largest|||1|||10|||31|||435
is_larger|||1|||12|||9|||435
is_larger|||2|||12|||21|||435
is_larger|||3|||12|||60|||435
realign|||1|||14|||47|||435
unsigned|||1|||0|||5|||436
char|||1|||0|||6|||436
char|||3|||7|||3|||436
char|||6|||14|||60|||436
char|||9|||16|||3|||436
short|||1|||20|||4|||436
site|||4|||1|||48|||437
nodes|||4|||3|||93|||437
nodes|||6|||3|||190|||437
fields|||1|||13|||18|||437
fields|||2|||13|||102|||437
fields|||3|||13|||132|||437
chunks|||2|||25|||50|||437
chunks|||3|||25|||105|||437
chunks|||4|||25|||142|||437
chunks|||5|||25|||150|||437
chunks|||6|||25|||160|||437
)|||1|||0|||15|||438
)|||16|||3|||13|||438
)|||40|||6|||25|||438
)|||73|||10|||20|||438
)|||114|||14|||15|||438
)|||176|||19|||21|||438
)|||201|||23|||16|||438
)|||206|||24|||14|||438
GammaHV|||1|||3|||151|||439
[|||26|||3|||152|||439
i|||37|||3|||153|||439
[|||46|||6|||100|||439
,|||141|||17|||192|||439
[|||123|||25|||166|||439
if|||27|||25|||173|||439
(|||230|||25|||174|||439
[|||4|||1|||53|||440
[|||11|||2|||75|||440
]|||11|||2|||77|||440
[|||12|||2|||78|||440
[|||27|||3|||155|||440
[|||28|||3|||163|||440
[|||57|||8|||71|||440
srslte_simd_cfi_store|||1|||9|||110|||440
srslte_simd_cfi_storeu|||1|||9|||183|||440
[|||83|||11|||282|||440
[|||85|||11|||306|||440
,|||75|||13|||112|||441
,|||76|||13|||114|||441
,|||133|||17|||108|||441
,|||135|||17|||168|||441
,|||136|||17|||170|||441
,|||139|||17|||181|||441
,|||140|||17|||183|||441
,|||143|||17|||196|||441
,|||146|||17|||211|||441
time_step|||1|||3|||4|||442
time_step|||2|||3|||29|||442
FLT_MAX|||1|||10|||34|||442
Max|||1|||14|||171|||442
UINT_MIN|||1|||14|||173|||442
Min|||2|||14|||175|||442
UINT_MAX|||1|||14|||177|||442
NC_ERANGE|||1|||14|||237|||442
DEBUG_X|||1|||17|||130|||442
fid|||5|||16|||88|||443
}|||64|||16|||175|||443
fid|||10|||16|||243|||443
,|||118|||16|||244|||443
"|||26|||21|||134|||443
)|||198|||21|||150|||443
dw|||4|||4|||136|||444
xp|||3|||14|||131|||444
printf|||2|||21|||128|||444
dst|||2|||24|||97|||444
dst|||3|||24|||104|||444
dst|||4|||24|||111|||444
dst|||5|||24|||117|||444
CLAMP|||1|||4|||101|||445
.|||17|||11|||151|||445
x|||6|||11|||152|||445
*|||41|||11|||105|||446
side|||7|||11|||106|||446
*|||42|||11|||107|||446
side|||8|||11|||127|||446
*|||44|||11|||128|||446
side|||9|||11|||129|||446
*|||45|||11|||130|||446
*|||48|||11|||166|||446
side|||11|||11|||187|||446
*|||49|||11|||188|||446
h|||2|||11|||189|||446
*|||104|||19|||145|||446
=|||44|||7|||23|||447
(|||47|||7|||24|||447
char|||5|||7|||25|||447
buffer|||2|||7|||47|||447
pIndexed|||1|||23|||5|||448
pIndexed|||2|||23|||58|||448
uint64_t|||1|||0|||10|||449
cf_t|||1|||9|||4|||449
simd_cf_t|||1|||9|||68|||449
simd_cf_t|||2|||9|||100|||449
simd_cf_t|||3|||9|||141|||449
ptr_double|||1|||13|||62|||449
uint32_t|||1|||24|||4|||449
uint8_t|||1|||24|||11|||449
uint32_t|||2|||24|||17|||449
uint32_t|||3|||24|||34|||449
i|||2|||0|||31|||450
i|||18|||2|||21|||450
i|||74|||6|||117|||450
i|||96|||9|||63|||450
i|||101|||9|||136|||450
i|||142|||14|||155|||450
j|||44|||16|||144|||450
i|||172|||21|||18|||450
i|||176|||21|||41|||450
i|||177|||21|||45|||450
i|||181|||21|||108|||450
out|||1|||15|||4|||451
memcpy|||2|||15|||76|||451
(|||140|||15|||77|||451
out|||2|||15|||78|||451
[|||50|||7|||48|||452
[|||115|||23|||22|||452
;|||22|||3|||21|||453
;|||52|||5|||19|||453
;|||74|||7|||21|||453
;|||80|||8|||19|||453
;|||119|||11|||47|||453
;|||164|||14|||30|||453
;|||166|||14|||40|||453
ENDCOM|||11|||14|||148|||453
;|||194|||15|||15|||453
;|||195|||15|||20|||453
;|||203|||16|||27|||453
;|||204|||16|||32|||453
;|||225|||17|||45|||453
;|||226|||17|||51|||453
;|||286|||23|||41|||453
for|||1|||0|||24|||454
for|||50|||21|||11|||454
n_x|||3|||13|||58|||455
}|||63|||16|||75|||455
%|||9|||16|||91|||455
i|||154|||16|||126|||455
++|||34|||16|||200|||455
)|||155|||16|||201|||455
node_set_len|||1|||1|||42|||456
SRSLTE_IS_ALIGNED|||2|||9|||41|||456
SRSLTE_IS_ALIGNED|||3|||9|||46|||456
data_cols|||1|||16|||15|||456
,|||114|||16|||161|||456
(|||153|||16|||162|||456
[|||98|||16|||231|||456
height|||3|||17|||62|||456
height|||4|||17|||92|||456
src_end|||1|||24|||20|||456
src_end|||2|||24|||30|||456
if|||7|||9|||34|||457
(|||56|||9|||35|||457
if|||8|||10|||50|||457
(|||75|||10|||51|||457
fid|||3|||16|||46|||457
==|||10|||16|||47|||457
if|||24|||25|||37|||457
(|||219|||25|||38|||457
=|||28|||4|||139|||458
=|||36|||5|||116|||458
=|||175|||24|||100|||458
=|||176|||24|||106|||458
=|||177|||24|||113|||458
=|||178|||24|||119|||458
;|||7|||0|||94|||459
;|||94|||9|||120|||459
;|||161|||13|||99|||459
(|||146|||16|||77|||459
;|||242|||17|||215|||459
0.0f|||1|||4|||105|||460
1.0f|||1|||4|||107|||460
2.0f|||1|||6|||71|||460
1.0f|||2|||19|||126|||460
1.0f|||3|||19|||130|||460
;|||257|||19|||131|||460
float|||34|||19|||132|||460
,|||107|||16|||79|||461
hv_sol|||1|||3|||67|||462
hv_sol|||2|||3|||146|||462
hv_sol|||3|||3|||203|||462
add_thresh|||1|||4|||32|||462
rem_thresh|||2|||4|||123|||462
hi_val|||1|||17|||19|||462
hi_val|||2|||17|||158|||462
=|||53|||9|||70|||463
=|||57|||9|||143|||463
=|||72|||11|||66|||463
=|||79|||11|||153|||463
=|||85|||11|||268|||463
=|||92|||12|||52|||463
=|||163|||23|||50|||463
)|||25|||3|||201|||464
]|||40|||5|||115|||464
)|||111|||13|||146|||464
)|||170|||17|||185|||464
)|||171|||17|||198|||464
)|||172|||17|||213|||464
++|||4|||2|||40|||465
++|||6|||3|||88|||465
++|||7|||4|||55|||465
++|||15|||7|||40|||465
++|||17|||8|||44|||465
++|||26|||13|||44|||465
++|||27|||13|||59|||465
input|||8|||16|||230|||465
data_rows|||5|||16|||234|||465
++|||36|||17|||81|||465
++|||37|||17|||95|||465
++|||41|||18|||24|||465
++|||49|||22|||31|||465
->|||1|||1|||39|||466
->|||3|||3|||46|||466
->|||4|||3|||94|||466
->|||7|||3|||173|||466
.|||3|||5|||21|||466
.|||4|||5|||25|||466
mri|||2|||17|||54|||466
->|||10|||17|||55|||466
mri|||3|||17|||60|||466
+|||36|||24|||23|||466
->|||22|||25|||191|||466
;|||62|||5|||127|||467
}|||26|||7|||93|||467
;|||139|||11|||311|||467
;|||155|||12|||147|||467
;|||192|||14|||307|||467
;|||260|||19|||161|||467
;|||295|||23|||116|||467
;|||316|||25|||198|||467
site|||2|||1|||18|||468
j|||34|||14|||102|||468
,|||87|||14|||103|||468
;|||5|||0|||57|||469
;|||11|||1|||31|||469
;|||18|||2|||34|||469
;|||26|||3|||42|||469
;|||32|||3|||82|||469
;|||42|||4|||49|||469
;|||55|||5|||60|||469
;|||56|||5|||66|||469
;|||59|||5|||98|||469
;|||64|||6|||46|||469
;|||67|||6|||84|||469
;|||70|||6|||116|||469
;|||76|||7|||34|||469
;|||81|||8|||25|||469
;|||108|||10|||41|||469
;|||111|||10|||72|||469
;|||116|||10|||125|||469
;|||120|||11|||53|||469
;|||124|||11|||83|||469
;|||134|||11|||250|||469
;|||147|||12|||42|||469
;|||156|||13|||38|||469
;|||158|||13|||53|||469
;|||171|||14|||82|||469
;|||177|||14|||154|||469
;|||196|||15|||26|||469
;|||199|||15|||47|||469
;|||213|||16|||143|||469
;|||220|||16|||212|||469
,|||117|||16|||226|||469
;|||230|||17|||75|||469
;|||232|||17|||89|||469
;|||235|||17|||117|||469
;|||243|||17|||224|||469
;|||251|||19|||62|||469
;|||263|||21|||17|||469
;|||272|||21|||103|||469
;|||304|||25|||26|||469
;|||309|||25|||92|||469
;|||312|||25|||118|||469
(|||18|||3|||28|||470
,|||18|||4|||106|||470
]|||78|||11|||205|||470
,|||61|||11|||206|||470
,|||77|||13|||123|||470
,|||78|||13|||125|||470
,|||82|||13|||155|||470
,|||90|||14|||174|||470
,|||122|||17|||17|||470
&&|||13|||17|||155|||470
SRSLTE_IS_ALIGNED|||1|||9|||36|||471
write_graphics|||1|||16|||1|||471
reset_fields_to_exchange|||1|||25|||72|||471
fields_to_exchange|||1|||25|||79|||471
reset_fields_to_exchange|||2|||25|||185|||471
fields_to_exchange|||2|||25|||192|||471
;|||25|||3|||36|||472
;|||87|||9|||26|||472
;|||102|||9|||199|||472
;|||146|||12|||28|||472
;|||168|||14|||50|||472
test_omp_parallel_for_ordered|||1|||12|||1|||473
calc_angles_RR|||1|||19|||1|||473
num_chunks_per_rank|||1|||25|||31|||473
num_chunks_per_rank|||2|||25|||123|||473
.|||5|||5|||29|||474
,|||128|||17|||38|||474
height|||1|||17|||39|||474
,|||129|||17|||40|||474
height|||2|||17|||58|||474
;|||228|||17|||63|||474
=|||132|||17|||65|||474
;|||233|||17|||93|||474
;|||2|||0|||30|||475
;|||14|||2|||9|||475
;|||15|||2|||14|||475
;|||17|||2|||24|||475
;|||51|||5|||16|||475
{|||25|||7|||42|||475
;|||83|||8|||38|||475
;|||167|||14|||45|||475
%|||12|||16|||157|||475
;|||266|||21|||40|||475
[|||74|||11|||156|||476
[|||78|||11|||201|||476
[|||81|||11|||272|||476
[|||86|||13|||103|||476
[|||117|||25|||51|||476
[|||119|||25|||143|||476
[|||120|||25|||151|||476
inner|||1|||25|||2|||477
iterations|||1|||25|||3|||477
solver|||1|||25|||7|||477
=|||6|||1|||15|||478
cols|||1|||5|||22|||478
=|||30|||5|||23|||478
=|||31|||5|||31|||478
=|||130|||17|||53|||478
=|||131|||17|||59|||478
=|||171|||24|||21|||478
[|||25|||3|||147|||479
)|||146|||16|||84|||479
i|||159|||16|||195|||479
]|||34|||4|||64|||480
;|||44|||4|||65|||480
;|||126|||11|||100|||480
;|||136|||11|||265|||480
;|||149|||12|||54|||480
]|||101|||19|||46|||480
;|||249|||19|||47|||480
;|||253|||19|||78|||480
++|||50|||23|||53|||480
;|||287|||23|||54|||480
++|||51|||24|||39|||480
;|||297|||24|||40|||480
[|||15|||3|||68|||481
%|||3|||7|||71|||481
d|||3|||7|||72|||481
[|||109|||21|||80|||481
->|||13|||23|||59|||481
<|||14|||9|||129|||482
<|||15|||9|||201|||482
(|||53|||8|||34|||483
(|||58|||9|||42|||483
%|||13|||16|||222|||483
j|||50|||16|||232|||483
->|||11|||17|||61|||483
<=|||9|||21|||57|||483
;|||50|||4|||162|||484
;|||101|||9|||193|||484
;|||154|||12|||138|||484
;|||163|||13|||159|||484
;|||202|||15|||87|||484
;|||299|||24|||88|||484
;|||314|||25|||170|||484
;|||37|||3|||145|||485
;|||130|||11|||168|||485
;|||131|||11|||190|||485
boxes|||4|||11|||191|||485
;|||180|||14|||197|||485
;|||255|||19|||93|||485
;|||285|||23|||38|||485
)|||34|||4|||161|||486
=|||47|||7|||88|||486
)|||65|||9|||119|||486
)|||71|||9|||192|||486
)|||101|||12|||137|||486
<|||29|||16|||131|||486
)|||183|||19|||120|||486
)|||229|||25|||169|||486
.|||1|||1|||41|||487
.|||2|||1|||51|||487
.|||18|||11|||173|||487
]|||77|||11|||194|||487
.|||19|||11|||195|||487
w|||9|||11|||196|||487
.|||20|||11|||222|||487
1|||4|||2|||45|||488
-|||4|||3|||102|||488
1|||6|||3|||103|||488
-1|||1|||3|||169|||488
1|||11|||8|||75|||488
1|||23|||13|||107|||488
1|||24|||13|||137|||488
loopcnt=LOOPCNT|||1|||14|||143|||488
1|||32|||24|||93|||488
true|||1|||25|||84|||488
1|||33|||25|||109|||488
true|||2|||25|||197|||488
)|||117|||14|||65|||489
,|||106|||16|||38|||489
"|||7|||16|||39|||489
,|||131|||17|||104|||489
++|||9|||5|||82|||490
++|||11|||5|||114|||490
++|||52|||24|||105|||490
++|||53|||24|||112|||490
++|||54|||24|||118|||490
=|||22|||3|||106|||491
=|||25|||4|||60|||491
scale|||1|||11|||117|||491
=|||77|||11|||118|||491
(|||122|||14|||113|||491
=|||137|||17|||145|||491
=|||147|||19|||89|||491
)|||52|||8|||32|||492
)|||104|||13|||45|||492
)|||138|||15|||33|||492
)|||162|||17|||82|||492
)|||163|||17|||96|||492
)|||190|||21|||24|||492
)|||218|||25|||35|||492
;|||46|||4|||100|||493
;|||129|||11|||146|||493
;|||190|||14|||286|||493
)|||169|||17|||174|||493
;|||239|||17|||175|||493
MRIFvox|||1|||17|||176|||493
for|||19|||8|||33|||494
int|||35|||11|||71|||494
for|||33|||13|||47|||494
(|||105|||13|||48|||494
for|||45|||17|||84|||494
(|||163|||17|||85|||494
y|||10|||17|||86|||494
i|||12|||1|||32|||495
j|||3|||2|||35|||495
<|||3|||2|||36|||495
i|||26|||3|||43|||495
<|||4|||3|||44|||495
i|||46|||4|||50|||495
<|||6|||4|||51|||495
i|||54|||5|||67|||495
<|||8|||5|||68|||495
i|||58|||5|||99|||495
<|||9|||5|||100|||495
i|||63|||6|||47|||495
<|||10|||6|||48|||495
i|||69|||6|||85|||495
<|||11|||6|||86|||495
i|||81|||7|||35|||495
<|||12|||7|||36|||495
j|||19|||8|||39|||495
<=|||5|||8|||40|||495
i|||112|||10|||42|||495
<|||16|||10|||43|||495
i|||117|||10|||73|||495
<|||17|||10|||74|||495
i|||121|||10|||126|||495
<|||18|||10|||127|||495
<|||19|||11|||55|||495
<|||21|||11|||252|||495
<|||23|||13|||40|||495
<|||24|||13|||55|||495
<|||26|||14|||156|||495
j|||37|||15|||27|||495
<|||27|||15|||28|||495
▁|||22|||16|||159|||495
++|||35|||16|||214|||495
(|||158|||16|||227|||495
int|||62|||16|||228|||495
*|||89|||16|||233|||495
<|||33|||17|||77|||495
y|||11|||17|||90|||495
<|||34|||17|||91|||495
<|||35|||17|||119|||495
i|||163|||18|||19|||495
<|||36|||18|||20|||495
i|||164|||18|||23|||495
<|||37|||19|||31|||495
j|||64|||22|||26|||495
<|||39|||22|||27|||495
j|||65|||22|||30|||495
<|||42|||25|||28|||495
<|||44|||25|||120|||495
=|||32|||5|||43|||496
=|||88|||12|||18|||496
=|||94|||12|||70|||496
=|||111|||14|||125|||496
(|||221|||25|||49|||497
(|||228|||25|||139|||497
&|||16|||25|||140|||497
(|||229|||25|||141|||497
=|||117|||14|||244|||498
,|||119|||17|||6|||498
(|||169|||17|||164|||498
mri|||5|||17|||165|||498
,|||134|||17|||166|||498
nowait|||1|||6|||39|||499
*|||65|||14|||6|||499
*|||68|||14|||57|||499
*|||69|||14|||61|||499
*|||70|||14|||62|||499
)|||116|||14|||63|||499
