>|||4|||3|||48|||0
for|||9|||16|||112|||0
]|||1|||0|||63|||1
i|||16|||4|||92|||1
dws|||3|||4|||106|||1
count|||2|||5|||49|||1
y|||6|||8|||44|||1
(|||6|||1|||36|||2
=|||8|||3|||75|||2
dv|||1|||4|||83|||2
(|||24|||6|||48|||2
]|||17|||6|||65|||2
;|||31|||7|||31|||2
}|||9|||9|||169|||2
x|||40|||12|||41|||2
fid|||3|||16|||95|||2
"|||3|||16|||104|||2
blockIdx|||21|||17|||53|||2
n|||159|||17|||85|||2
n|||173|||19|||51|||2
void|||24|||21|||54|||2
*|||119|||21|||58|||2
100|||3|||21|||99|||2
.|||83|||21|||172|||2
n|||226|||25|||66|||2
->|||8|||25|||87|||2
classes|||1|||11|||9|||3
{|||4|||1|||8|||4
weights|||1|||4|||28|||4
temp|||1|||10|||12|||4
{|||9|||3|||135|||5
\|||29|||4|||69|||5
(|||48|||10|||54|||5
n|||79|||10|||57|||5
=|||49|||11|||130|||5
\|||87|||11|||143|||5
n|||99|||11|||144|||5
float|||26|||11|||145|||5
+|||30|||13|||87|||5
}|||18|||17|||113|||5
\|||150|||17|||114|||5
(|||101|||19|||82|||5
n|||2|||0|||34|||6
if|||2|||0|||51|||6
idx|||9|||24|||38|||6
int|||83|||19|||4|||7
]|||9|||4|||93|||8
:|||1|||4|||94|||8
y1|||1|||19|||99|||8
n|||215|||23|||95|||8
\|||86|||11|||126|||9
>>|||2|||24|||73|||9
=|||109|||24|||85|||9
\n|||4|||16|||162|||10
=|||78|||17|||69|||10
\|||149|||17|||111|||10
,|||96|||17|||173|||10
[|||21|||8|||78|||11
i|||53|||12|||75|||11
(|||62|||12|||83|||11
}|||11|||12|||90|||11
check_i_islarger2|||1|||12|||96|||11
(|||103|||19|||136|||11
=|||97|||21|||122|||11
[|||41|||21|||125|||11
n|||20|||3|||71|||12
last_i|||3|||12|||85|||12
n|||111|||12|||107|||12
ii|||7|||12|||118|||12
\|||103|||12|||129|||12
}|||25|||25|||67|||12
0x80|||1|||0|||65|||13
m|||3|||5|||90|||13
\|||112|||13|||76|||13
{|||2|||0|||41|||14
\|||13|||2|||23|||14
\|||30|||4|||79|||14
+|||14|||8|||28|||14
x|||56|||17|||46|||14
n|||156|||17|||49|||14
;|||97|||17|||81|||14
int|||2|||1|||13|||15
,|||16|||4|||32|||15
m2_cols|||1|||5|||22|||15
\|||47|||7|||15|||15
int|||34|||9|||19|||15
)|||44|||10|||17|||15
{|||46|||15|||16|||15
int|||73|||16|||21|||15
i|||65|||21|||12|||15
0|||22|||21|||42|||15
=|||96|||21|||94|||15
<<|||4|||23|||35|||15
{|||73|||24|||16|||15
n|||222|||25|||14|||15
+|||5|||2|||35|||16
internal_count|||1|||3|||82|||16
n|||54|||8|||34|||16
;|||45|||10|||35|||16
16|||1|||24|||64|||16
n|||228|||25|||72|||16
n|||36|||5|||76|||17
}|||3|||5|||77|||17
n_x|||1|||13|||64|||17
xdim0_update_halo_kernel3_minus_4_b|||2|||13|||96|||17
}|||15|||13|||97|||17
=|||64|||13|||103|||17
\|||115|||13|||117|||17
>=|||2|||14|||40|||17
{|||45|||14|||43|||17
int|||79|||17|||67|||17
z|||5|||17|||68|||17
,|||49|||11|||25|||18
{|||31|||11|||41|||18
threadIdx|||13|||11|||64|||18
y_size|||1|||13|||21|||18
)|||62|||13|||22|||18
x|||42|||13|||35|||18
int|||77|||17|||33|||18
\|||20|||3|||70|||19
x|||48|||15|||28|||19
blockDim|||21|||16|||34|||19
rows|||2|||19|||47|||19
int|||100|||22|||18|||19
odefun|||1|||3|||2|||20
,|||20|||5|||7|||20
calc_angles_RR_kernel|||1|||19|||2|||20
cosf|||1|||19|||140|||20
(|||10|||3|||3|||21
float|||7|||5|||14|||21
<|||12|||5|||82|||21
i|||23|||5|||98|||21
n|||41|||5|||118|||21
const|||8|||13|||12|||21
,|||71|||16|||7|||21
*|||91|||16|||33|||21
\|||131|||16|||78|||21
fid|||2|||16|||80|||21
n|||145|||16|||101|||21
{|||52|||16|||192|||21
mask|||3|||17|||157|||21
;|||95|||17|||47|||22
\|||144|||17|||48|||22
int|||78|||17|||50|||22
y|||14|||17|||51|||22
{|||56|||17|||161|||22
\|||156|||17|||162|||22
+|||22|||11|||140|||23
float|||30|||17|||118|||23
;|||99|||17|||120|||23
n|||165|||17|||140|||23
(|||97|||17|||185|||23
[|||46|||25|||89|||23
,|||50|||11|||28|||24
,|||52|||11|||37|||24
blockDim|||16|||11|||60|||24
side|||8|||11|||158|||24
,|||116|||24|||11|||24
0xf0|||1|||24|||67|||24
)|||119|||24|||91|||24
2.0f|||1|||6|||73|||25
<|||20|||10|||92|||25
n|||127|||13|||118|||25
"|||10|||16|||163|||25
*|||16|||4|||82|||26
x|||21|||7|||30|||26
*|||56|||11|||175|||26
.|||41|||12|||32|||26
(|||81|||16|||94|||26
int|||93|||21|||57|||26
)|||6|||2|||4|||27
,|||4|||3|||10|||27
real|||2|||3|||11|||27
float|||14|||6|||15|||27
int|||30|||8|||9|||27
,|||57|||12|||15|||27
data_range|||1|||16|||22|||27
MRI|||5|||17|||26|||27
,|||102|||18|||7|||27
int|||86|||19|||26|||27
n|||187|||21|||36|||27
*|||125|||22|||9|||27
;|||52|||11|||89|||28
mass_flux_x_p|||2|||13|||105|||28
for|||14|||25|||97|||28
ppcg_inner_steps|||1|||25|||108|||28
"|||5|||16|||131|||29
\|||139|||16|||168|||29
i|||5|||3|||19|||30
update_ghost_nodes|||1|||3|||27|||30
temp_sol|||2|||3|||37|||30
m|||6|||8|||91|||30
*|||65|||12|||102|||30
is_larger|||3|||12|||103|||30
)|||68|||14|||75|||30
n|||169|||17|||180|||30
\|||169|||19|||155|||30
n|||181|||19|||156|||30
\|||186|||21|||140|||30
n__global__|||2|||21|||149|||30
void|||25|||21|||150|||30
+|||28|||13|||32|||31
=|||77|||17|||52|||31
int|||106|||23|||50|||31
(|||21|||5|||80|||32
mask|||2|||17|||153|||32
)|||94|||19|||133|||32
{|||65|||21|||87|||32
[|||40|||21|||119|||32
i|||71|||21|||165|||32
unsigned|||2|||1|||12|||33
{|||18|||7|||14|||33
const|||7|||9|||18|||33
,|||75|||16|||20|||33
int|||92|||21|||11|||33
=|||94|||21|||41|||33
j|||29|||21|||93|||33
\|||212|||25|||13|||33
x|||27|||9|||34|||34
.|||6|||1|||25|||35
m|||1|||5|||26|||35
int|||82|||18|||14|||35
\|||170|||20|||16|||35
\|||193|||22|||16|||35
nowait_example2|||1|||6|||2|||36
float|||18|||10|||4|||36
int|||80|||18|||4|||36
short|||1|||20|||4|||36
a|||6|||22|||6|||36
threadIdx|||3|||2|||19|||37
if|||6|||4|||62|||37
*|||33|||8|||24|||37
)|||36|||9|||80|||37
srslte_simd_f_rcp|||1|||9|||134|||37
idx|||2|||11|||72|||37
int|||57|||12|||28|||37
blockDim|||23|||17|||40|||37
tid|||9|||19|||57|||37
=|||85|||19|||63|||37
int|||88|||19|||83|||37
gridDim|||4|||23|||81|||37
SRSLTE_SIMD_CF_SIZE|||3|||9|||92|||38
srslte_simd_cf_mul|||1|||9|||144|||38
[|||35|||19|||65|||38
i|||63|||19|||66|||38
n|||175|||19|||70|||38
x|||83|||23|||83|||38
(|||22|||5|||114|||39
\|||72|||10|||43|||39
if|||15|||10|||62|||39
\|||99|||12|||113|||39
{|||76|||25|||40|||39
settings|||3|||25|||45|||40
{|||77|||25|||51|||40
,|||120|||25|||121|||40
cc|||4|||25|||128|||40
<<|||1|||3|||29|||41
)|||9|||3|||38|||41
=|||107|||24|||48|||41
\|||210|||24|||54|||41
return|||3|||16|||120|||42
fid|||6|||16|||158|||42
,|||81|||16|||159|||42
n|||231|||25|||96|||42
;|||51|||11|||67|||43
\|||81|||11|||68|||43
int|||47|||11|||83|||43
row|||1|||11|||84|||43
\|||2|||0|||33|||44
>|||7|||3|||63|||44
dim3(m1_rows|||1|||5|||184|||44
n|||75|||10|||20|||44
;|||59|||11|||177|||44
)|||57|||12|||78|||44
.|||69|||18|||22|||44
+|||45|||21|||21|||44
x|||6|||1|||26|||45
[|||27|||10|||65|||45
srslte_simd_cfi_load|||1|||9|||106|||46
=|||37|||9|||119|||46
(|||43|||9|||135|||46
n|||149|||16|||138|||46
)|||118|||24|||78|||46
]|||42|||25|||91|||46
y|||3|||2|||21|||47
x|||19|||7|||22|||47
.|||26|||8|||26|||47
=|||60|||13|||28|||47
+|||37|||17|||43|||47
blockIdx|||26|||21|||14|||47
\|||175|||21|||44|||47
;|||118|||21|||96|||47
\|||199|||23|||48|||47
n|||217|||24|||18|||47
cc|||1|||25|||16|||47
i|||43|||10|||22|||48
z|||6|||17|||72|||48
,|||44|||11|||10|||49
int|||39|||11|||11|||49
int|||70|||16|||12|||49
\|||141|||16|||193|||49
,|||86|||17|||11|||49
char|||2|||7|||4|||50
float|||23|||11|||4|||50
*|||78|||14|||6|||50
*|||133|||25|||5|||50
n|||26|||3|||137|||51
idx|||4|||11|||95|||51
<|||22|||11|||108|||51
*|||49|||11|||121|||51
x|||79|||23|||62|||51
0|||27|||25|||102|||51
j|||3|||2|||62|||52
)|||16|||4|||116|||52
<|||15|||8|||55|||52
n|||56|||8|||56|||52
r|||2|||9|||161|||52
;|||43|||9|||163|||52
]|||29|||11|||193|||52
n|||108|||12|||72|||52
known_sum|||2|||12|||154|||52
i|||57|||16|||181|||52
=|||74|||16|||182|||52
threadIdx|||23|||18|||25|||52
;|||111|||19|||115|||52
+|||46|||21|||74|||52
threadIdx|||27|||21|||75|||52
{|||67|||21|||115|||52
(|||118|||21|||191|||52
pixel|||1|||23|||106|||52
(|||131|||24|||97|||52
//|||1|||5|||119|||53
(|||104|||19|||141|||53
x1|||3|||19|||142|||53
*|||112|||19|||144|||53
cosf|||2|||19|||145|||53
n|||96|||11|||124|||54
+|||23|||11|||164|||54
==|||1|||0|||54|||55
)|||17|||5|||27|||55
+|||18|||10|||27|||55
;|||20|||3|||131|||56
n|||109|||12|||81|||56
;|||64|||12|||105|||56
z|||8|||17|||80|||56
mask|||1|||17|||142|||56
time_step|||3|||3|||67|||57
(|||17|||4|||63|||57
)|||37|||9|||81|||57
<|||21|||11|||73|||57
)|||50|||11|||79|||57
+|||41|||19|||36|||57
;|||105|||19|||58|||57
blockDim|||3|||2|||15|||58
=|||32|||8|||20|||58
blockIdx|||20|||17|||36|||58
[|||39|||21|||38|||58
for|||13|||21|||90|||58
\|||219|||25|||77|||58
<|||10|||4|||65|||59
n|||30|||4|||80|||59
=|||17|||4|||103|||59
)|||53|||11|||174|||59
threadIdx|||20|||17|||44|||59
.|||67|||17|||79|||59
\|||146|||17|||82|||59
0|||21|||19|||86|||59
n|||214|||23|||88|||59
]|||37|||21|||121|||60
const|||2|||1|||30|||61
unsigned|||3|||1|||31|||61
)|||5|||1|||38|||61
threadIdx|||32|||25|||26|||61
fields_to_exchange|||1|||25|||88|||61
\|||1|||0|||16|||62
blockIdx|||3|||2|||11|||62
,|||30|||6|||22|||62
\|||51|||8|||16|||62
*|||45|||11|||35|||62
\|||90|||12|||21|||62
{|||44|||14|||17|||62
*|||109|||19|||20|||62
blockIdx|||24|||19|||29|||62
]|||8|||4|||77|||63
MDeformWeight|||2|||4|||100|||63
[|||30|||11|||181|||63
*|||74|||13|||91|||63
n|||144|||16|||92|||63
threadIdx|||22|||17|||78|||63
=|||87|||19|||85|||63
\|||204|||23|||87|||63
(|||137|||25|||80|||63
i|||22|||5|||81|||64
\|||42|||5|||117|||64
m1_cols|||2|||5|||139|||64
=|||27|||5|||155|||64
the|||3|||5|||175|||64
rcpb|||2|||9|||148|||65
,|||77|||16|||130|||65
;|||90|||16|||167|||65
{|||15|||5|||116|||66
;|||110|||19|||105|||66
;|||67|||12|||143|||67
;|||68|||12|||150|||67
\|||107|||12|||151|||67
\|||19|||3|||55|||68
y_sol|||1|||3|||99|||68
*|||73|||13|||89|||68
*|||76|||13|||112|||68
\|||164|||19|||79|||68
float|||6|||5|||4|||69
m1_cols|||1|||5|||12|||69
FLT|||1|||8|||4|||69
{|||21|||8|||62|||69
*|||42|||11|||5|||69
float|||27|||16|||8|||69
;|||92|||16|||188|||69
(|||99|||19|||3|||69
0xf|||1|||24|||77|||70
+|||2|||0|||76|||71
\|||55|||8|||72|||71
i|||34|||8|||76|||71
x|||28|||9|||38|||71
#if|||1|||9|||42|||71
SRSLTE_SIMD_CF_SIZE|||1|||9|||43|||71
if|||13|||9|||50|||71
=|||67|||14|||72|||71
]|||31|||15|||67|||71
)|||96|||19|||143|||71
)|||61|||12|||135|||72
int|||75|||16|||44|||72
&&|||8|||16|||66|||72
\|||130|||16|||72|||72
filename|||2|||16|||84|||72
do_rem|||1|||4|||37|||73
{|||10|||4|||42|||73
x|||36|||11|||66|||73
(|||55|||11|||162|||73
.|||48|||14|||28|||73
\|||128|||16|||42|||73
,|||113|||23|||11|||73
\|||200|||23|||53|||73
blockIdx|||31|||24|||26|||73
;|||130|||24|||33|||73
char|||1|||0|||5|||74
update_global_node_set|||1|||1|||2|||74
void|||16|||14|||5|||74
(|||122|||24|||3|||74
i|||44|||10|||55|||75
)|||51|||11|||113|||75
\|||114|||13|||99|||75
mass_flux_x|||1|||13|||102|||75
.|||59|||17|||37|||76
,|||28|||6|||14|||77
int|||89|||20|||8|||77
cf_t|||1|||9|||5|||78
,|||35|||9|||8|||78
float|||40|||22|||4|||78
ii|||5|||12|||98|||79
\|||71|||10|||36|||80
100000|||1|||19|||90|||80
++|||10|||19|||92|||80
0|||25|||23|||92|||80
;|||129|||23|||93|||80
x|||10|||4|||50|||81
\|||37|||5|||88|||81
\|||41|||5|||111|||81
*|||54|||11|||161|||81
++|||6|||13|||73|||81
.|||70|||19|||30|||81
int|||87|||19|||52|||81
&&|||1|||0|||78|||82
side|||6|||11|||131|||82
=|||95|||21|||66|||82
;|||128|||23|||84|||82
const|||1|||1|||11|||83
\|||163|||19|||69|||84
)|||93|||19|||94|||84
(|||14|||3|||73|||85
blockIdx|||13|||11|||56|||85
n|||100|||11|||154|||85
]|||27|||11|||151|||86
not|||1|||16|||108|||86
m|||2|||5|||64|||87
m1|||2|||5|||70|||87
{|||36|||12|||79|||87
<|||24|||12|||86|||87
(|||94|||17|||152|||87
)|||104|||21|||86|||87
doors|||4|||21|||118|||87
input|||1|||5|||122|||88
Allocate|||1|||5|||158|||88
m\n|||1|||5|||164|||88
SRSLTE_SIMD_F_SIZE|||1|||9|||47|||88
fid|||7|||16|||213|||89
,|||83|||16|||214|||89
)|||97|||19|||148|||89
*|||113|||19|||149|||89
\|||180|||21|||79|||89
n|||196|||21|||135|||89
}|||24|||21|||145|||89
\|||188|||21|||146|||89
n|||85|||11|||43|||90
\|||108|||13|||24|||90
;|||4|||1|||27|||91
n|||9|||1|||29|||91
generate_u|||1|||3|||42|||91
{|||12|||5|||28|||91
*|||27|||6|||24|||91
\|||52|||8|||33|||91
blockIdx|||12|||10|||28|||91
i|||45|||10|||66|||91
int|||56|||12|||23|||91
.|||53|||16|||31|||91
=|||82|||18|||16|||91
fprintf|||2|||16|||139|||92
fid|||5|||16|||141|||92
{|||14|||5|||87|||93
=|||62|||13|||65|||93
\|||129|||16|||59|||93
cnt|||1|||21|||159|||93
;|||11|||3|||54|||94
(|||68|||13|||62|||95
int|||66|||13|||63|||95
x_size|||3|||13|||70|||95
*|||72|||13|||85|||95
1|||5|||13|||86|||95
n|||17|||3|||26|||96
x|||2|||0|||27|||97
blockIdx|||14|||12|||31|||97
=|||59|||12|||148|||97
if|||24|||16|||93|||97
(|||111|||21|||56|||97
last_i|||4|||12|||116|||98
\n|||1|||16|||114|||98
fid|||4|||16|||129|||98
=|||86|||19|||73|||98
}|||2|||0|||69|||99
;|||15|||3|||96|||99
\|||23|||3|||106|||99
stencil_size|||1|||3|||130|||99
\|||26|||3|||136|||99
+=|||1|||9|||97|||99
classes|||3|||11|||163|||99
x|||38|||12|||33|||99
y_size|||2|||13|||56|||99
rand_d|||3|||19|||101|||99
*|||111|||19|||134|||100
)|||95|||19|||138|||100
tmp|||2|||19|||152|||100
;|||113|||19|||154|||100
x|||12|||4|||58|||101
dvert|||2|||4|||86|||101
i|||18|||4|||108|||101
]|||11|||4|||109|||101
:|||2|||4|||110|||101
\|||93|||12|||52|||101
ushort|||1|||14|||54|||101
*|||82|||14|||55|||101
n|||133|||14|||67|||101
tp|||2|||14|||68|||101
;|||91|||16|||184|||101
1|||12|||25|||122|||101
float|||1|||3|||4|||102
,|||3|||3|||6|||102
dvert|||1|||4|||6|||102
,|||92|||17|||133|||102
,|||93|||17|||135|||102
;|||100|||17|||138|||102
=|||54|||12|||55|||103
vol_flux_x|||1|||13|||79|||103
(|||77|||15|||49|||103
j|||15|||15|||50|||103
|||||2|||17|||99|||103
index|||6|||0|||79|||104
,|||6|||3|||22|||104
[|||7|||3|||143|||104
dv|||2|||4|||113|||104
[|||23|||8|||95|||104
&&|||6|||9|||71|||104
)|||40|||9|||127|||104
\|||83|||11|||90|||104
ii|||6|||12|||111|||104
;|||73|||13|||98|||104
UINT_MIN|||1|||14|||78|||104
=|||72|||16|||46|||104
j|||23|||16|||205|||104
data_cols|||5|||16|||226|||104
blockIdx|||22|||17|||70|||104
->|||5|||17|||103|||104
if|||27|||17|||151|||104
)|||99|||19|||162|||104
j|||32|||21|||109|||104
count_closed_doors|||1|||21|||151|||104
{|||68|||21|||161|||104
pp|||3|||25|||111|||104
MRI|||4|||17|||22|||105
1|||11|||23|||34|||105
)|||14|||4|||41|||106
+|||6|||4|||51|||106
blockDim|||19|||14|||27|||106
.|||55|||16|||39|||106
.|||64|||17|||62|||106
4};\n|||1|||5|||133|||107
int|||22|||5|||138|||107
z|||11|||17|||174|||107
\|||157|||17|||179|||107
}|||22|||21|||139|||107
i|||3|||2|||44|||108
)|||7|||2|||51|||108
0|||7|||5|||51|||108
.|||28|||8|||39|||108
0|||15|||15|||52|||108
)|||103|||21|||60|||108
}|||6|||6|||77|||109
i|||32|||8|||54|||109
)|||43|||9|||162|||109
\|||95|||12|||71|||109
int|||60|||12|||153|||109
(|||87|||16|||180|||109
x|||72|||21|||73|||109
)|||106|||21|||114|||109
threadIdx|||29|||22|||29|||109
=|||105|||23|||107|||109
argb|||5|||24|||98|||109
blockDim|||37|||25|||134|||109
input|||4|||10|||73|||110
[|||28|||10|||74|||110
i|||46|||10|||75|||110
\|||76|||10|||81|||110
num|||6|||11|||122|||110
i|||17|||4|||95|||111
-|||2|||5|||99|||111
;|||34|||8|||49|||111
last_i|||2|||12|||67|||111
=|||63|||13|||80|||111
*|||103|||17|||124|||111
rand_r|||3|||19|||111|||111
)|||111|||23|||17|||111
x|||90|||25|||132|||111
-|||3|||9|||91|||112
;|||40|||9|||128|||112
=|||39|||9|||143|||112
\|||66|||9|||151|||112
__syncthreads|||2|||25|||73|||112
,|||1|||0|||8|||113
,|||22|||5|||13|||113
src|||1|||24|||7|||113
x|||84|||24|||24|||113
.|||94|||24|||31|||113
void|||7|||6|||1|||114
void|||10|||9|||1|||114
void|||15|||14|||1|||114
,|||40|||10|||7|||115
int|||52|||12|||4|||115
)|||67|||14|||62|||115
nodes|||1|||1|||33|||116
\|||10|||1|||40|||116
unsigned|||4|||1|||42|||116
*|||6|||2|||31|||116
int|||1|||0|||18|||117
n|||128|||14|||19|||117
)|||91|||19|||22|||117
=|||83|||19|||28|||117
int|||90|||20|||18|||117
unsigned|||1|||0|||4|||118
srslte_vec_div_cfc_simd|||1|||9|||2|||118
const|||11|||14|||59|||118
VP8LConvertBGRAToRGBA4444_C|||1|||24|||2|||118
threadIdx|||4|||2|||36|||119
int|||33|||8|||35|||119
.|||40|||11|||184|||119
blockDim|||22|||16|||51|||119
\|||182|||21|||105|||119
;|||121|||21|||178|||119
i|||73|||23|||90|||119
;|||133|||25|||29|||119
FIELD_SD|||1|||25|||90|||119
threadIdx|||1|||0|||29|||120
\|||4|||0|||46|||120
>|||5|||3|||49|||120
[|||9|||4|||75|||120
(|||33|||9|||51|||120
>|||10|||10|||68|||120
;|||60|||12|||25|||120
tid|||3|||14|||21|||120
x|||15|||5|||44|||121
=|||24|||5|||140|||121
float|||10|||5|||142|||121
m2[]|||1|||5|||143|||121
{5,|||1|||5|||145|||121
input|||6|||16|||222|||121
<|||7|||3|||58|||122
;|||28|||5|||102|||122
=|||40|||10|||23|||122
while|||1|||12|||82|||122
{|||37|||12|||89|||122
*|||64|||12|||93|||122
doors|||5|||21|||124|||122
\|||22|||3|||97|||123
n|||23|||3|||107|||123
*|||50|||11|||132|||123
.|||89|||23|||69|||123
numThreads|||1|||23|||75|||123
||||1|||24|||69|||123
pIndexed|||1|||23|||6|||124
index|||2|||0|||37|||125
[|||11|||4|||91|||125
n|||31|||4|||99|||125
+|||7|||5|||41|||125
.|||29|||8|||43|||125
n|||81|||10|||79|||125
+|||4|||2|||18|||126
x|||22|||8|||23|||126
*|||100|||17|||39|||126
==|||5|||9|||66|||127
sizeof|||2|||9|||67|||127
)|||35|||9|||75|||127
==|||6|||9|||76|||127
[|||24|||9|||110|||127
n|||67|||9|||116|||127
srslte_simd_f_load|||1|||9|||120|||127
(|||42|||9|||121|||127
n|||70|||9|||152|||127
n|||124|||13|||77|||127
=|||84|||19|||54|||127
&|||1|||4|||85|||128
(|||39|||9|||78|||128
\|||62|||9|||101|||128
=|||38|||9|||133|||128
(|||133|||25|||33|||128
;|||137|||25|||94|||128
\|||221|||25|||95|||128
int|||38|||11|||8|||129
ii|||4|||12|||87|||129
=|||68|||15|||21|||129
int|||102|||23|||15|||129
n|||205|||23|||20|||129
[|||43|||23|||25|||129
n|||208|||23|||44|||129
i|||15|||4|||76|||130
=|||18|||5|||33|||130
*|||41|||10|||31|||130
x|||34|||11|||58|||130
box_index|||1|||11|||156|||130
=|||61|||13|||45|||130
blockIdx|||2|||1|||20|||131
;|||6|||1|||47|||131
gridDim|||1|||3|||30|||131
;|||10|||3|||39|||131
n|||29|||4|||70|||131
n|||35|||5|||63|||131
len|||2|||9|||90|||131
r|||1|||9|||142|||131
;|||42|||9|||150|||131
)|||45|||10|||58|||131
(|||49|||10|||63|||131
;|||48|||10|||77|||131
idx|||3|||11|||86|||131
n|||107|||12|||59|||131
n|||112|||12|||114|||131
1|||4|||12|||149|||131
(|||74|||14|||81|||131
n|||141|||16|||60|||131
if|||25|||16|||170|||131
n|||177|||19|||97|||131
\|||214|||25|||41|||131
blockDim|||1|||0|||25|||132
;|||29|||6|||44|||132
float|||22|||10|||45|||132
blockDim|||24|||17|||57|||132
.|||63|||17|||58|||132
x|||70|||21|||24|||132
)|||122|||25|||39|||132
i|||33|||8|||67|||133
==|||2|||8|||68|||133
j|||11|||8|||69|||133
]|||20|||8|||80|||133
=|||34|||8|||81|||133
in|||2|||8|||82|||133
data_cols|||4|||16|||203|||133
%d|||4|||16|||216|||133
>=|||6|||17|||154|||133
)|||87|||17|||177|||133
sinf|||2|||19|||135|||133
+|||43|||19|||139|||133
dw|||1|||4|||102|||134
return|||4|||17|||109|||134
;|||98|||17|||110|||134
if|||23|||16|||61|||135
,|||14|||4|||24|||136
m2|||1|||5|||16|||136
buffer|||1|||7|||6|||136
*|||36|||9|||11|||136
int|||36|||10|||8|||136
w|||2|||11|||21|||136
,|||56|||12|||11|||136
*|||84|||14|||63|||136
data_rows|||1|||16|||13|||136
low_val|||1|||17|||17|||136
100|||2|||21|||85|||136
Pixel|||1|||23|||8|||136
;|||57|||11|||142|||137
\|||202|||23|||72|||137
[|||44|||24|||50|||137
idx|||10|||24|||51|||137
]|||40|||24|||52|||137
;|||131|||24|||53|||137
const|||14|||24|||56|||137
,|||31|||7|||7|||138
y|||8|||9|||12|||138
n|||74|||10|||9|||138
int|||54|||12|||12|||138
,|||73|||16|||14|||138
n|||25|||3|||121|||139
;|||74|||14|||34|||139
\|||126|||15|||62|||139
{|||26|||9|||100|||140
if|||35|||25|||32|||140
true|||1|||25|||93|||140
int|||10|||4|||17|||141
*|||13|||4|||22|||141
*|||19|||5|||15|||141
(|||23|||6|||3|||141
n|||42|||6|||5|||141
float|||12|||6|||7|||141
a|||1|||6|||9|||141
float|||13|||6|||11|||141
*|||39|||10|||5|||141
int|||40|||11|||14|||141
*|||79|||14|||7|||141
out|||1|||15|||6|||141
float|||31|||17|||141|||141
*|||114|||20|||5|||141
boxes|||1|||11|||36|||142
blockIdx|||18|||16|||30|||142
0|||1|||1|||46|||143
threadIdx|||16|||14|||31|||143
n|||140|||16|||43|||143
;|||96|||17|||64|||143
\|||145|||17|||65|||143
n|||157|||17|||66|||143
n|||22|||3|||98|||144
threadIdx|||24|||19|||37|||144
\|||162|||19|||59|||144
i|||64|||19|||76|||144
x|||81|||23|||70|||144
=|||103|||23|||76|||144
sizeof|||1|||9|||57|||145
&&|||5|||9|||61|||145
float|||2|||4|||26|||146
int|||27|||7|||8|||146
,|||36|||9|||13|||146
int|||43|||11|||23|||146
)|||30|||9|||21|||147
int|||35|||9|||25|||147
threadIdx|||11|||9|||36|||147
rg|||1|||24|||58|||147
=|||108|||24|||59|||147
mass_flux_x_p|||1|||13|||10|||148
++|||8|||16|||190|||148
n|||153|||16|||194|||148
=|||80|||17|||143|||148
-|||5|||19|||122|||148
,|||9|||3|||61|||149
i|||11|||3|||110|||149
=|||11|||3|||112|||149
index|||8|||3|||138|||149
n|||34|||5|||54|||149
%|||1|||11|||96|||150
[|||31|||11|||189|||150
\|||100|||12|||120|||150
)|||116|||24|||68|||150
{|||6|||2|||52|||151
?|||1|||4|||89|||151
<|||11|||5|||58|||151
.|||20|||6|||38|||151
n|||46|||6|||55|||151
)|||26|||7|||49|||151
*|||34|||8|||41|||151
sum|||1|||10|||39|||151
box_index|||2|||11|||190|||151
==|||7|||12|||63|||151
n|||148|||16|||126|||151
,|||82|||16|||164|||151
|||||1|||17|||93|||151
n|||162|||17|||115|||151
blockIdx|||27|||21|||67|||151
{|||69|||21|||187|||151
.|||86|||22|||26|||151
\|||35|||5|||62|||152
Min|||1|||14|||80|||152
;|||123|||23|||37|||153
,|||74|||16|||17|||154
{|||62|||21|||8|||154
settings|||1|||25|||10|||154
get_maxnodes|||1|||1|||35|||155
int|||6|||2|||25|||155
.|||27|||8|||30|||155
z|||7|||17|||76|||156
+|||39|||17|||77|||156
val|||3|||17|||164|||156
=|||81|||17|||165|||156
;|||122|||23|||28|||156
.|||91|||23|||82|||156
n|||213|||23|||86|||156
,|||58|||13|||7|||157
,|||103|||19|||6|||157
,|||104|||19|||9|||157
x|||64|||19|||39|||157
\|||168|||19|||125|||157
temp|||2|||19|||128|||157
;|||72|||13|||71|||158
*|||120|||21|||70|||158
i|||70|||21|||111|||158
{|||78|||25|||113|||158
;|||21|||4|||59|||159
[|||10|||4|||87|||159
indices|||2|||4|||88|||159
int|||24|||5|||153|||159
*|||47|||11|||75|||159
side|||5|||11|||97|||159
(|||92|||17|||87|||159
x|||57|||17|||88|||159
y|||19|||17|||134|||159
<=|||1|||17|||158|||159
}|||26|||25|||70|||159
\|||31|||4|||98|||160
m1_rows|||2|||5|||59|||160
)|||19|||5|||86|||160
8};\n|||1|||5|||148|||160
if|||11|||8|||52|||160
ii|||3|||12|||69|||160
\|||8|||1|||9|||161
,|||15|||4|||29|||161
,|||42|||10|||13|||161
MAT4|||1|||15|||12|||161
uint8_t|||1|||24|||12|||161
m1_rows|||3|||5|||83|||162
threadIdx|||12|||10|||24|||162
.|||34|||10|||25|||162
,|||54|||11|||48|||162
n|||197|||21|||138|||162
{|||71|||23|||18|||162
blockDim|||6|||3|||47|||163
=|||44|||11|||55|||163
\|||88|||11|||153|||163
n|||121|||13|||42|||163
opened|||1|||16|||111|||163
{|||13|||5|||61|||164
\|||120|||14|||51|||164
(|||93|||17|||129|||164
;|||115|||21|||25|||164
\|||173|||21|||26|||164
\|||198|||23|||43|||164
\|||104|||12|||131|||165
(|||96|||17|||182|||165
MRIFvox|||1|||17|||184|||165
,|||98|||17|||187|||165
,|||99|||17|||189|||165
,|||100|||17|||191|||165
x_sol|||1|||3|||90|||166
[|||5|||3|||100|||166
j|||7|||3|||132|||166
6,|||1|||5|||146|||167
*|||66|||12|||108|||167
x|||59|||17|||188|||167
y|||21|||17|||190|||167
z|||12|||17|||192|||167
rem_thresh|||1|||4|||40|||168
\|||194|||23|||1|||168
pixels|||1|||23|||10|||168
;|||126|||23|||52|||168
blockDim|||12|||8|||25|||169
tid|||1|||13|||27|||169
\|||174|||21|||35|||169
;|||116|||21|||43|||169
1|||9|||21|||95|||169
]|||39|||23|||27|||169
30|||1|||23|||36|||169
;|||125|||23|||47|||169
reset_fields_to_exchange|||1|||25|||79|||169
i|||12|||3|||144|||170
for|||3|||5|||160|||170
;|||65|||12|||112|||170
*|||67|||12|||115|||170
n|||119|||12|||152|||170
,|||66|||14|||79|||170
(|||105|||19|||146|||170
(|||116|||21|||152|||170
\|||190|||21|||162|||170
n|||203|||21|||189|||170
argb|||4|||24|||88|||170
*|||136|||25|||133|||170
x|||17|||6|||39|||171
=|||41|||10|||40|||171
x|||39|||12|||37|||171
<|||23|||12|||48|||171
x|||46|||14|||33|||171
n|||131|||14|||49|||171
best|||1|||23|||22|||171
run_ppcg_init|||1|||25|||54|||171
=|||28|||6|||32|||172
x|||33|||10|||34|||172
if|||14|||10|||53|||172
)|||105|||21|||103|||172
.|||84|||21|||176|||172
]|||36|||21|||40|||173
int|||95|||21|||92|||173
;|||8|||2|||39|||174
&&|||2|||2|||47|||174
<<|||3|||3|||59|||175
hv_sol|||1|||3|||108|||175
.|||5|||1|||21|||176
val|||1|||3|||23|||176
,|||7|||3|||31|||176
\|||18|||3|||40|||176
>|||8|||3|||64|||176
float|||5|||4|||71|||176
=|||21|||5|||95|||176
xpp|||2|||14|||64|||176
tid|||6|||15|||20|||176
blockIdx|||19|||16|||47|||176
+|||38|||17|||60|||176
.|||65|||17|||71|||176
uint8_t|||2|||24|||57|||176
\|||3|||0|||42|||177
n|||13|||2|||24|||177
<<|||2|||3|||44|||177
add_thresh|||1|||4|||34|||177
.|||18|||5|||43|||177
n|||44|||6|||46|||177
[|||18|||6|||63|||177
*|||30|||7|||23|||177
threadIdx|||9|||8|||29|||177
=|||42|||10|||47|||177
n|||188|||21|||45|||177
j|||30|||21|||97|||177
n|||209|||23|||49|||177
int|||111|||24|||19|||177
settings|||5|||25|||81|||177
;|||3|||0|||66|||178
n|||7|||0|||68|||178
int|||26|||6|||30|||178
i|||29|||7|||18|||178
.|||33|||9|||37|||178
\|||73|||10|||51|||178
int|||50|||11|||128|||178
n|||101|||11|||173|||178
n|||129|||14|||36|||178
n|||146|||16|||119|||178
\|||208|||24|||34|||178
concat_matrix|||1|||5|||2|||179
mset|||1|||8|||2|||179
n|||57|||8|||60|||179
softmax_array|||1|||10|||2|||179
convert_coco_detections|||1|||11|||2|||179
update_halo_kernel3_minus_4_b_c_wrapper|||1|||13|||2|||179
char|||5|||16|||4|||179
zero_array|||1|||18|||2|||179
rows|||1|||19|||5|||179
cube_s|||1|||20|||2|||179
copy0|||1|||22|||2|||179
n|||63|||9|||41|||180
i|||39|||9|||111|||180
]|||22|||9|||112|||180
rcpb|||1|||9|||132|||180
=|||1|||0|||20|||181
,|||17|||4|||35|||181
int|||19|||5|||31|||181
blockDim|||11|||7|||24|||181
n|||72|||9|||168|||181
only_objectness|||1|||11|||39|||181
x|||68|||21|||16|||181
=|||106|||24|||21|||181
blockDim|||36|||25|||22|||181
gridDim|||2|||3|||45|||182
.|||61|||17|||45|||182
blockIdx|||32|||25|||18|||182
]|||41|||25|||60|||182
)|||126|||25|||82|||182
0|||2|||3|||76|||183
,|||53|||11|||46|||183
p_index|||2|||11|||150|||183
NULL|||1|||16|||97|||183
file|||1|||16|||106|||183
"|||8|||16|||147|||183
paddingChar|||1|||0|||2|||184
(|||32|||9|||3|||184
ncx_get_ushort_uint|||1|||14|||2|||184
\|||118|||14|||44|||184
SS3D_Mtx_Transform|||1|||15|||2|||184
VEC4|||1|||15|||4|||184
,|||115|||24|||8|||184
Chunk|||1|||25|||4|||184
;|||23|||4|||97|||185
n|||102|||11|||179|||185
=|||55|||12|||68|||185
<|||28|||16|||64|||185
"|||6|||16|||134|||185
i|||74|||23|||98|||185
{|||1|||0|||15|||186
=|||6|||2|||10|||186
y|||4|||6|||21|||186
{|||20|||8|||15|||186
box|||1|||11|||34|||186
{|||34|||12|||20|||186
int|||63|||13|||20|||186
)|||65|||14|||16|||186
i|||55|||16|||28|||186
\|||143|||17|||31|||186
n|||170|||18|||13|||186
int|||85|||19|||19|||186
{|||61|||20|||15|||186
{|||70|||22|||15|||186
int|||103|||23|||31|||186
dist|||1|||23|||41|||186
)|||120|||24|||94|||186
.|||32|||9|||33|||187
int|||37|||10|||21|||187
x|||31|||10|||26|||187
,|||114|||23|||14|||187
\|||195|||23|||19|||187
pixels|||2|||23|||24|||187
;|||124|||23|||42|||187
]|||7|||3|||148|||188
(|||75|||14|||84|||188
=|||70|||15|||68|||188
\|||140|||16|||177|||188
)|||88|||17|||193|||188
[|||42|||21|||193|||188
Pixel|||3|||23|||105|||188
;|||140|||25|||124|||188
time_step|||2|||3|||52|||189
\|||43|||6|||28|||189
\|||123|||15|||34|||189
\|||125|||15|||46|||189
.|||77|||21|||19|||189
n|||5|||0|||50|||190
blockDim|||33|||23|||68|||190
(|||123|||24|||37|||190
{|||74|||24|||42|||190
src|||2|||24|||49|||190
*|||21|||5|||37|||191
i|||24|||6|||31|||191
.|||36|||10|||33|||191
1|||6|||13|||92|||191
;|||87|||16|||121|||191
n|||210|||23|||54|||191
.|||93|||24|||27|||191
<|||39|||25|||35|||191
(|||83|||16|||128|||192
)|||77|||16|||152|||192
data_range|||2|||16|||165|||192
x|||71|||21|||69|||192
{|||35|||12|||51|||193
{|||40|||13|||58|||193
;|||71|||13|||67|||193
vol_flux_x_p|||2|||13|||82|||193
\|||217|||25|||68|||193
i|||7|||3|||78|||194
MDeformWeight|||1|||4|||11|||194
\|||27|||4|||43|||194
n|||27|||4|||44|||194
int|||14|||4|||45|||194
blockDim|||8|||4|||56|||194
\|||28|||4|||60|||194
n|||89|||11|||82|||194
.|||87|||23|||61|||194
float|||4|||4|||39|||195
blockDim|||9|||5|||38|||195
for|||5|||9|||174|||195
+|||24|||11|||167|||195
num|||10|||23|||13|||195
x|||85|||24|||28|||195
blockDim|||20|||15|||30|||196
,|||70|||15|||43|||196
{|||59|||19|||49|||196
*|||123|||21|||170|||196
;|||134|||25|||64|||196
0|||9|||11|||105|||197
index|||9|||11|||118|||197
;|||106|||19|||68|||197
&|||8|||24|||76|||197
if|||4|||2|||42|||198
if|||7|||5|||55|||198
x|||29|||9|||54|||198
)|||20|||5|||115|||199
ptr_double|||2|||13|||101|||199
n|||130|||14|||45|||199
mri|||3|||17|||96|||199
->|||4|||17|||97|||199
val|||2|||17|||119|||199
atomicAdd|||1|||17|||181|||199
\|||45|||6|||54|||200
<|||14|||7|||47|||200
buffersize|||2|||7|||48|||200
simd_cf_t|||2|||9|||79|||200
{|||43|||13|||104|||200
;|||75|||14|||47|||200
=|||69|||15|||51|||200
\|||136|||16|||125|||200
int|||94|||21|||64|||200
)|||42|||9|||149|||201
n|||98|||11|||141|||201
n_x|||4|||13|||84|||201
xdim1_update_halo_kernel3_minus_4_b|||1|||13|||113|||201
*|||77|||13|||114|||201
1|||8|||13|||115|||201
,|||63|||13|||116|||201
+|||11|||6|||40|||202
[|||17|||6|||57|||202
0|||8|||10|||41|||202
input|||3|||10|||64|||202
;|||63|||12|||70|||202
x|||44|||14|||25|||202
}|||16|||14|||50|||202
.|||80|||21|||72|||202
+|||49|||22|||28|||202
n|||224|||25|||42|||202
,|||33|||8|||8|||203
)|||112|||23|||101|||204
{|||72|||23|||102|||204
threadIdx|||7|||6|||41|||205
i|||26|||6|||58|||205
+|||16|||9|||35|||205
;|||46|||10|||42|||205
n|||186|||21|||27|||205
halo_update_driver|||1|||25|||116|||205
++|||2|||3|||133|||206
=|||13|||3|||139|||206
rand_r|||2|||19|||74|||206
]|||33|||19|||77|||206
n|||176|||19|||80|||206
+|||44|||20|||28|||206
\|||209|||24|||43|||206
*|||11|||4|||13|||207
,|||68|||15|||7|||207
MRI|||1|||17|||4|||207
,|||85|||17|||7|||207
float|||28|||17|||16|||207
;|||101|||17|||146|||207
\|||155|||17|||149|||207
++|||9|||16|||206|||208
hi_val|||2|||17|||159|||208
\|||59|||9|||40|||209
\|||60|||9|||48|||209
(|||36|||9|||63|||209
__alignof__|||3|||9|||72|||209
{|||25|||9|||82|||209
\|||64|||9|||129|||209
b|||4|||9|||136|||209
i|||52|||12|||62|||210
if|||32|||21|||107|||210
(|||114|||21|||108|||210
uint64_t|||1|||0|||9|||211
SqareDown|||1|||2|||2|||211
b|||1|||6|||13|||211
m|||4|||8|||7|||211
if|||12|||8|||65|||211
int|||61|||13|||13|||211
,|||64|||14|||9|||211
VEC4|||2|||15|||8|||211
j|||21|||16|||197|||211
*|||105|||18|||5|||211
rand_d|||1|||19|||12|||211
x1|||2|||19|||132|||211
,|||107|||20|||7|||211
int|||91|||21|||4|||211
{|||63|||21|||34|||211
,|||110|||22|||7|||211
chunks|||1|||25|||6|||211
is_larger|||4|||12|||147|||212
doors|||7|||21|||192|||212
n|||216|||23|||104|||212
site|||2|||1|||37|||213
i|||25|||6|||49|||213
+|||12|||6|||66|||213
else|||4|||9|||170|||213
(|||50|||10|||84|||213
]|||34|||19|||104|||213
&|||7|||24|||66|||213
-|||1|||3|||149|||214
int|||59|||12|||146|||214
0.|||1|||15|||69|||214
n|||152|||16|||178|||214
n|||199|||21|||144|||214
(|||139|||25|||117|||214
\|||223|||25|||125|||214
>|||9|||3|||65|||215
\|||96|||12|||80|||215
(|||136|||25|||74|||215
*|||8|||3|||12|||216
i|||8|||3|||84|||216
int|||29|||7|||17|||216
\|||70|||10|||19|||216
,|||45|||11|||13|||216
side|||2|||11|||74|||216
0|||12|||12|||77|||216
y|||16|||17|||59|||216
y|||17|||17|||63|||216
if|||26|||17|||86|||216
rand_d|||2|||19|||64|||216
)|||8|||3|||14|||217
{|||7|||3|||15|||217
\|||17|||3|||25|||217
nPixel|||1|||23|||2|||217
(|||134|||25|||44|||217
->|||7|||25|||46|||217
(|||65|||12|||134|||218
n_y|||4|||13|||111|||218
data_rows|||2|||16|||65|||218
{|||49|||16|||71|||218
(|||80|||16|||83|||218
\|||148|||17|||107|||218
n|||163|||17|||117|||218
)|||1|||0|||14|||219
i|||2|||2|||9|||219
*|||26|||6|||20|||219
)|||27|||8|||14|||219
,|||51|||11|||33|||219
)|||54|||12|||19|||219
tp|||1|||14|||15|||219
int|||74|||16|||27|||219
{|||54|||17|||30|||219
\|||158|||18|||12|||219
long|||1|||19|||18|||219
)|||100|||20|||14|||219
)|||110|||22|||14|||219
=|||7|||2|||27|||220
w|||1|||4|||72|||220
x|||20|||7|||26|||220
;|||33|||8|||32|||220
.|||56|||16|||48|||220
;|||119|||21|||100|||220
x|||75|||21|||173|||220
x|||88|||25|||24|||220
=|||12|||3|||125|||221
index|||7|||3|||118|||222
concatenate|||1|||5|||178|||222
n|||55|||8|||51|||222
major|||2|||16|||172|||222
blockDim|||7|||3|||62|||223
]|||5|||3|||111|||223
0|||5|||3|||113|||223
for|||2|||3|||122|||223
(|||57|||11|||187|||223
j|||19|||16|||45|||224
j|||20|||16|||67|||224
x|||89|||25|||28|||224
dataBlockSize|||5|||0|||81|||225
[|||3|||2|||61|||225
1|||2|||3|||150|||225
defgrp_idx|||2|||4|||115|||225
\|||46|||6|||75|||225
n|||51|||7|||52|||225
,|||39|||9|||160|||225
0|||10|||11|||192|||225
j|||17|||15|||59|||225
=|||79|||17|||126|||225
+|||40|||18|||24|||225
]|||35|||19|||114|||225
(|||130|||24|||96|||225
int|||28|||7|||11|||226
*|||37|||9|||15|||226
n|||16|||3|||17|||227
>|||3|||3|||35|||227
\|||57|||8|||89|||227
*|||1|||0|||6|||228
index|||1|||0|||19|||228
dataBlockSize|||2|||0|||39|||228
P|||2|||0|||60|||228
filename|||1|||16|||6|||228
x|||50|||16|||32|||228
.|||54|||16|||35|||228
;|||84|||16|||77|||228
n|||143|||16|||79|||228
"|||2|||16|||88|||228
\|||133|||16|||100|||228
data_cols|||3|||16|||149|||228
%d|||3|||16|||161|||228
)|||80|||16|||191|||228
,|||21|||5|||10|||229
const|||6|||9|||9|||229
,|||46|||11|||16|||229
*|||58|||12|||9|||229
double|||2|||13|||8|||229
*|||97|||17|||13|||229
pmask|||2|||17|||145|||229
float|||32|||19|||10|||229
=|||91|||19|||129|||229
(|||108|||20|||3|||229
i|||69|||21|||83|||229
*|||124|||22|||5|||229
\|||197|||23|||38|||230
n|||207|||23|||39|||230
int|||104|||23|||40|||230
&|||9|||24|||92|||230
0xf0|||2|||24|||93|||230
n|||80|||10|||61|||231
\|||132|||16|||91|||231
blockDim|||30|||21|||71|||231
==|||10|||21|||112|||231
\|||222|||25|||114|||231
is_larger|||1|||12|||10|||232
*|||61|||12|||34|||232
n|||105|||12|||44|||232
)|||58|||12|||88|||232
+=|||2|||12|||110|||232
=|||15|||4|||73|||233
+|||13|||7|||27|||233
y|||11|||16|||49|||233
+|||52|||25|||25|||233
*|||5|||2|||14|||234
,|||32|||7|||10|||234
i|||31|||8|||19|||234
cf_t|||2|||9|||14|||234
data_cols|||1|||16|||16|||234
hi_val|||1|||17|||20|||234
=|||76|||17|||35|||234
)|||101|||21|||7|||234
doors|||2|||21|||37|||234
n|||193|||21|||89|||234
*|||134|||25|||9|||234
;|||135|||25|||76|||234
y|||10|||9|||123|||235
double|||1|||13|||4|||235
vol_flux_x_p|||1|||13|||6|||235
\|||110|||13|||50|||235
n|||122|||13|||51|||235
if|||21|||13|||52|||235
{|||41|||13|||75|||235
ptr_double|||1|||13|||78|||235
blockDim|||27|||19|||33|||235
start|||2|||19|||55|||235
*|||32|||8|||6|||236
n|||58|||8|||64|||236
for|||11|||16|||195|||236
real|||1|||3|||7|||237
m1_rows|||1|||5|||9|||237
,|||26|||6|||6|||237
*|||23|||6|||8|||237
,|||27|||6|||10|||237
*|||24|||6|||12|||237
,|||59|||13|||11|||237
xpp|||1|||14|||8|||237
*|||85|||15|||5|||237
a|||5|||20|||6|||237
m1_rows|||4|||5|||100|||238
main|||2|||12|||133|||238
)|||72|||16|||70|||238
fopen|||1|||16|||82|||238
==|||11|||25|||48|||238
&|||6|||17|||183|||239
2|||1|||21|||132|||239
}|||23|||21|||142|||239
0|||6|||3|||126|||240
x|||16|||6|||35|||240
i|||47|||10|||91|||240
(|||54|||11|||102|||240
\|||85|||11|||115|||240
x2|||1|||19|||72|||240
*|||128|||23|||67|||240
while|||3|||24|||36|||240
)|||114|||24|||41|||240
y|||2|||2|||17|||241
.|||25|||8|||22|||241
x|||54|||17|||38|||241
blockIdx|||1|||0|||21|||242
j|||1|||2|||26|||242
int|||13|||4|||36|||242
i|||19|||5|||32|||242
.|||23|||7|||25|||242
x|||24|||8|||31|||242
)|||49|||11|||40|||242
blockIdx|||15|||13|||33|||242
x|||49|||15|||32|||242
*|||118|||21|||17|||242
\|||176|||21|||47|||242
r|||3|||23|||51|||242
threadIdx|||31|||24|||22|||242
.|||96|||25|||23|||242
>=|||1|||0|||74|||243
dataBlockSize|||4|||0|||75|||243
\|||106|||12|||144|||243
n|||220|||24|||55|||243
x|||1|||0|||23|||244
blockIdx|||16|||14|||23|||244
i|||56|||16|||63|||244
y|||15|||17|||55|||244
[|||15|||5|||91|||245
count|||4|||5|||92|||245
++|||4|||5|||93|||245
]|||14|||5|||94|||245
3,|||1|||5|||132|||245
2;\n|||1|||5|||137|||245
n|||59|||8|||73|||245
]|||19|||8|||77|||245
;|||35|||8|||83|||245
\|||56|||8|||84|||245
(|||72|||14|||73|||245
\|||142|||16|||209|||245
n|||154|||16|||210|||245
;|||102|||17|||178|||245
n|||18|||3|||41|||246
n|||39|||5|||107|||246
[|||29|||11|||149|||246
;|||61|||12|||42|||246
.|||45|||13|||34|||246
==|||8|||16|||96|||246
The|||1|||16|||105|||246
\n|||3|||16|||146|||246
n|||189|||21|||48|||246
int|||98|||21|||164|||246
.|||2|||0|||26|||247
<|||1|||0|||38|||247
threadIdx|||6|||5|||42|||247
\|||44|||6|||45|||247
a|||2|||6|||62|||247
blockDim|||15|||10|||32|||247
largest|||1|||10|||46|||247
)|||46|||10|||70|||247
=|||53|||12|||30|||247
+|||27|||12|||38|||247
i|||10|||3|||101|||248
;|||26|||5|||52|||248
)|||23|||6|||71|||248
;|||32|||7|||41|||248
y|||7|||8|||48|||248
classes|||2|||11|||135|||248
*|||75|||13|||108|||248
n|||161|||17|||112|||248
12|||1|||24|||74|||248
n|||221|||24|||81|||248
(|||128|||24|||86|||248
)|||71|||16|||23|||249
*|||99|||17|||27|||249
b|||3|||9|||118|||250
int|||51|||11|||155|||250
\|||137|||16|||137|||250
%d|||2|||16|||145|||250
const|||5|||9|||4|||251
simd_f_t|||1|||9|||69|||251
[|||25|||9|||124|||251
i|||40|||9|||125|||251
n|||83|||10|||88|||251
>=|||3|||17|||89|||251
if|||1|||0|||35|||252
(|||3|||0|||52|||252
.|||17|||5|||39|||252
;|||30|||6|||74|||252
x|||61|||18|||23|||252
threadIdx|||26|||21|||22|||252
the|||1|||5|||121|||253
memory|||1|||5|||159|||253
SRSLTE_SIMD_CF_SIZE|||2|||9|||45|||253
,|||13|||4|||19|||254
,|||87|||17|||15|||254
n|||166|||17|||148|||254
n|||180|||19|||126|||254
uint64_t|||2|||0|||12|||255
*|||44|||11|||31|||255
,|||61|||13|||19|||255
uint|||1|||14|||13|||255
rand_r|||1|||19|||16|||255
==|||4|||9|||56|||256
simd_cf_t|||1|||9|||59|||256
)|||32|||9|||60|||256
(|||25|||6|||61|||257
n|||47|||6|||76|||257
\|||135|||16|||122|||258
\|||201|||23|||55|||258
n|||211|||23|||56|||258
\|||16|||3|||16|||259
[|||32|||14|||69|||259
nodes|||3|||3|||140|||260
->|||2|||3|||141|||260
[|||8|||3|||146|||260
idx|||6|||11|||137|||260
;|||107|||19|||78|||260
for|||12|||19|||81|||260
;|||139|||25|||109|||260
void|||1|||0|||1|||261
void|||3|||2|||1|||261
void|||4|||3|||1|||261
void|||9|||8|||1|||261
void|||28|||25|||1|||261
(|||5|||1|||3|||262
weightvg_update_vg|||1|||4|||2|||262
int|||41|||11|||17|||262
MRIaccumulateMaskedMeansAndVariancesKernel|||1|||17|||2|||262
const|||12|||24|||4|||262
ppcg_inner_iterations|||1|||25|||2|||262
;|||89|||16|||153|||263
)|||78|||16|||166|||263
)|||84|||17|||105|||263
*|||40|||10|||15|||264
mtx|||1|||15|||14|||264
=|||101|||23|||33|||264
dst|||1|||24|||14|||264
blockIdx|||4|||2|||28|||265
++|||1|||3|||85|||265
FLT_MAX|||1|||10|||49|||265
n_x|||3|||13|||72|||265
;|||77|||15|||33|||265
;|||79|||15|||45|||265
j|||18|||15|||66|||265
neighbors|||1|||3|||142|||266
i|||13|||4|||46|||266
.|||19|||6|||34|||266
;|||44|||9|||176|||266
float|||21|||10|||38|||266
if|||16|||10|||89|||266
return|||2|||14|||46|||266
x1|||1|||19|||62|||266
blockDim|||28|||20|||25|||266
.|||75|||20|||30|||266
blockDim|||32|||22|||25|||266
=|||112|||25|||101|||266
char|||3|||7|||34|||267
=|||31|||7|||36|||267
value|||2|||7|||40|||267
n|||113|||12|||121|||267
\|||102|||12|||126|||267
sum|||4|||12|||140|||267
n|||142|||16|||73|||267
FILE|||1|||16|||74|||267
,|||76|||16|||85|||267
;|||86|||16|||117|||267
fprintf|||3|||16|||156|||267
*|||122|||21|||158|||267
(|||117|||21|||182|||267
int|||105|||23|||45|||268
num|||11|||23|||100|||268
\|||89|||11|||178|||269
)|||81|||16|||207|||270
{|||53|||16|||208|||270
x|||58|||17|||170|||270
,|||97|||17|||175|||270
thresh|||1|||11|||27|||271
i|||48|||11|||45|||271
\|||80|||11|||51|||271
(|||102|||19|||131|||272
(|||109|||21|||3|||272
)|||102|||21|||33|||272
n|||192|||21|||80|||272
\|||152|||17|||121|||273
tid|||7|||19|||27|||273
y2|||2|||19|||123|||273
if|||29|||19|||157|||273
(|||107|||19|||158|||273
mri|||2|||17|||90|||274
->|||3|||17|||91|||274
z|||9|||17|||100|||274
>=|||5|||17|||101|||274
m2_rows|||3|||5|||150|||275
char|||4|||7|||38|||275
threadIdx|||19|||16|||55|||275
.|||58|||16|||56|||275
y|||13|||16|||57|||275
;|||83|||16|||58|||275
i|||72|||21|||183|||275
start|||1|||19|||8|||276
;|||112|||19|||124|||276
float|||39|||19|||127|||276
C|||1|||25|||49|||276
n|||233|||25|||126|||276
2,|||1|||5|||131|||277
int|||21|||5|||134|||277
0|||18|||16|||199|||277
;|||93|||16|||200|||277
<|||31|||16|||202|||277
,|||95|||17|||171|||277
y|||20|||17|||172|||277
0|||20|||17|||176|||277
1|||10|||21|||129|||277
]|||2|||2|||60|||278
\|||50|||7|||51|||278
(|||30|||8|||53|||278
]|||24|||9|||159|||278
{|||30|||10|||95|||278
+|||26|||11|||191|||278
0|||16|||16|||174|||278
j|||28|||19|||113|||278
\|||171|||20|||33|||278
0|||23|||21|||113|||278
>>|||3|||24|||89|||278
0|||26|||24|||90|||278
||||2|||24|||95|||278
n|||232|||25|||115|||278
)|||2|||0|||40|||279
[|||1|||0|||61|||279
m1_rows|||5|||5|||135|||279
m2_rows)|||1|||5|||170|||279
{|||22|||8|||71|||279
[|||20|||8|||75|||279
(|||35|||9|||58|||279
]|||30|||14|||71|||279
<|||2|||0|||80|||280
,|||19|||4|||114|||280
//|||3|||5|||173|||280
to|||1|||5|||177|||280
predictions|||2|||11|||148|||280
++|||7|||15|||58|||280
\n|||2|||16|||133|||280
(|||86|||16|||171|||280
pmask|||1|||17|||125|||280
if|||17|||11|||70|||281
(|||53|||11|||71|||281
side|||4|||11|||88|||281
n_y|||2|||13|||54|||281
\|||38|||5|||103|||282
n|||38|||5|||104|||282
m1[]|||1|||5|||128|||282
site_def|||1|||1|||4|||283
const|||4|||4|||25|||283
,|||23|||5|||17|||283
,|||48|||11|||22|||283
,|||88|||17|||18|||283
__global__|||24|||23|||0|||283
*|||127|||23|||9|||283
+|||25|||11|||172|||284
=|||89|||19|||110|||284
.|||98|||25|||131|||284
largest|||3|||10|||71|||285
.|||43|||12|||40|||285
(|||59|||12|||46|||285
(|||84|||16|||140|||286
\|||181|||21|||88|||286
=|||98|||21|||166|||286
"|||4|||16|||115|||287
\|||138|||16|||154|||287
if|||8|||5|||79|||288
n|||40|||5|||110|||288
main|||1|||5|||113|||288
m1|||3|||5|||124|||288
(|||31|||8|||66|||288
>|||11|||12|||76|||288
*|||63|||12|||84|||288
\|||97|||12|||91|||288
=|||75|||16|||198|||288
(|||115|||21|||123|||288
j|||34|||21|||126|||288
]|||38|||21|||127|||288
generate_v|||1|||3|||57|||289
=|||10|||3|||103|||289
j|||8|||3|||147|||289
threadIdx|||10|||8|||46|||289
j|||13|||11|||47|||289
n|||93|||11|||107|||289
idx|||5|||11|||120|||289
x|||8|||2|||34|||290
->|||1|||3|||81|||290
0|||3|||3|||95|||290
[|||22|||8|||92|||291
{|||47|||15|||61|||291
"|||12|||16|||217|||291
>=|||4|||17|||95|||291
%|||3|||21|||131|||291
n|||198|||21|||141|||291
*|||4|||1|||19|||292
,|||5|||3|||20|||292
<|||5|||3|||28|||292
.|||21|||6|||42|||292
Max|||1|||14|||76|||292
n|||12|||2|||7|||293
,|||24|||5|||20|||293
,|||29|||6|||18|||293
int|||31|||8|||12|||293
\|||127|||16|||25|||293
mri_std|||1|||17|||28|||293
)|||90|||18|||10|||293
*|||115|||20|||12|||293
int|||99|||22|||12|||293
return|||1|||0|||44|||294
)|||3|||0|||56|||294
{|||3|||0|||57|||294
\|||6|||0|||58|||294
*|||15|||4|||55|||295
4|||1|||11|||176|||295
y|||1|||2|||13|||296
int|||32|||8|||18|||296
)|||125|||25|||75|||296
(|||37|||9|||68|||297
&|||3|||9|||122|||297
n|||106|||12|||53|||297
\|||111|||13|||59|||297
n|||123|||13|||60|||297
n|||126|||13|||100|||297
n|||227|||25|||69|||297
,|||43|||11|||7|||298
=|||25|||5|||144|||299
7,|||1|||5|||147|||299
n|||66|||9|||102|||299
srslte_simd_cfi_store|||1|||9|||153|||299
)|||60|||12|||104|||299
sum|||3|||12|||109|||299
{|||55|||17|||106|||299
cc|||2|||25|||34|||299
.|||4|||1|||17|||300
x|||4|||1|||18|||300
.|||15|||4|||57|||300
n|||132|||14|||52|||300
const|||10|||14|||53|||300
;|||76|||14|||65|||300
\|||121|||14|||66|||300
;|||7|||2|||22|||301
x|||23|||8|||27|||301
(|||34|||9|||53|||301
.|||44|||13|||30|||301
.|||76|||21|||15|||301
=|||110|||25|||17|||301
1,|||1|||5|||182|||302
int|||96|||21|||153|||302
n|||201|||21|||163|||302
num|||2|||4|||66|||303
)|||15|||4|||67|||303
VEC4|||3|||15|||36|||303
;|||108|||19|||87|||303
j|||25|||19|||88|||303
;|||109|||19|||91|||303
+|||36|||16|||54|||304
doors|||6|||21|||155|||304
if|||33|||21|||181|||304
sizeof|||3|||9|||77|||305
i|||37|||9|||88|||305
x|||13|||5|||36|||306
\|||34|||5|||53|||306
blockIdx|||7|||6|||33|||306
/|||1|||6|||72|||306
threadIdx|||8|||7|||28|||306
(|||46|||9|||175|||306
n|||76|||10|||37|||306
for|||8|||15|||48|||306
*|||116|||20|||24|||306
threadIdx|||25|||20|||29|||306
*|||126|||22|||24|||306
blockDim|||17|||12|||35|||307
threadIdx|||14|||12|||39|||307
if|||18|||12|||45|||307
(|||2|||0|||36|||308
n|||11|||1|||49|||308
;|||24|||4|||117|||308
x|||14|||5|||40|||308
[|||14|||5|||71|||308
m2|||2|||5|||96|||308
}|||4|||5|||105|||308
and|||1|||5|||125|||308
=|||22|||5|||129|||308
2;\n|||2|||5|||152|||308
matrix|||1|||5|||163|||308
Launch|||1|||5|||174|||308
1),|||1|||5|||183|||308
\|||78|||10|||96|||308
+|||32|||13|||110|||308
.|||51|||15|||27|||308
n|||136|||15|||40|||308
threadIdx|||21|||17|||61|||308
<|||32|||19|||46|||308
<|||33|||19|||89|||308
n|||184|||20|||34|||308
\|||58|||9|||23|||309
n|||62|||9|||24|||309
i|||36|||9|||26|||309
=|||35|||9|||27|||309
blockIdx|||11|||9|||28|||309
void|||6|||5|||1|||310
j|||10|||8|||58|||310
void|||11|||10|||1|||310
=|||90|||19|||120|||310
void|||22|||20|||1|||310
i|||1|||1|||14|||311
.|||9|||2|||20|||311
float|||3|||4|||33|||311
,|||25|||5|||23|||311
n|||48|||7|||16|||311
.|||22|||7|||21|||311
len|||1|||9|||20|||311
{|||28|||10|||18|||311
known_sum|||1|||12|||14|||311
\|||122|||15|||17|||311
,|||90|||17|||25|||311
.|||60|||17|||41|||311
x|||55|||17|||42|||311
=|||93|||21|||13|||311
\|||207|||24|||17|||311
int|||112|||25|||15|||311
n|||8|||1|||10|||312
int|||12|||4|||30|||312
float|||20|||10|||14|||312
*|||87|||15|||13|||312
bestDist|||1|||23|||32|||312
*|||131|||24|||13|||312
idx|||1|||11|||54|||313
;|||58|||11|||152|||313
;|||69|||13|||40|||313
created|||1|||16|||109|||313
,|||78|||16|||142|||313
\|||178|||21|||52|||313
cc|||3|||25|||59|||313
if|||20|||12|||73|||314
if|||30|||21|||28|||314
.|||81|||21|||76|||314
\|||183|||21|||116|||314
void|||5|||4|||1|||315
void|||17|||15|||1|||315
void|||26|||22|||1|||315
void|||27|||24|||1|||315
int|||45|||11|||44|||316
int|||64|||13|||26|||316
mri_mean|||1|||17|||24|||316
low_val|||2|||17|||155|||316
x|||63|||19|||35|||316
*|||29|||7|||5|||317
float|||17|||9|||10|||317
if|||31|||21|||81|||317
,|||112|||23|||7|||317
(|||20|||5|||56|||318
i|||20|||5|||57|||318
largest|||2|||10|||69|||319
=|||43|||10|||72|||319
x|||37|||11|||185|||319
n|||194|||21|||106|||319
\|||191|||21|||179|||319
=|||104|||23|||91|||319
<|||6|||3|||43|||320
__alignof__|||1|||9|||52|||320
int|||46|||11|||53|||320
.|||46|||13|||38|||320
n|||190|||21|||51|||320
[|||45|||25|||58|||320
__syncthreads|||1|||10|||83|||321
j|||26|||19|||93|||321
float|||36|||19|||98|||321
j|||27|||19|||103|||321
)|||115|||24|||65|||321
;|||12|||3|||69|||322
blockIdx|||17|||15|||26|||322
\|||124|||15|||39|||322
\|||49|||7|||42|||323
n|||115|||12|||127|||323
=|||58|||12|||141|||323
<|||29|||16|||68|||323
*|||93|||16|||75|||323
"|||1|||16|||86|||323
<|||36|||21|||184|||323
,|||8|||3|||46|||324
x|||87|||25|||20|||324
\|||220|||25|||84|||324
uint32_t|||1|||24|||5|||325
idx|||8|||24|||20|||325
.|||95|||25|||19|||325
;|||136|||25|||83|||325
(|||19|||5|||3|||326
*|||18|||5|||5|||326
x|||62|||19|||31|||326
i|||62|||19|||53|||326
(|||120|||23|||4|||326
*|||3|||1|||5|||327
*|||10|||4|||12|||327
*|||81|||14|||26|||327
x|||45|||14|||29|||327
xp|||1|||14|||56|||327
.|||92|||24|||23|||327
blockDim|||35|||24|||30|||327
const|||13|||24|||45|||327
=|||5|||1|||45|||328
g_arrBackGroud|||1|||2|||57|||328
n|||45|||6|||51|||328
*|||102|||17|||73|||328
mri|||4|||17|||102|||328
,|||18|||4|||38|||329
]|||18|||6|||70|||329
n|||73|||9|||173|||329
int|||101|||23|||12|||329
[|||2|||2|||58|||330
a|||3|||9|||104|||330
[|||26|||9|||157|||330
i|||42|||9|||177|||330
n|||84|||10|||93|||330
.|||42|||12|||36|||330
;|||81|||15|||57|||330
x|||67|||20|||31|||330
matrices|||1|||5|||123|||331
nint|||2|||12|||132|||331
n|||118|||12|||145|||331
\|||119|||14|||48|||331
=|||73|||16|||81|||331
*|||12|||4|||14|||332
*|||35|||9|||6|||332
num|||3|||11|||12|||332
input|||5|||16|||10|||332
*|||96|||17|||9|||332
;|||14|||3|||83|||333
.|||13|||4|||49|||333
+|||19|||11|||63|||333
int|||48|||11|||92|||333
side|||9|||11|||160|||333
(|||56|||11|||168|||333
n|||172|||19|||42|||333
threadId|||1|||23|||58|||333
.|||88|||23|||65|||333
*|||132|||24|||29|||333
n|||219|||24|||44|||333
*|||2|||0|||24|||334
index|||3|||0|||53|||334
else|||2|||5|||78|||334
\|||74|||10|||60|||334
;|||88|||16|||136|||334
*|||101|||17|||56|||334
.|||78|||21|||23|||334
if|||34|||21|||190|||334
num_chunks_per_rank|||1|||25|||38|||334
(|||66|||13|||3|||335
*|||68|||13|||5|||335
*|||95|||17|||5|||335
MRI|||2|||17|||8|||335
)|||123|||25|||50|||335
time_step|||1|||3|||5|||336
*|||7|||3|||8|||336
int|||11|||4|||21|||336
index|||4|||0|||62|||337
?|||2|||4|||105|||337
int|||20|||5|||48|||337
if|||9|||6|||47|||337
i|||27|||6|||64|||337
-|||4|||10|||48|||337
\|||147|||17|||84|||337
}|||19|||21|||46|||337
<=|||2|||21|||98|||337
settings|||6|||25|||86|||337
for|||7|||13|||61|||338
<|||26|||13|||69|||338
(|||26|||7|||3|||339
(|||47|||10|||3|||339
(|||52|||11|||3|||339
(|||78|||16|||3|||339
*|||89|||16|||5|||339
if|||3|||0|||71|||340
(|||51|||10|||90|||340
;|||94|||16|||204|||340
toggle_doors|||1|||21|||55|||340
n|||218|||24|||35|||340
num_pixels|||2|||24|||40|||340
n|||1|||0|||17|||341
float|||16|||6|||23|||341
n|||103|||12|||22|||341
\|||116|||14|||18|||341
i|||61|||18|||15|||341
hist|||1|||19|||21|||341
n|||183|||20|||17|||341
n|||204|||22|||17|||341
x|||7|||2|||30|||342
\|||14|||2|||40|||342
j|||2|||2|||48|||342
(|||9|||2|||56|||342
n_x|||2|||13|||68|||342
dataBlockSize|||3|||0|||55|||343
index|||5|||0|||73|||343
n|||82|||10|||82|||343
i|||28|||6|||69|||344
\|||69|||9|||172|||344
;|||49|||10|||86|||344
n|||49|||7|||33|||345
=|||57|||12|||117|||345
)|||75|||16|||116|||345
n|||150|||16|||155|||345
x|||25|||9|||7|||346
n|||64|||9|||49|||346
y|||9|||9|||64|||346
(|||38|||9|||73|||346
\|||61|||9|||83|||346
n|||68|||9|||130|||346
)|||41|||9|||137|||346
,|||47|||11|||19|||347
,|||72|||16|||11|||347
blockDim|||5|||3|||32|||348
0|||17|||16|||183|||348
,|||119|||25|||119|||348
settings|||8|||25|||120|||348
input|||2|||10|||6|||349
(|||58|||12|||3|||349
sum|||2|||12|||6|||349
int|||84|||19|||7|||349
(|||119|||22|||3|||349
n|||6|||0|||59|||350
float|||11|||5|||165|||350
cudaMalloc(&m,|||1|||5|||167|||350
&|||2|||9|||108|||350
n|||71|||9|||165|||350
int|||69|||15|||41|||350
{|||50|||16|||99|||350
.|||82|||21|||168|||350
)|||109|||21|||186|||350
;|||17|||3|||114|||351
\|||24|||3|||115|||351
n|||164|||17|||122|||351
++|||12|||25|||110|||351
MDeformVert|||2|||4|||81|||352
int|||15|||5|||8|||352
\|||33|||5|||46|||352
n|||33|||5|||47|||352
m2_rows|||2|||5|||85|||352
]|||15|||5|||101|||352
Define|||1|||5|||120|||352
=|||23|||5|||136|||352
2;\n\n|||2|||5|||156|||352
*|||22|||5|||171|||352
*|||90|||16|||9|||352
/|||4|||16|||110|||352
MRI|||3|||17|||12|||352
n|||158|||17|||83|||352
MDeformVert|||1|||4|||4|||353
*|||9|||4|||5|||353
n|||28|||4|||61|||353
=|||51|||11|||157|||353
)|||13|||3|||134|||354
n|||88|||11|||69|||354
=|||45|||11|||85|||354
for|||6|||11|||101|||354
)|||52|||11|||166|||354
(|||67|||13|||53|||354
<|||25|||13|||55|||354
{|||42|||13|||81|||354
<|||38|||24|||39|||354
float|||38|||19|||118|||355
x|||73|||21|||77|||355
.|||37|||11|||57|||356
i|||50|||12|||47|||356
n_y|||1|||13|||44|||356
writing|||1|||16|||113|||356
i|||6|||3|||74|||357
.|||52|||15|||31|||357
j|||14|||15|||44|||357
(|||82|||16|||103|||357
data_rows|||3|||16|||151|||357
\|||161|||19|||50|||357
n__global__|||1|||21|||53|||357
blockDim|||31|||21|||171|||357
\|||216|||25|||65|||357
blockIdx|||5|||4|||52|||358
\|||65|||9|||139|||358
.|||72|||19|||38|||358
n|||174|||19|||60|||358
float|||34|||19|||61|||358
argb|||1|||24|||47|||358
\|||11|||1|||48|||359
int|||8|||3|||117|||359
(|||15|||3|||123|||359
]|||10|||4|||96|||359
\|||53|||8|||50|||359
(|||121|||23|||97|||359
}|||14|||12|||128|||360
0|||13|||12|||142|||360
fid|||1|||16|||76|||360
w|||3|||16|||87|||360
\|||134|||16|||118|||360
P2|||1|||16|||132|||360
(|||85|||16|||157|||360
100|||4|||21|||185|||360
ushort|||2|||14|||60|||361
)|||86|||17|||160|||361
{|||8|||3|||87|||362
blockIdx|||8|||7|||20|||362
num|||4|||11|||78|||362
.|||66|||17|||75|||362
n|||168|||17|||163|||362
\|||203|||23|||85|||362
*|||70|||13|||14|||363
*|||86|||15|||9|||363
ar|||1|||18|||6|||363
,|||105|||19|||13|||363
float|||41|||22|||8|||363
num_pixels|||1|||24|||10|||363
,|||117|||25|||7|||363
\|||21|||3|||88|||364
y|||18|||17|||94|||364
j|||24|||19|||84|||364
else|||3|||8|||87|||365
void|||19|||17|||1|||365
mri_mask|||2|||17|||130|||365
MRIgetVoxVal|||1|||17|||166|||365
y1|||3|||19|||147|||365
x|||3|||0|||31|||366
=|||33|||8|||37|||366
*|||106|||18|||20|||366
.|||73|||20|||22|||366
.|||85|||22|||22|||366
>|||2|||3|||34|||367
%|||2|||21|||110|||368
\|||205|||23|||94|||368
threadIdx|||2|||1|||24|||369
*|||20|||5|||25|||369
*m;\n|||1|||5|||166|||369
n|||87|||11|||52|||369
)|||74|||16|||98|||369
was|||1|||16|||107|||369
,|||79|||16|||148|||369
chunks|||2|||25|||57|||369
fields|||1|||13|||15|||370
size_t|||1|||14|||10|||370
v|||1|||15|||10|||370
float|||33|||19|||14|||370
n|||182|||20|||9|||370
\|||196|||23|||29|||370
[|||13|||5|||65|||371
count|||3|||5|||66|||371
++|||3|||5|||67|||371
=|||20|||5|||69|||371
\|||39|||5|||106|||371
}|||5|||5|||108|||371
m2\n|||1|||5|||126|||371
float|||9|||5|||127|||371
int|||23|||5|||149|||371
=|||26|||5|||151|||371
the|||2|||5|||161|||371
output|||1|||5|||162|||371
matrices\n|||1|||5|||180|||371
concat_matrix<<<dim3(1,|||1|||5|||181|||371
(|||16|||4|||3|||372
const|||9|||14|||4|||372
(|||91|||17|||3|||372
mri|||1|||17|||6|||372
(|||98|||18|||3|||372
(|||132|||25|||3|||372
int|||7|||3|||18|||373
(|||11|||3|||36|||373
n|||61|||8|||90|||373
;|||36|||9|||39|||373
&&|||4|||9|||44|||373
uint|||2|||14|||74|||373
[|||33|||15|||65|||373
<|||3|||2|||45|||374
y|||5|||8|||40|||374
num|||5|||11|||109|||374
settings|||7|||25|||106|||374
i|||9|||3|||92|||375
]|||4|||3|||102|||375
n|||95|||11|||116|||375
[|||36|||19|||75|||375
;|||138|||25|||103|||375
]|||12|||5|||68|||376
i|||21|||5|||72|||376
n|||37|||5|||89|||376
[|||16|||5|||97|||376
\|||40|||5|||109|||376
nint|||1|||5|||112|||376
&&|||3|||8|||57|||376
doors|||3|||21|||59|||376
j|||33|||21|||120|||376
}|||21|||21|||136|||376
n|||200|||21|||147|||376
//|||2|||5|||157|||377
)|||39|||9|||113|||377
;|||39|||9|||114|||377
simd_f_t|||2|||9|||117|||377
]|||28|||11|||183|||377
+|||33|||14|||30|||377
(|||88|||16|||196|||377
;|||27|||5|||74|||378
\|||36|||5|||75|||378
;|||70|||13|||49|||378
}|||1|||0|||48|||379
n|||14|||2|||41|||379
*|||51|||11|||134|||379
=|||52|||11|||186|||379
(|||127|||24|||71|||379
argb|||3|||24|||72|||379
;|||132|||24|||79|||379
\|||211|||24|||80|||379
uint8_t|||3|||24|||83|||379
ba|||1|||24|||84|||379
weights|||2|||4|||74|||380
n|||91|||11|||100|||380
predictions|||3|||11|||188|||380
*|||92|||16|||50|||380
width|||1|||17|||92|||380
{|||66|||21|||104|||380
]|||13|||5|||73|||381
{1,|||1|||5|||130|||381
=|||56|||12|||95|||381
)|||59|||12|||99|||381
&&|||7|||12|||100|||381
"|||11|||16|||215|||381
cosf|||3|||19|||150|||381
(|||106|||19|||151|||381
+|||47|||21|||128|||381
)|||107|||21|||130|||381
void|||2|||1|||1|||382
num|||1|||4|||18|||382
void|||8|||7|||1|||382
void|||12|||11|||1|||382
void|||13|||12|||1|||382
void|||14|||13|||1|||382
void|||18|||16|||1|||382
void|||20|||18|||1|||382
void|||21|||19|||1|||382
tmp|||1|||19|||119|||382
;|||117|||21|||78|||382
+|||10|||5|||185|||383
=|||36|||9|||105|||383
i|||41|||9|||158|||383
<|||18|||9|||178|||383
)|||48|||10|||94|||383
n|||151|||16|||169|||383
[|||38|||19|||112|||383
\|||192|||21|||188|||383
.|||3|||0|||30|||384
n|||4|||0|||47|||384
=|||65|||14|||22|||384
.|||47|||14|||24|||384
.|||57|||16|||52|||384
x|||60|||18|||19|||384
blockIdx|||25|||20|||21|||384
blockIdx|||29|||22|||21|||384
\|||79|||11|||42|||385
{|||39|||13|||23|||385
x|||53|||17|||34|||385
\|||12|||2|||6|||386
m2_rows|||1|||5|||19|||386
c|||1|||6|||17|||386
,|||34|||8|||11|||386
*|||43|||11|||30|||386
*|||60|||12|||17|||386
int|||62|||13|||17|||386
x_size|||1|||13|||18|||386
,|||65|||14|||12|||386
{|||48|||16|||24|||386
len|||3|||18|||9|||386
short|||2|||20|||11|||386
,|||111|||22|||11|||386
;|||1|||0|||32|||387
\|||5|||0|||49|||387
)|||10|||3|||53|||387
[|||4|||3|||91|||387
.|||16|||5|||35|||387
n|||43|||6|||29|||387
(|||27|||7|||37|||387
blockIdx|||10|||8|||38|||387
\|||117|||14|||35|||387
n|||135|||15|||35|||387
n|||137|||15|||47|||387
blockDim|||26|||18|||21|||387
x|||65|||20|||23|||387
x|||69|||21|||20|||387
x|||77|||22|||23|||387
if|||10|||7|||44|||388
(|||28|||7|||45|||388
)|||108|||21|||160|||388
>|||1|||3|||33|||389
z|||3|||9|||74|||389
n|||65|||9|||84|||389
;|||41|||9|||138|||389
{|||32|||11|||80|||389
*|||104|||17|||144|||389
=|||100|||23|||23|||389
uint32_t|||2|||24|||46|||389
&|||10|||25|||56|||389
gridDim|||3|||3|||60|||390
[|||6|||3|||109|||390
\|||25|||3|||120|||390
*|||17|||4|||101|||390
dws|||2|||4|||104|||390
n|||110|||12|||92|||390
)|||64|||13|||74|||390
=|||111|||25|||92|||390
int|||114|||25|||127|||390
count|||1|||1|||44|||391
blockDim|||4|||2|||32|||391
<|||8|||3|||79|||391
<|||9|||3|||129|||391
kernel|||1|||5|||176|||391
<|||13|||6|||50|||391
b|||2|||6|||67|||391
.|||24|||7|||29|||391
)|||34|||9|||70|||391
]|||23|||9|||126|||391
{|||27|||9|||171|||391
)|||47|||10|||85|||391
4|||2|||15|||56|||391
.|||71|||19|||34|||391
<|||40|||25|||105|||391
10|||1|||2|||50|||392
j|||16|||15|||54|||392
<|||27|||15|||55|||392
[|||37|||19|||102|||392
1|||1|||0|||77|||393
{|||11|||4|||68|||393
<|||19|||10|||56|||393
i|||68|||21|||65|||393
int|||108|||23|||74|||393
*|||129|||23|||80|||393
sizeof(float));\n\n|||1|||5|||172|||394
\|||63|||9|||115|||394
\|||68|||9|||167|||394
printf|||1|||16|||102|||394
%d|||1|||16|||144|||394
(m1_rows|||1|||5|||168|||395
x|||30|||9|||109|||395
}|||8|||9|||166|||395
i|||54|||15|||42|||395
,|||80|||16|||150|||395
x|||74|||21|||169|||395
(|||71|||14|||58|||396
i|||58|||16|||185|||396
<|||30|||16|||186|||396
data_rows|||4|||16|||187|||396
)|||85|||17|||137|||396
*|||28|||6|||36|||397
blockDim|||10|||6|||37|||397
n|||90|||11|||91|||397
n|||92|||11|||103|||397
=|||47|||11|||104|||397
]|||32|||19|||67|||397
(|||18|||4|||112|||398
2;\n\n|||1|||5|||141|||398
i|||35|||8|||93|||398
]|||21|||8|||94|||398
(|||64|||12|||101|||398
\|||98|||12|||106|||398
(|||73|||14|||77|||398
,|||84|||16|||218|||398
(|||90|||16|||219|||398
)|||82|||16|||221|||398
[|||34|||16|||223|||398
i|||60|||16|||224|||398
)|||98|||19|||153|||398
(|||4|||0|||72|||399
)|||29|||8|||70|||399
m|||5|||8|||74|||399
tid|||5|||14|||70|||399
j|||22|||16|||201|||399
(|||1|||0|||3|||400
int|||9|||4|||8|||400
(|||29|||8|||3|||400
)|||28|||8|||61|||400
(|||76|||15|||3|||400
miIndexedPtr|||1|||23|||5|||400
int|||110|||24|||9|||400
(|||63|||12|||97|||401
P|||1|||0|||7|||402
defgrp_idx|||1|||4|||9|||402
m1|||1|||5|||6|||402
*|||31|||8|||5|||402
\|||54|||8|||63|||402
predictions|||1|||11|||6|||402
*|||83|||14|||61|||402
*|||130|||24|||6|||402
]|||16|||6|||59|||403
)|||79|||16|||175|||403
{|||51|||16|||176|||403
while|||2|||23|||96|||403
)|||128|||25|||123|||403
indices|||1|||4|||23|||404
*|||94|||16|||225|||404
mri_dof|||1|||17|||14|||404
n|||160|||17|||108|||404
\|||154|||17|||147|||404
n|||167|||17|||150|||404
settings|||2|||25|||36|||405
->|||6|||25|||37|||405
,|||2|||0|||11|||406
)|||4|||1|||7|||406
*|||14|||4|||27|||406
buffersize|||1|||7|||9|||406
float|||19|||10|||11|||406
doors|||1|||21|||6|||406
Settings|||1|||25|||8|||406
i|||14|||4|||64|||407
)|||22|||6|||52|||407
<|||17|||9|||89|||407
i|||38|||9|||96|||407
simd_cf_t|||4|||9|||141|||407
;|||47|||10|||50|||407
]|||26|||10|||76|||407
\|||77|||10|||87|||407
+|||20|||11|||123|||407
p_index|||1|||11|||129|||407
(|||70|||14|||38|||407
nelems|||2|||14|||41|||407
float|||35|||19|||71|||407
\|||165|||19|||96|||407
[|||19|||6|||68|||408
1|||7|||13|||109|||408
x|||76|||21|||177|||408
for|||1|||3|||72|||409
ii|||2|||12|||54|||409
argb|||2|||24|||62|||409
>>|||1|||24|||63|||409
settings|||4|||25|||62|||409
)|||124|||25|||63|||409
.|||1|||0|||22|||410
UINT_MAX|||1|||14|||82|||410
(|||79|||16|||62|||410
.|||62|||17|||54|||410
)|||89|||17|||196|||410
;|||103|||17|||197|||410
j|||12|||8|||79|||411
}|||7|||8|||86|||411
(|||89|||16|||212|||411
&&|||9|||17|||156|||411
y1|||2|||19|||137|||411
\|||184|||21|||134|||411
check_udpdata|||1|||7|||2|||412
=|||66|||14|||57|||412
write_graphics_kernel|||1|||16|||2|||412
{|||5|||2|||5|||413
*|||25|||6|||16|||413
n|||52|||8|||10|||413
float|||25|||11|||29|||413
int|||55|||12|||16|||413
nelems|||1|||14|||11|||413
int|||81|||18|||8|||413
*|||108|||19|||15|||413
,|||108|||20|||10|||413
b|||6|||22|||10|||413
*|||110|||19|||32|||414
temp|||3|||19|||159|||414
>|||12|||19|||160|||414
1.0f|||1|||19|||161|||414
]|||6|||3|||145|||415
=|||16|||4|||84|||415
[|||12|||4|||107|||415
+|||3|||1|||23|||416
float|||8|||5|||24|||416
blockIdx|||6|||5|||34|||416
,|||60|||13|||16|||417
simd_cf_t|||3|||9|||103|||418
&|||4|||9|||155|||418
z|||4|||9|||156|||418
n|||138|||15|||63|||418
r_|||2|||15|||64|||418
BUFTYPE|||1|||17|||123|||418
)|||63|||13|||57|||419
0|||14|||13|||66|||419
float|||37|||19|||108|||419
=|||3|||1|||15|||420
x|||5|||1|||22|||420
.|||7|||2|||12|||420
n|||53|||8|||17|||420
h|||1|||11|||24|||420
threadIdx|||17|||15|||22|||420
(|||100|||19|||44|||420
}|||20|||21|||49|||420
=|||2|||0|||64|||421
=|||19|||5|||50|||421
+|||15|||8|||45|||421
col|||1|||11|||93|||421
;|||54|||11|||106|||421
=|||48|||11|||119|||421
idx|||7|||11|||169|||421
n_y|||3|||13|||88|||421
c|||3|||7|||35|||422
)|||25|||7|||39|||422
n|||50|||7|||43|||422
}|||12|||12|||122|||422
\|||101|||12|||123|||422
n|||114|||12|||124|||422
}|||13|||12|||125|||422
{|||38|||12|||136|||422
\|||105|||12|||137|||422
n|||117|||12|||138|||422
int|||58|||12|||139|||422
int|||97|||21|||157|||422
the|||4|||5|||179|||423
0|||11|||12|||64|||423
.|||79|||21|||68|||423
=|||9|||3|||94|||424
0|||4|||3|||104|||424
;|||16|||3|||105|||424
.|||30|||8|||47|||424
{|||33|||11|||114|||424
.|||12|||2|||37|||425
>|||6|||3|||50|||425
{|||16|||6|||27|||425
j|||9|||8|||36|||425
__alignof__|||2|||9|||62|||425
\|||91|||12|||26|||425
threadIdx|||18|||16|||38|||425
;|||82|||16|||41|||425
n|||171|||19|||25|||425
\|||213|||25|||30|||425
int|||25|||6|||4|||426
)|||33|||9|||65|||426
/|||3|||13|||47|||426
x_size|||2|||13|||48|||426
threadIdx|||30|||23|||60|||426
x|||80|||23|||66|||427
n|||212|||23|||73|||427
x|||82|||23|||79|||427
)|||24|||7|||13|||428
,|||37|||9|||17|||428
major|||1|||16|||19|||428
*|||98|||17|||23|||428
n|||185|||21|||10|||428
{|||75|||25|||12|||428
+|||29|||13|||83|||429
n_x|||5|||13|||107|||429
*|||135|||25|||21|||429
n|||230|||25|||85|||429
n|||24|||3|||116|||430
int|||49|||11|||117|||430
+|||21|||11|||136|||430
scale|||1|||11|||146|||430
=|||50|||11|||147|||430
)|||73|||16|||89|||430
)|||117|||24|||75|||430
const|||15|||24|||82|||430
(|||129|||24|||87|||430
.|||8|||2|||16|||431
blockIdx|||9|||8|||21|||431
i|||67|||21|||39|||431
(|||113|||21|||91|||431
n|||229|||25|||78|||431
blockDim|||2|||1|||16|||432
;|||13|||3|||77|||432
;|||19|||3|||127|||432
.|||31|||9|||29|||433
x|||26|||9|||30|||433
*|||38|||9|||31|||433
blockDim|||14|||9|||32|||433
)|||66|||14|||42|||433
n|||104|||12|||27|||434
blockDim|||18|||13|||37|||434
tid|||8|||19|||45|||434
\|||177|||21|||50|||434
dws|||1|||4|||15|||435
const|||3|||4|||20|||435
blockDim|||29|||21|||18|||435
i|||66|||21|||30|||435
\|||179|||21|||62|||435
(|||112|||21|||82|||435
++|||11|||21|||101|||435
,|||109|||21|||156|||435
+|||48|||21|||174|||435
)|||18|||5|||60|||436
for|||10|||16|||179|||436
MRIvox|||1|||17|||128|||436
\|||167|||19|||116|||436
n|||179|||19|||117|||436
\|||206|||23|||103|||436
chunks|||3|||25|||118|||436
\|||7|||0|||67|||437
=|||30|||7|||19|||437
if|||22|||14|||37|||437
paddingSize|||1|||0|||13|||438
int|||5|||2|||8|||438
int|||18|||5|||21|||438
float|||15|||6|||19|||438
in|||1|||8|||13|||438
probs|||1|||11|||32|||438
last_i|||1|||12|||18|||438
*|||80|||14|||14|||438
n|||139|||16|||26|||438
)|||83|||17|||29|||438
{|||57|||18|||11|||438
,|||106|||19|||17|||438
b|||5|||20|||13|||438
nx|||1|||22|||13|||438
<|||4|||2|||49|||439
.|||14|||4|||53|||439
x|||11|||4|||54|||439
/|||2|||11|||87|||439
;|||104|||19|||40|||439
+|||50|||23|||63|||439
FindBestGray|||1|||23|||3|||440
{|||29|||10|||59|||441
\|||75|||10|||78|||441
if|||19|||12|||60|||441
depth|||1|||17|||104|||441
)|||127|||25|||112|||441
.|||11|||2|||33|||442
nodes|||2|||3|||80|||442
=|||14|||4|||47|||442
num|||9|||11|||171|||442
}|||17|||16|||124|||442
,|||69|||15|||11|||443
n|||206|||23|||30|||443
n|||19|||3|||56|||444
;|||55|||11|||110|||444
*|||52|||11|||138|||444
,|||91|||17|||131|||445
0|||19|||17|||132|||445
(|||95|||17|||167|||445
mri|||5|||17|||168|||445
,|||94|||17|||169|||445
;|||80|||15|||53|||446
.|||74|||20|||26|||446
j|||4|||3|||21|||447
x|||18|||6|||43|||448
=|||29|||6|||60|||448
n|||77|||10|||44|||448
data_cols|||2|||16|||69|||448
;|||85|||16|||90|||448
kernel_language|||1|||25|||47|||448
99|||1|||12|||49|||449
)|||55|||12|||50|||449
)|||56|||12|||65|||449
*|||62|||12|||66|||449
+|||1|||0|||28|||450
n|||3|||0|||43|||450
\|||9|||1|||28|||450
\|||32|||5|||29|||450
;|||25|||5|||45|||450
z|||1|||6|||25|||450
.|||35|||10|||29|||450
]|||25|||10|||67|||450
int|||44|||11|||38|||450
int|||67|||14|||20|||450
x|||51|||16|||36|||450
blockIdx|||23|||18|||17|||450
{|||58|||19|||23|||450
tid|||10|||20|||19|||450
j|||35|||22|||19|||450
int|||109|||23|||89|||450
)|||12|||3|||86|||451
*|||46|||11|||59|||451
side|||3|||11|||76|||451
*|||48|||11|||77|||451
\|||82|||11|||81|||451
=|||46|||11|||94|||451
\|||84|||11|||99|||451
n|||94|||11|||112|||451
*|||55|||11|||170|||451
+|||42|||19|||56|||451
i|||51|||12|||56|||452
{|||64|||21|||61|||452
;|||127|||23|||71|||452
n|||86|||11|||49|||453
=|||71|||16|||29|||453
n|||155|||17|||32|||453
n|||134|||15|||18|||454
+|||51|||24|||25|||454
x|||86|||24|||32|||454
(|||7|||2|||3|||455
temp_sol|||1|||3|||9|||455
*|||117|||21|||5|||455
;|||2|||0|||45|||456
ii|||1|||12|||24|||456
is_larger|||2|||12|||94|||456
*|||88|||15|||29|||456
)|||92|||19|||48|||456
n|||32|||5|||30|||457
+|||9|||5|||169|||457
n|||120|||13|||25|||457
x|||41|||13|||31|||457
\|||109|||13|||41|||457
n|||147|||16|||123|||457
"|||7|||16|||143|||457
i|||59|||16|||189|||457
int|||76|||16|||220|||457
(|||13|||3|||66|||458
float|||24|||11|||26|||458
.|||50|||15|||23|||458
x|||52|||16|||40|||458
Pixel|||2|||23|||21|||458
0|||24|||23|||26|||458
dr|||1|||23|||46|||458
int|||3|||1|||32|||459
=|||4|||1|||34|||459
;|||5|||1|||39|||459
n|||10|||1|||41|||459
.|||10|||2|||29|||459
.|||97|||25|||27|||459
,|||118|||25|||61|||459
,|||89|||17|||21|||460
,|||55|||12|||7|||461
(|||60|||12|||61|||461
<|||35|||21|||84|||461
int|||4|||1|||43|||462
]|||3|||3|||93|||462
,|||12|||4|||16|||462
int|||42|||11|||20|||462
mri_mask|||1|||17|||10|||462
mri_mean|||2|||17|||186|||462
gray|||1|||23|||16|||462
side|||1|||11|||18|||463
x|||9|||2|||38|||464
20|||1|||2|||46|||464
n|||15|||2|||54|||464
(|||12|||3|||51|||464
n|||21|||3|||89|||464
.|||39|||11|||65|||464
tid|||2|||13|||46|||464
int|||68|||15|||19|||464
n|||223|||25|||31|||464
\|||48|||7|||32|||465
y|||12|||16|||53|||465
*|||121|||21|||154|||465
n|||202|||21|||180|||465
{|||24|||9|||22|||466
)|||31|||9|||55|||466
,|||62|||13|||93|||466
\|||113|||13|||94|||466
n|||125|||13|||95|||466
+|||31|||13|||106|||466
tid|||4|||14|||39|||466
,|||67|||14|||83|||466
(|||124|||24|||60|||466
(|||125|||24|||61|||466
n|||225|||25|||53|||466
blockIdx|||33|||25|||130|||466
;|||22|||4|||78|||467
index|||10|||11|||182|||467
*|||57|||12|||5|||467
int|||53|||12|||8|||467
;|||62|||12|||57|||467
\|||94|||12|||58|||467
blockDim|||25|||17|||74|||467
(|||8|||2|||43|||468
n|||97|||11|||127|||468
\|||218|||25|||71|||468
(|||138|||25|||98|||468
int|||113|||25|||99|||468
m2_cols|||2|||5|||154|||469
\|||15|||2|||53|||470
i|||4|||2|||59|||470
indices|||3|||4|||90|||470
c|||2|||6|||56|||470
{|||19|||7|||50|||470
blockDim|||13|||8|||42|||470
}|||10|||10|||80|||470
side|||7|||11|||133|||470
fprintf|||1|||16|||127|||470
\|||151|||17|||116|||470
;|||114|||20|||32|||470
x|||78|||22|||27|||470
(|||126|||24|||70|||470
->|||9|||25|||107|||470
n|||60|||8|||85|||471
fprintf|||4|||16|||211|||471
;|||120|||21|||133|||471
\|||187|||21|||143|||471
)|||11|||3|||68|||472
+|||34|||15|||25|||472
;|||78|||15|||38|||472
;|||50|||11|||50|||473
if|||28|||19|||43|||473
for|||4|||9|||85|||474
{|||60|||19|||95|||474
=|||88|||19|||100|||474
blockDim|||34|||23|||77|||474
.|||90|||23|||78|||474
dataBlockSize|||1|||0|||10|||475
site|||1|||1|||6|||475
int|||17|||5|||18|||475
,|||41|||10|||10|||475
*|||59|||12|||13|||475
int|||71|||16|||15|||475
float|||29|||17|||19|||475
step_sol|||1|||3|||13|||476
;|||9|||3|||24|||476
(|||110|||21|||29|||476
if|||36|||25|||43|||476
;|||18|||3|||119|||477
boxes|||2|||11|||180|||477
xdim0_update_halo_kernel3_minus_4_b|||1|||13|||90|||477
)|||70|||15|||60|||477
)|||76|||16|||135|||477
==|||9|||16|||173|||477
&|||5|||17|||127|||477
,|||101|||17|||194|||477
val|||4|||17|||195|||477
<|||37|||23|||99|||477
,|||11|||4|||10|||478
*|||69|||13|||9|||478
*|||107|||19|||11|||478
sinf|||1|||19|||130|||478
do_add|||1|||4|||31|||479
value|||1|||7|||12|||479
z|||2|||9|||16|||479
output|||2|||10|||16|||479
)|||69|||15|||15|||479
int|||72|||16|||18|||479
\|||172|||21|||9|||479
)|||113|||24|||15|||479
)|||121|||25|||11|||479
\|||215|||25|||52|||480
=|||113|||25|||129|||480
)|||21|||6|||26|||481
x|||32|||10|||30|||481
+|||35|||16|||37|||481
.|||68|||18|||18|||481
\|||159|||19|||24|||481
=|||92|||20|||20|||481
=|||99|||22|||20|||481
threadIdx|||15|||13|||29|||482
*|||71|||13|||36|||482
x|||43|||13|||39|||482
int|||65|||13|||43|||482
.|||38|||11|||61|||483
x|||35|||11|||62|||483
*|||53|||11|||159|||483
=|||102|||23|||59|||484
{|||17|||6|||53|||485
i|||30|||7|||46|||485
(|||45|||9|||154|||485
n|||78|||10|||52|||485
"|||9|||16|||160|||485
x|||66|||20|||27|||485
n|||191|||21|||63|||485
j|||31|||21|||102|||485
threadIdx|||28|||21|||175|||485
__global__|||1|||0|||0|||486
__global__|||2|||1|||0|||486
__global__|||3|||2|||0|||486
__global__|||4|||3|||0|||486
__global__|||5|||4|||0|||486
__global__|||6|||5|||0|||486
__global__|||7|||6|||0|||486
__global__|||8|||7|||0|||486
__global__|||9|||8|||0|||486
__global__|||10|||9|||0|||486
__global__|||11|||10|||0|||486
__global__|||12|||11|||0|||486
__global__|||13|||12|||0|||486
__global__|||14|||13|||0|||486
__global__|||15|||14|||0|||486
__global__|||16|||15|||0|||486
__global__|||17|||16|||0|||486
__global__|||18|||17|||0|||486
__global__|||19|||18|||0|||486
__global__|||20|||19|||0|||486
__global__|||21|||20|||0|||486
__global__|||22|||21|||0|||486
__global__|||23|||22|||0|||486
__global__|||25|||24|||0|||486
__global__|||26|||25|||0|||486
\|||166|||19|||106|||487
n|||178|||19|||107|||487
y2|||1|||19|||109|||487
.|||49|||14|||32|||488
i|||49|||12|||29|||489
x|||47|||15|||24|||489
r_|||1|||15|||37|||489
(|||40|||9|||86|||490
;|||37|||9|||87|||490
+|||17|||9|||93|||490
1|||3|||9|||94|||490
;|||38|||9|||95|||490
SRSLTE_SIMD_CF_SIZE|||4|||9|||98|||490
)|||38|||9|||99|||490
simd_f_t|||3|||9|||131|||490
n|||69|||9|||140|||490
(|||44|||9|||145|||490
a|||4|||9|||146|||490
,|||38|||9|||147|||490
else|||1|||0|||70|||491
j|||6|||3|||128|||491
;|||66|||12|||119|||491
n|||116|||12|||130|||491
height|||1|||17|||98|||491
pp|||2|||25|||104|||491
j|||5|||3|||124|||492
defvert_find_index|||1|||4|||111|||492
<|||16|||8|||59|||492
(|||61|||12|||74|||492
x2|||2|||19|||121|||492
void|||23|||21|||1|||492
<|||34|||21|||31|||492
n|||195|||21|||117|||492
threadIdx|||5|||4|||48|||493
\|||160|||19|||41|||493
int|||107|||23|||57|||493
blockIdx|||30|||23|||64|||493
int|||16|||5|||11|||494
+|||8|||5|||84|||494
z|||10|||17|||136|||494
\|||153|||17|||139|||494
pp|||1|||25|||100|||494
{|||23|||8|||88|||495
\|||185|||21|||137|||495
\|||189|||21|||148|||495
blockIdx|||28|||21|||167|||495
,|||10|||4|||7|||496
square|||1|||11|||15|||496
test_omp_parallel_for_ordered|||1|||12|||2|||496
\|||92|||12|||43|||496
(|||69|||14|||3|||496
door|||1|||21|||2|||496
100|||1|||21|||32|||496
;|||53|||11|||98|||497
++|||5|||11|||111|||497
;|||56|||11|||125|||497
num|||7|||11|||139|||497
num|||8|||11|||165|||497
if|||5|||2|||55|||498
==|||3|||9|||46|||498
(|||41|||9|||107|||499
\|||67|||9|||164|||499
(|||135|||25|||55|||499
