)|||101|||25|||54|||0
settings|||4|||25|||56|||0
}|||13|||25|||70|||0
*|||25|||10|||18|||1
largest|||3|||10|||59|||1
int|||40|||12|||8|||1
LOOPCNT|||3|||14|||104|||1
dv|||1|||4|||68|||2
=|||21|||4|||86|||2
MRI|||3|||17|||11|||2
)|||32|||9|||66|||3
nrange|||2|||14|||87|||4
==|||4|||14|||88|||4
;|||105|||14|||90|||4
j|||18|||14|||91|||4
LOOPCNT|||2|||14|||93|||4
ENDCOM|||2|||6|||40|||5
=|||28|||6|||58|||5
i|||59|||10|||54|||5
[|||11|||4|||62|||6
;|||109|||14|||139|||6
FILE|||1|||16|||24|||6
;|||34|||5|||19|||7
*|||60|||16|||8|||7
i|||4|||0|||45|||8
i|||25|||4|||54|||8
dw|||1|||4|||85|||8
=|||102|||23|||20|||8
num|||10|||23|||44|||8
(|||10|||3|||2|||9
time_step|||1|||3|||4|||9
*|||3|||3|||7|||9
{|||7|||3|||14|||9
=|||44|||11|||51|||9
=|||1|||0|||21|||10
m|||4|||5|||40|||10
float|||6|||5|||56|||10
<=|||2|||8|||27|||10
x|||1|||9|||6|||11
,|||29|||9|||7|||11
*|||24|||10|||8|||11
,|||62|||15|||5|||11
time_step|||2|||3|||29|||12
;|||38|||6|||29|||12
c|||4|||7|||22|||12
)|||29|||9|||44|||12
hist|||1|||19|||20|||12
{|||51|||19|||39|||12
cube_s|||1|||20|||2|||12
float|||11|||6|||22|||13
(|||24|||6|||42|||13
n|||2|||6|||49|||14
mass_flux_x|||1|||13|||82|||14
(|||87|||17|||71|||14
height|||4|||17|||92|||14
=|||86|||17|||99|||14
num_chunks_per_rank|||1|||25|||31|||14
i|||14|||3|||16|||15
neighbors|||1|||3|||95|||15
MRI|||2|||17|||7|||15
*|||63|||17|||8|||15
,|||94|||19|||5|||15
,|||95|||19|||8|||15
++|||11|||11|||88|||16
void|||13|||14|||4|||17
i|||77|||14|||25|||17
j|||15|||14|||27|||17
*|||68|||19|||10|||17
(|||60|||13|||48|||18
int|||47|||13|||49|||18
n_x|||2|||13|||54|||18
*|||42|||13|||69|||18
float|||1|||3|||3|||19
(|||23|||6|||2|||19
*|||18|||7|||4|||19
(|||45|||10|||6|||19
*|||26|||11|||4|||19
*|||49|||14|||6|||19
fp|||1|||16|||7|||19
{|||46|||17|||29|||19
(|||93|||19|||2|||19
,|||100|||23|||6|||19
"|||1|||16|||39|||20
j|||39|||22|||22|||20
const|||1|||4|||18|||21
,|||79|||17|||10|||21
{|||47|||17|||83|||21
i|||53|||9|||128|||22
*|||56|||14|||120|||22
[|||1|||0|||18|||23
i|||3|||0|||37|||23
long|||2|||14|||51|||23
for|||26|||14|||149|||24
(|||118|||25|||62|||24
settings|||5|||25|||63|||24
*|||50|||14|||13|||25
)|||95|||24|||53|||25
,|||107|||25|||106|||26
)|||106|||25|||110|||26
;|||174|||25|||111|||26
int|||83|||25|||114|||26
)|||1|||0|||15|||27
j|||1|||2|||11|||27
j|||21|||15|||23|||27
[|||35|||21|||7|||27
<=|||3|||21|||19|||27
int|||71|||21|||51|||27
)|||43|||11|||90|||28
ptr_double|||1|||13|||62|||28
{|||36|||14|||95|||28
=|||107|||24|||36|||28
*|||76|||24|||37|||28
float|||5|||4|||58|||29
i|||68|||11|||74|||29
;|||93|||13|||53|||29
n_x|||3|||13|||58|||29
++|||14|||13|||59|||29
)|||52|||13|||60|||29
)|||82|||19|||69|||29
site_def|||1|||1|||5|||30
;|||91|||13|||38|||30
,|||63|||15|||8|||30
box|||1|||11|||33|||31
i|||64|||11|||50|||31
+|||10|||11|||133|||31
(|||55|||12|||2|||31
sum|||2|||12|||6|||31
zero_array|||1|||18|||1|||31
MINLINE|||1|||20|||0|||31
(|||97|||21|||2|||31
,|||22|||6|||17|||32
;|||128|||17|||42|||32
(|||98|||21|||12|||32
)|||85|||21|||24|||32
;|||10|||2|||20|||33
;|||19|||3|||48|||33
i|||44|||8|||22|||33
i|||91|||19|||37|||33
=|||3|||0|||47|||34
index|||1|||3|||75|||34
val|||2|||3|||105|||34
num|||6|||11|||112|||34
p_index|||2|||11|||121|||34
(|||110|||24|||46|||34
VEC4|||1|||15|||3|||35
v|||1|||15|||7|||35
,|||104|||24|||10|||35
1|||1|||0|||29|||36
j|||11|||8|||18|||36
known_sum|||1|||12|||12|||36
&|||1|||4|||70|||37
?|||2|||4|||88|||37
update_global_node_set|||1|||1|||3|||38
,|||83|||17|||24|||38
srslte_simd_f_load|||1|||9|||83|||39
]|||18|||9|||89|||39
float|||21|||11|||116|||40
scale|||1|||11|||117|||40
<|||27|||19|||64|||40
)|||69|||16|||71|||41
z|||8|||17|||80|||41
<=|||5|||21|||57|||41
)|||8|||3|||13|||42
;|||29|||4|||49|||42
solver|||1|||25|||7|||42
C|||1|||25|||43|||42
{|||66|||25|||45|||42
run_ppcg_init|||1|||25|||46|||42
,|||108|||25|||108|||42
;|||28|||4|||43|||43
for|||7|||4|||44|||43
i|||49|||9|||63|||43
,|||18|||5|||53|||44
i|||34|||6|||47|||44
b|||2|||6|||65|||44
]|||21|||10|||64|||44
]|||12|||4|||81|||45
i|||74|||12|||43|||45
]|||27|||15|||38|||45
++|||23|||21|||46|||45
->|||9|||25|||40|||45
n|||1|||6|||4|||46
,|||19|||6|||5|||46
(|||103|||22|||2|||46
float|||32|||22|||3|||46
i|||73|||12|||39|||47
)|||55|||14|||63|||47
;|||162|||23|||41|||47
,|||2|||0|||12|||48
1|||7|||9|||134|||48
[|||25|||11|||148|||48
cc|||5|||25|||115|||48
void|||2|||1|||2|||49
i|||12|||2|||25|||49
n_x|||1|||13|||50|||49
0|||29|||13|||52|||49
x_size|||2|||13|||56|||49
;|||94|||13|||57|||49
side|||3|||11|||58|||50
++|||13|||13|||44|||50
for|||24|||13|||47|||50
;|||20|||3|||59|||51
;|||23|||3|||76|||51
+|||9|||11|||113|||51
check_i_islarger2|||1|||12|||62|||51
y|||8|||17|||94|||51
MRIvox|||1|||17|||101|||51
>>|||2|||24|||58|||51
int|||2|||2|||5|||52
for|||3|||2|||15|||52
i|||16|||3|||43|||52
,|||28|||8|||17|||52
h|||1|||11|||23|||52
int|||31|||11|||37|||52
;|||99|||14|||40|||52
mtx|||1|||15|||10|||52
{|||40|||15|||12|||52
,|||68|||16|||16|||52
if|||7|||16|||117|||52
start|||3|||19|||32|||52
matrix|||1|||5|||0|||53
void|||11|||11|||0|||53
void|||16|||18|||0|||53
void|||19|||22|||0|||53
;|||17|||3|||36|||54
i|||22|||4|||42|||54
;|||56|||9|||99|||54
a|||4|||9|||105|||54
shortloop|||1|||14|||147|||54
;|||164|||24|||25|||54
node_no|||1|||1|||21|||55
=|||5|||1|||23|||55
0|||3|||1|||30|||55
i|||7|||1|||32|||55
=|||58|||12|||61|||56
filename|||2|||16|||37|||56
fid|||3|||16|||46|||56
▁|||1|||16|||55|||56
=|||81|||17|||53|||57
mri|||2|||17|||54|||57
)|||3|||1|||8|||58
MDeformVert|||1|||4|||3|||58
nowait_example2|||1|||6|||1|||58
char|||2|||7|||3|||58
softmax_array|||1|||10|||5|||58
float|||18|||11|||3|||58
filename|||1|||16|||5|||58
calc_angles_RR|||1|||19|||1|||58
i|||66|||11|||61|||59
+|||12|||11|||141|||59
0|||40|||17|||88|||60
z|||9|||17|||109|||60
;|||111|||14|||158|||61
j|||35|||21|||61|||61
0|||6|||2|||23|||62
float|||27|||19|||40|||62
{|||3|||1|||9|||63
i|||30|||5|||11|||63
0|||31|||14|||49|||63
mri_std|||1|||17|||27|||63
int|||58|||17|||30|||63
y|||5|||17|||33|||63
;|||37|||5|||60|||64
1|||5|||8|||37|||64
int|||37|||11|||124|||64
(|||117|||25|||49|||64
=|||113|||25|||116|||64
dvert|||1|||4|||5|||65
float|||7|||6|||6|||65
float|||8|||6|||10|||65
int|||26|||11|||10|||65
double|||2|||13|||9|||65
out|||1|||15|||4|||65
(|||120|||25|||87|||66
pp|||2|||25|||93|||66
<|||30|||25|||94|||66
i|||58|||10|||47|||67
<|||17|||13|||55|||67
;|||134|||17|||75|||67
uint32_t|||3|||24|||34|||67
argb|||1|||24|||35|||67
1|||2|||2|||45|||68
(|||69|||14|||113|||68
,|||60|||14|||115|||68
uint8_t|||3|||24|||66|||68
)|||47|||12|||3|||69
pp|||1|||25|||89|||70
=|||112|||25|||90|||70
ushort|||3|||14|||134|||71
]|||26|||14|||166|||71
z|||2|||9|||15|||72
len|||1|||9|||19|||72
i|||47|||9|||23|||72
&&|||3|||9|||40|||72
[|||20|||9|||87|||72
i|||51|||9|||88|||72
iterations|||1|||25|||3|||72
for|||21|||12|||37|||73
FIELD_SD|||1|||25|||81|||73
;|||171|||25|||85|||73
for|||43|||25|||86|||73
[|||32|||19|||52|||74
;|||144|||19|||55|||74
int|||66|||19|||58|||74
0|||44|||19|||61|||74
double|||1|||13|||4|||75
n_y|||2|||13|||39|||75
{|||33|||13|||65|||75
ptr_double|||2|||13|||81|||75
,|||89|||17|||49|||75
=|||34|||9|||24|||76
for|||14|||9|||52|||76
b|||4|||9|||97|||76
=|||103|||23|||28|||76
MDeformWeight|||1|||4|||10|||77
restrict|||2|||13|||11|||77
uint8_t|||1|||24|||11|||77
float|||31|||19|||87|||78
<|||9|||9|||56|||79
+|||5|||9|||60|||79
simd_cf_t|||2|||9|||100|||79
srslte_simd_cf_mul|||1|||9|||103|||79
)|||36|||9|||108|||79
(|||12|||3|||28|||80
x|||2|||9|||38|||80
&|||3|||9|||85|||80
;|||104|||14|||82|||80
+=|||2|||9|||137|||81
num|||3|||11|||11|||81
input|||4|||16|||9|||81
MRI|||4|||17|||21|||81
*|||65|||17|||22|||81
BUFTYPE|||1|||17|||46|||81
i|||89|||19|||26|||81
0|||10|||3|||65|||82
2.0f|||1|||6|||71|||82
n|||10|||11|||84|||82
*|||31|||11|||96|||82
n_y|||3|||13|||43|||82
{|||31|||13|||46|||82
<|||28|||24|||29|||82
;|||108|||14|||127|||83
cdir|||2|||14|||146|||83
num_pixels|||1|||24|||9|||83
const|||10|||24|||19|||83
i|||33|||6|||43|||84
a|||2|||6|||60|||84
[|||16|||6|||61|||84
*|||16|||6|||19|||85
nowait|||1|||6|||39|||85
]|||14|||6|||57|||85
=|||53|||12|||18|||85
restrict|||3|||13|||17|||85
,|||103|||24|||7|||86
uint32_t|||2|||24|||17|||86
=|||38|||9|||102|||87
mask|||1|||17|||50|||87
->|||8|||25|||30|||87
i|||31|||5|||63|||88
#pragma|||3|||6|||73|||88
j|||24|||15|||37|||88
{|||58|||21|||72|||88
(|||104|||22|||21|||88
;|||12|||2|||34|||89
n|||4|||8|||28|||89
;|||78|||11|||146|||89
(|||16|||4|||2|||90
int|||6|||4|||7|||90
,|||15|||4|||36|||90
z|||3|||9|||48|||90
0|||14|||5|||15|||91
m|||2|||5|||20|||91
{|||27|||12|||4|||92
int|||41|||12|||11|||92
,|||9|||4|||14|||93
;|||31|||4|||65|||93
(|||6|||2|||2|||94
temp_sol|||1|||3|||8|||94
float|||2|||4|||24|||94
,|||16|||5|||5|||94
,|||21|||6|||13|||94
,|||26|||8|||7|||94
float|||33|||22|||8|||94
Pixel|||3|||23|||18|||94
+|||3|||5|||49|||95
i|||37|||6|||62|||95
}|||10|||16|||75|||95
x|||3|||9|||74|||96
}|||2|||9|||122|||96
=|||32|||8|||23|||97
sum|||1|||10|||26|||97
;|||152|||21|||32|||97
#pragma|||8|||14|||145|||98
predictions|||1|||11|||5|||99
,|||37|||11|||6|||99
j|||25|||16|||31|||99
}|||5|||12|||76|||100
<|||25|||17|||119|||100
width|||4|||17|||120|||100
;|||11|||2|||24|||101
,|||6|||3|||19|||101
]|||5|||3|||63|||101
count|||2|||5|||13|||101
cols|||1|||5|||22|||101
(|||20|||5|||45|||101
for|||8|||5|||61|||101
i|||84|||16|||29|||101
{|||28|||12|||50|||102
(|||57|||12|||63|||102
=|||76|||15|||39|||102
"|||2|||16|||41|||102
++|||19|||17|||95|||102
(|||89|||17|||102|||102
;|||8|||2|||9|||103
=|||9|||2|||18|||103
r_|||1|||15|||14|||103
*|||4|||3|||11|||104
]|||6|||3|||70|||105
[|||10|||3|||108|||105
++|||16|||15|||31|||105
&|||6|||17|||100|||105
,|||91|||17|||106|||105
=|||87|||17|||115|||105
tmp|||4|||19|||88|||105
=|||2|||0|||28|||106
;|||2|||0|||30|||106
FLT_MAX|||1|||10|||34|||106
height|||2|||17|||58|||106
:|||2|||4|||93|||107
(|||86|||17|||2|||107
mri_dof|||1|||17|||13|||107
;|||136|||17|||89|||107
)|||78|||17|||110|||107
;|||138|||17|||111|||107
const|||9|||24|||16|||108
(|||14|||3|||38|||109
(|||17|||4|||45|||109
(|||32|||8|||34|||109
int|||42|||12|||14|||109
7|||1|||14|||72|||110
16|||1|||24|||49|||110
)|||15|||4|||56|||111
{|||11|||4|||57|||111
j|||19|||14|||102|||112
<|||19|||14|||156|||112
j|||30|||19|||68|||112
*|||72|||23|||51|||112
realign|||2|||14|||67|||113
int|||54|||16|||17|||113
major|||1|||16|||18|||113
)|||68|||16|||49|||113
++|||1|||0|||38|||114
++|||4|||3|||88|||114
%|||2|||14|||74|||114
void|||1|||0|||2|||115
do_rem|||1|||4|||35|||115
,|||57|||14|||26|||115
else|||2|||14|||129|||115
{|||39|||14|||162|||115
]|||29|||19|||46|||116
i|||99|||21|||41|||116
*|||9|||4|||25|||117
float|||9|||6|||14|||117
n|||3|||8|||9|||117
b|||5|||22|||9|||117
int|||8|||4|||19|||118
MDeformWeight|||2|||4|||83|||118
;|||18|||3|||42|||119
for|||40|||21|||49|||119
,|||71|||16|||38|||120
==|||5|||16|||47|||120
)|||100|||25|||44|||120
,|||35|||10|||13|||121
int|||75|||23|||14|||121
i|||21|||3|||97|||122
,|||14|||4|||33|||122
(|||27|||7|||24|||122
{|||16|||7|||42|||122
)|||30|||9|||49|||122
=|||40|||10|||32|||122
defgrp_idx|||1|||4|||8|||123
int|||25|||11|||7|||123
+|||8|||11|||109|||123
int|||52|||16|||11|||123
i|||11|||2|||21|||124
]|||10|||4|||64|||124
;|||43|||7|||21|||124
;|||51|||9|||26|||124
(|||62|||14|||54|||124
depth|||2|||17|||64|||124
(|||114|||25|||21|||124
)|||104|||25|||75|||124
,|||47|||11|||43|||125
0|||27|||12|||27|||125
;|||114|||15|||26|||125
(|||81|||16|||87|||125
;|||149|||21|||10|||125
++|||22|||21|||22|||125
]|||34|||21|||29|||125
1|||16|||21|||54|||125
len|||2|||9|||57|||126
)|||35|||9|||98|||126
(|||42|||9|||104|||126
num_pixels|||2|||24|||24|||126
{|||19|||9|||51|||127
int|||65|||19|||25|||127
bestDist|||1|||23|||27|||127
int|||27|||11|||13|||128
square|||1|||11|||14|||128
*|||11|||4|||84|||129
b3d9c82c5f695f932c9f504d2b6a592|||1|||10|||3|||129
int|||29|||11|||19|||129
w|||2|||11|||20|||129
predictions|||3|||11|||155|||129
[|||26|||11|||156|||129
*|||46|||13|||92|||129
(|||13|||3|||33|||130
=|||17|||3|||106|||130
SRSLTE_SIMD_CF_SIZE|||2|||9|||30|||130
,|||50|||13|||13|||130
▁|||3|||16|||59|||130
fprintf|||2|||16|||86|||130
rand_d|||2|||19|||43|||130
i|||9|||2|||6|||131
(|||7|||2|||16|||131
float|||15|||10|||17|||132
,|||59|||14|||103|||132
;|||98|||14|||36|||133
*|||61|||16|||25|||133
100|||3|||21|||43|||133
const|||12|||24|||41|||133
if|||4|||10|||50|||134
(|||47|||10|||51|||134
=|||56|||12|||40|||134
100|||1|||12|||45|||134
=|||64|||13|||83|||134
(|||8|||2|||30|||135
i|||45|||8|||26|||135
)|||54|||14|||56|||135
if|||5|||14|||107|||135
++|||25|||23|||53|||135
0xf|||1|||24|||62|||135
;|||167|||25|||26|||135
settings|||3|||25|||39|||135
SqareDown|||1|||2|||1|||136
const|||2|||4|||23|||136
m1|||1|||5|||4|||136
b|||1|||6|||12|||136
m|||5|||8|||6|||136
test_omp_parallel_for_ordered|||1|||12|||1|||136
const|||6|||13|||14|||136
,|||55|||14|||8|||136
rand_d|||1|||19|||11|||136
door|||1|||21|||1|||136
,|||98|||22|||7|||136
ppcg_inner_iterations|||1|||25|||9|||136
*|||10|||4|||67|||137
int|||77|||23|||33|||137
int|||79|||23|||39|||137
r|||3|||23|||40|||137
)|||27|||9|||20|||138
{|||18|||9|||21|||138
j|||23|||15|||32|||139
p_index|||1|||11|||102|||140
=|||49|||11|||103|||140
vol_flux_x|||1|||13|||63|||140
do_add|||1|||4|||29|||141
{|||17|||8|||14|||141
y_size|||1|||13|||24|||141
}|||9|||14|||140|||141
,|||88|||17|||40|||141
long|||4|||19|||17|||141
nx|||1|||22|||14|||141
&&|||1|||1|||35|||142
->|||3|||3|||94|||142
temp_sol|||3|||3|||107|||142
]|||17|||9|||77|||142
srslte_simd_f_rcp|||1|||9|||95|||142
for|||15|||9|||125|||142
i|||54|||9|||136|||142
0|||20|||10|||28|||142
(|||48|||10|||68|||142
+|||11|||11|||136|||142
]|||24|||11|||160|||142
=|||70|||14|||97|||142
+=|||1|||9|||64|||143
simd_cf_t|||1|||9|||68|||143
a|||3|||9|||69|||143
rcpb|||2|||9|||107|||143
)|||22|||7|||12|||144
)|||83|||20|||6|||144
[|||39|||22|||5|||144
for|||41|||22|||20|||144
y|||3|||9|||43|||145
{|||20|||9|||67|||145
[|||21|||9|||114|||145
[|||43|||25|||80|||145
{|||5|||2|||28|||146
j|||12|||8|||35|||146
0|||25|||11|||159|||146
;|||32|||4|||82|||147
(|||54|||11|||154|||147
1|||12|||13|||89|||147
+|||19|||13|||90|||147
)|||59|||14|||105|||147
cc|||3|||25|||34|||147
++|||28|||25|||99|||147
)|||23|||7|||26|||148
value|||2|||7|||27|||148
0|||21|||10|||40|||148
NULL|||1|||16|||48|||148
,|||73|||16|||89|||148
"|||7|||16|||90|||148
for|||30|||16|||124|||148
(|||84|||16|||125|||148
(|||101|||21|||65|||148
ordered|||1|||12|||35|||149
,|||70|||16|||30|||149
fid|||2|||16|||33|||149
=|||78|||16|||34|||149
fopen|||1|||16|||35|||149
for|||42|||25|||20|||150
else|||3|||25|||60|||150
characters|||1|||0|||1|||151
static|||1|||1|||1|||151
void|||3|||2|||0|||151
void|||6|||6|||0|||151
void|||7|||7|||0|||151
int|||38|||12|||0|||151
void|||15|||16|||0|||151
void|||17|||19|||0|||151
0x00|||1|||0|||48|||152
->|||1|||1|||39|||152
j|||5|||2|||52|||152
dv|||2|||4|||96|||152
omp|||3|||6|||74|||152
[|||18|||7|||48|||152
j|||13|||8|||39|||152
n|||7|||10|||75|||152
)|||46|||11|||163|||152
;|||96|||13|||99|||152
uint|||2|||14|||169|||152
=|||77|||15|||45|||152
data_cols|||3|||16|||146|||152
0|||43|||18|||17|||152
x2|||2|||19|||90|||152
{|||53|||20|||7|||152
[|||38|||21|||80|||152
=|||101|||22|||23|||152
=|||109|||24|||68|||152
0|||50|||25|||117|||152
<|||3|||2|||36|||153
10|||1|||2|||37|||153
i|||18|||3|||55|||154
temp|||1|||10|||15|||154
;|||62|||10|||29|||154
float|||17|||10|||30|||154
z|||7|||17|||76|||154
float|||29|||19|||71|||154
int|||70|||21|||36|||154
)|||87|||21|||62|||154
;|||118|||16|||32|||155
mri|||4|||17|||66|||155
&|||7|||24|||51|||155
int|||10|||4|||34|||156
c|||2|||6|||54|||156
cxp|||1|||14|||52|||156
(|||94|||19|||24|||156
=|||90|||19|||42|||156
for|||11|||7|||29|||157
i|||76|||12|||53|||157
#pragma|||5|||12|||55|||157
int|||56|||16|||28|||157
(|||78|||16|||45|||157
printf|||1|||16|||51|||157
opened|||1|||16|||64|||157
}|||11|||21|||33|||157
%|||6|||21|||67|||157
j|||37|||21|||75|||157
)|||67|||16|||42|||158
fprintf|||3|||16|||104|||158
)|||99|||25|||35|||158
}|||14|||25|||71|||158
;|||170|||25|||76|||158
pp|||3|||25|||100|||158
(|||3|||1|||4|||159
MRI|||5|||17|||25|||159
FindBestGray|||1|||23|||2|||159
(|||105|||23|||3|||159
1|||17|||23|||29|||159
[|||19|||9|||75|||160
else|||1|||9|||123|||160
v|||2|||23|||56|||161
const|||13|||24|||65|||161
(|||36|||9|||42|||162
;|||55|||9|||91|||162
int|||67|||20|||1|||162
=|||11|||3|||40|||163
for|||27|||15|||21|||163
int|||78|||23|||36|||163
return|||1|||16|||73|||164
P2|||1|||16|||81|||164
\n|||2|||16|||82|||164
;|||103|||14|||76|||165
num|||1|||4|||16|||166
indices|||1|||4|||21|||166
,|||25|||7|||9|||166
n|||5|||10|||12|||166
,|||39|||11|||12|||166
rows|||6|||19|||4|||166
)|||81|||19|||38|||166
realign|||1|||14|||47|||167
,|||56|||14|||11|||168
uint|||1|||14|||12|||168
tp|||1|||14|||14|||168
loopcnt=LOOPCNT|||1|||14|||143|||168
0xf0|||1|||24|||52|||168
was|||1|||16|||58|||169
->|||4|||17|||55|||169
SIZEOF_USHORT|||3|||14|||121|||170
)|||61|||14|||122|||170
;|||107|||14|||123|||170
=|||71|||14|||125|||170
*|||57|||14|||135|||170
)|||62|||14|||136|||170
largest|||2|||10|||57|||171
rand_d|||3|||19|||74|||171
while|||1|||23|||42|||171
{|||61|||23|||47|||171
=|||23|||5|||23|||172
*|||53|||14|||61|||173
*|||54|||14|||62|||173
(|||71|||14|||150|||173
data_cols|||2|||16|||99|||173
classes|||1|||11|||8|||174
,|||38|||11|||9|||174
*|||27|||11|||29|||174
const|||11|||24|||33|||174
->|||2|||3|||46|||175
)|||102|||25|||57|||175
)|||49|||12|||65|||176
&&|||5|||12|||66|||176
(|||82|||16|||105|||176
(|||85|||16|||139|||176
)|||31|||9|||50|||177
(|||41|||9|||96|||177
(|||70|||14|||133|||177
hv_sol|||1|||3|||67|||178
1|||3|||3|||103|||178
=|||91|||19|||50|||178
for|||37|||19|||56|||178
j|||28|||19|||59|||178
;|||145|||19|||62|||178
100000|||1|||19|||65|||178
real|||2|||3|||10|||179
const|||4|||9|||8|||179
SRSLTE_SIMD_CF_SIZE|||5|||9|||132|||179
,|||43|||11|||24|||179
#if|||2|||14|||17|||179
hi_val|||1|||17|||19|||179
;|||87|||12|||46|||180
;|||90|||12|||74|||180
}|||4|||12|||75|||180
j|||32|||19|||84|||180
short|||1|||20|||4|||180
nodes|||3|||3|||45|||181
nrange|||1|||14|||42|||181
m2|||3|||5|||50|||182
for|||16|||10|||36|||182
=|||69|||14|||80|||182
mri|||3|||17|||60|||182
i|||20|||3|||69|||183
;|||40|||6|||50|||183
]|||16|||6|||68|||183
omp|||4|||12|||30|||183
nelems|||2|||14|||85|||183
-|||6|||14|||101|||183
=|||83|||17|||65|||183
;|||156|||21|||59|||183
ENDCOM|||1|||6|||33|||184
private(i)|||1|||12|||34|||184
)|||65|||15|||33|||184
]|||13|||4|||92|||185
chunks|||3|||25|||105|||185
settings|||9|||25|||107|||185
(|||50|||11|||49|||186
uint64_t|||2|||0|||13|||187
i|||1|||0|||27|||187
(|||11|||3|||23|||187
int|||17|||7|||14|||187
output|||1|||10|||19|||187
)|||41|||11|||39|||187
xp|||1|||14|||39|||187
(|||74|||15|||22|||187
<|||26|||19|||31|||187
;|||150|||21|||17|||187
)|||50|||13|||25|||188
{|||30|||13|||26|||188
depth|||1|||17|||41|||188
;|||15|||3|||26|||189
++|||3|||3|||50|||189
-|||2|||3|||102|||189
i|||72|||12|||15|||190
long|||1|||14|||24|||190
;|||1|||0|||23|||191
time_step|||3|||3|||34|||191
#pragma|||1|||6|||30|||191
#pragma|||2|||6|||35|||191
j|||20|||15|||19|||191
=|||98|||21|||38|||191
j|||38|||22|||18|||191
&|||9|||25|||48|||191
*|||29|||11|||34|||192
0|||23|||11|||52|||192
)|||44|||11|||135|||192
schedule(static,1)|||1|||12|||33|||192
)|||80|||19|||21|||192
;|||158|||23|||25|||192
=|||106|||24|||21|||192
%|||1|||11|||75|||193
;|||77|||11|||123|||193
*|||43|||13|||73|||193
xdim0_update_halo_kernel3_minus_4_b|||1|||13|||74|||193
*|||44|||13|||75|||193
1|||11|||13|||76|||193
,|||53|||13|||77|||193
argb|||2|||24|||47|||193
)|||24|||7|||41|||194
if|||2|||7|||43|||194
n|||13|||11|||114|||195
for|||28|||15|||42|||195
;|||123|||16|||103|||195
{|||45|||16|||137|||195
for|||31|||16|||138|||195
j|||27|||16|||144|||195
site|||3|||1|||38|||196
0|||15|||5|||65|||196
;|||54|||9|||79|||196
=|||60|||12|||78|||196
++|||15|||14|||160|||196
=|||74|||14|||167|||196
->|||7|||23|||59|||196
[|||31|||19|||44|||197
int|||44|||13|||20|||198
,|||52|||13|||22|||198
parallel|||3|||13|||29|||198
for|||12|||8|||20|||199
(|||46|||10|||37|||199
*|||36|||11|||130|||199
=|||65|||14|||43|||199
0|||30|||14|||44|||199
0|||32|||14|||81|||199
(|||5|||1|||27|||200
;|||36|||5|||39|||200
<|||20|||15|||28|||200
(|||92|||18|||13|||200
{|||59|||22|||16|||200
;|||21|||3|||66|||201
<|||14|||11|||85|||201
num|||5|||11|||97|||201
;|||81|||12|||13|||202
{|||60|||23|||17|||202
0|||7|||2|||33|||203
)|||7|||2|||41|||203
=|||37|||9|||94|||203
<|||29|||25|||28|||203
ii|||2|||12|||64|||204
{|||43|||16|||50|||204
/|||3|||16|||63|||204
i|||85|||16|||126|||204
doors|||3|||21|||73|||204
[|||37|||21|||74|||204
update_ghost_nodes|||1|||3|||22|||205
]|||20|||10|||55|||205
+|||15|||12|||72|||205
<|||22|||16|||145|||205
j|||31|||19|||76|||205
doors|||4|||21|||79|||205
i|||23|||4|||46|||206
(|||28|||7|||30|||206
if|||6|||16|||44|||206
(|||79|||16|||52|||206
i|||101|||21|||68|||206
--|||1|||2|||26|||207
401|||1|||10|||2|||207
restrict|||1|||13|||6|||207
int|||63|||19|||6|||207
(|||43|||9|||111|||208
&|||4|||9|||112|||208
z|||4|||9|||113|||208
i|||52|||9|||115|||208
sum|||5|||12|||71|||208
++|||8|||8|||31|||209
(|||63|||14|||58|||209
)|||56|||14|||65|||209
;|||116|||15|||41|||209
&|||8|||24|||61|||209
;|||168|||25|||32|||209
(|||19|||5|||2|||210
,|||17|||5|||12|||210
m1|||2|||5|||24|||210
.|||2|||5|||25|||210
calloc|||1|||5|||44|||210
)|||84|||21|||3|||211
int|||69|||21|||13|||211
;|||153|||21|||40|||211
100|||4|||21|||58|||211
;|||9|||2|||14|||212
i|||43|||8|||16|||212
#pragma|||6|||13|||27|||212
;|||124|||16|||116|||212
float|||24|||17|||43|||212
{|||55|||21|||25|||212
;|||120|||16|||72|||213
for|||39|||21|||34|||213
++|||24|||21|||60|||213
=|||62|||13|||51|||214
cc|||1|||25|||23|||214
,|||10|||4|||17|||215
,|||11|||4|||22|||215
=|||20|||4|||69|||215
;|||79|||12|||7|||215
(|||56|||12|||38|||215
mri_mask|||1|||17|||9|||215
*|||64|||17|||12|||215
)|||76|||17|||82|||215
(|||88|||17|||85|||215
{|||4|||2|||4|||216
float|||14|||10|||14|||216
SIZEOF_USHORT|||1|||14|||22|||216
int|||68|||21|||5|||216
num|||9|||23|||12|||216
(|||21|||5|||55|||217
}|||3|||10|||66|||217
j|||34|||21|||56|||217
settings|||6|||25|||74|||217
i|||19|||3|||62|||218
(|||49|||11|||2|||218
++|||10|||11|||60|||218
n|||9|||11|||80|||218
int|||35|||11|||92|||218
,|||46|||11|||36|||219
only_objectness|||1|||11|||38|||219
i|||65|||11|||54|||219
;|||74|||11|||87|||219
(|||53|||11|||137|||219
,|||84|||17|||32|||219
(|||15|||3|||78|||220
]|||9|||3|||110|||220
dataBlockSize|||2|||0|||19|||221
char|||3|||7|||19|||221
height|||3|||17|||62|||221
{|||49|||18|||11|||221
is_larger|||4|||12|||67|||222
->|||11|||25|||78|||222
{|||68|||25|||102|||222
dws|||1|||4|||13|||223
a|||1|||6|||8|||223
value|||1|||7|||11|||223
4|||1|||11|||145|||223
]|||4|||3|||56|||224
=|||30|||7|||23|||224
float|||13|||10|||7|||224
dist|||1|||23|||34|||224
0x80|||1|||0|||22|||225
;|||3|||0|||36|||225
*|||30|||11|||57|||225
=|||46|||11|||73|||225
1|||9|||12|||41|||225
i|||98|||21|||37|||225
(|||112|||24|||56|||225
<|||4|||3|||44|||226
;|||63|||10|||35|||226
*|||35|||11|||128|||226
int|||49|||14|||41|||226
(|||83|||16|||118|||226
+|||20|||19|||33|||226
int|||7|||4|||15|||227
*|||8|||4|||20|||227
MDeformVert|||2|||4|||66|||227
int|||39|||12|||5|||227
(|||115|||25|||38|||227
*|||39|||13|||5|||228
<|||16|||13|||40|||228
settings|||2|||25|||29|||228
nodes|||4|||3|||93|||229
parallel|||1|||6|||32|||229
=|||39|||10|||27|||229
,|||64|||15|||18|||229
for|||36|||19|||23|||229
x1|||1|||19|||41|||229
(|||121|||25|||104|||230
1|||8|||12|||23|||231
)|||53|||14|||15|||231
cf_t|||2|||9|||13|||232
;|||82|||12|||16|||232
parallel|||2|||12|||31|||232
int|||43|||13|||15|||232
tmp|||3|||14|||126|||232
void|||5|||4|||0|||233
int|||48|||14|||0|||233
int|||57|||17|||0|||233
void|||20|||24|||0|||233
++|||7|||7|||40|||234
1|||4|||8|||24|||234
char|||5|||14|||60|||234
[|||29|||15|||36|||234
"|||8|||16|||97|||234
y|||7|||17|||90|||234
#pragma|||7|||14|||141|||235
ENDCOM|||8|||14|||144|||235
i|||26|||4|||63|||236
x2|||1|||19|||49|||236
]|||30|||19|||54|||236
(|||95|||19|||57|||236
=|||92|||19|||60|||236
j|||29|||19|||63|||236
;|||57|||9|||109|||237
1|||13|||13|||95|||237
,|||54|||13|||96|||237
=|||4|||1|||15|||238
rows|||4|||5|||48|||238
*|||58|||14|||137|||238
;|||131|||17|||57|||238
chunks|||2|||25|||50|||238
==|||9|||25|||66|||238
i|||27|||4|||77|||239
)|||26|||8|||32|||239
;|||102|||14|||66|||239
%|||5|||16|||109|||239
if|||8|||21|||64|||239
++|||27|||25|||33|||239
;|||173|||25|||98|||239
P|||2|||0|||17|||240
+|||4|||6|||64|||240
)|||25|||8|||13|||240
nelems|||1|||14|||10|||240
for|||33|||17|||84|||240
]|||33|||21|||9|||240
;|||151|||21|||21|||240
i|||97|||21|||28|||240
=|||99|||21|||53|||240
<=|||1|||0|||32|||241
==|||1|||2|||46|||242
==|||2|||9|||31|||242
)|||37|||9|||119|||242
;|||58|||9|||120|||242
for|||23|||13|||32|||242
int|||46|||13|||34|||242
n_y|||1|||13|||35|||242
ni|||4|||14|||157|||242
=|||18|||4|||47|||243
0|||13|||4|||48|||243
dvert|||2|||4|||71|||243
dws|||3|||4|||89|||243
[|||14|||4|||90|||243
num|||7|||11|||134|||244
=|||110|||25|||24|||244
{|||65|||25|||36|||244
settings|||7|||25|||77|||244
)|||105|||25|||101|||244
(|||26|||7|||2|||245
(|||58|||13|||3|||245
(|||76|||16|||2|||245
,|||69|||16|||19|||245
i|||79|||14|||155|||246
{|||42|||16|||23|||246
[|||12|||4|||72|||247
i|||29|||4|||91|||247
largest|||1|||10|||31|||248
i|||57|||10|||42|||248
=|||43|||10|||70|||248
*|||59|||16|||4|||248
\n|||3|||16|||96|||248
<|||21|||16|||131|||248
a|||5|||20|||5|||248
src|||2|||24|||22|||248
int|||3|||2|||10|||249
)|||9|||3|||25|||250
0|||17|||7|||17|||250
-|||4|||9|||131|||250
float|||20|||11|||28|||250
len|||4|||18|||9|||250
xp|||2|||14|||124|||251
=|||84|||17|||73|||251
0|||39|||17|||74|||251
input|||1|||10|||9|||252
(|||73|||15|||2|||252
low_val|||1|||17|||16|||252
12|||1|||24|||59|||252
*|||6|||4|||11|||253
srslte_vec_div_cfc_simd|||1|||9|||1|||253
ncx_getn_ushort_uint|||1|||14|||1|||253
ni|||1|||14|||29|||253
{|||38|||14|||130|||253
tp|||2|||14|||163|||253
VP8LConvertBGRAToRGBA4444_C|||1|||24|||1|||253
i|||6|||1|||28|||254
=|||14|||3|||71|||254
]|||11|||4|||78|||254
settings|||8|||25|||95|||254
>=|||1|||2|||22|||255
(|||35|||9|||37|||255
(|||40|||9|||84|||255
xdim0_update_halo_kernel3_minus_4_b|||2|||13|||78|||255
0|||48|||25|||25|||255
,|||74|||16|||98|||256
data_rows|||3|||16|||132|||256
&&|||2|||9|||29|||257
+=|||3|||14|||92|||257
;|||133|||17|||69|||257
z|||6|||17|||72|||257
int|||51|||15|||16|||258
buffer|||2|||7|||47|||259
;|||50|||8|||38|||259
col|||2|||11|||162|||259
w|||3|||16|||40|||259
"|||9|||16|||108|||259
i|||100|||21|||45|||259
srslte_simd_cfi_store|||1|||9|||110|||260
;|||76|||11|||115|||260
(|||9|||2|||44|||261
int|||5|||3|||74|||261
;|||48|||8|||25|||261
;|||49|||8|||29|||261
{|||41|||15|||34|||261
depth|||3|||17|||68|||261
;|||65|||10|||45|||262
i|||62|||10|||73|||262
int|||19|||8|||11|||263
*|||69|||19|||14|||263
char|||1|||0|||6|||264
]|||38|||23|||24|||264
src_end|||1|||24|||20|||264
>>|||1|||24|||48|||265
float|||19|||11|||25|||266
fields|||1|||13|||18|||266
,|||86|||17|||36|||266
,|||96|||19|||12|||266
(|||113|||25|||10|||266
i|||8|||1|||36|||267
;|||64|||10|||41|||267
i|||61|||10|||69|||267
(|||37|||9|||47|||268
-|||3|||9|||58|||268
;|||101|||14|||50|||268
*|||52|||14|||57|||268
;|||130|||17|||51|||268
b|||3|||9|||81|||269
(|||66|||14|||78|||269
\n|||4|||16|||111|||269
const|||7|||14|||3|||270
X_SIZEOF_USHORT|||1|||14|||20|||270
ushort|||1|||14|||31|||270
(|||64|||14|||59|||270
*|||55|||14|||116|||270
depth|||4|||17|||78|||270
}|||6|||13|||79|||271
;|||95|||13|||80|||271
->|||6|||17|||67|||271
rows|||3|||5|||38|||272
sizeof|||1|||5|||54|||272
;|||61|||10|||24|||272
;|||66|||10|||65|||272
j|||14|||11|||44|||272
j|||22|||15|||27|||272
int|||64|||19|||18|||272
for|||38|||21|||11|||272
=|||97|||21|||30|||272
(|||119|||25|||73|||272
int|||34|||11|||71|||273
rand_r|||3|||19|||82|||273
[|||34|||19|||83|||273
&&|||4|||9|||45|||274
simd_f_t|||2|||9|||92|||274
ENDCOM|||9|||14|||148|||274
,|||97|||19|||16|||275
u_int|||2|||1|||13|||276
0|||8|||3|||41|||276
i|||17|||3|||49|||276
0|||9|||3|||58|||276
n|||8|||11|||46|||276
ENDCOM|||7|||14|||23|||276
rand_r|||2|||19|||51|||276
)|||86|||21|||47|||276
LOOPCNT|||1|||14|||34|||277
,|||3|||3|||5|||278
int|||4|||3|||15|||278
i|||42|||7|||39|||279
data_range|||1|||16|||21|||279
▁|||6|||16|||67|||279
,|||76|||16|||107|||279
=|||80|||16|||141|||279
0|||46|||21|||70|||279
(|||102|||21|||78|||279
float|||3|||4|||31|||280
SRSLTE_IS_ALIGNED|||2|||9|||41|||280
)|||34|||9|||90|||280
float|||16|||10|||25|||280
,|||48|||11|||45|||280
0|||28|||13|||37|||280
=|||66|||14|||48|||280
pmask|||1|||17|||48|||280
*|||70|||19|||19|||280
0|||45|||21|||31|||280
[|||9|||3|||99|||281
i|||40|||7|||31|||281
{|||34|||13|||84|||281
)|||58|||14|||94|||281
;|||161|||23|||38|||281
)|||93|||24|||31|||281
rg|||1|||24|||43|||281
x_sol|||2|||3|||112|||282
(|||18|||4|||95|||282
;|||59|||9|||127|||282
}|||7|||13|||98|||282
0|||38|||16|||142|||282
;|||140|||17|||121|||282
ppcg_inner_steps|||1|||25|||97|||282
srslte_simd_cfi_load|||1|||9|||71|||283
(|||39|||9|||72|||283
j|||8|||3|||83|||284
)|||45|||11|||143|||284
,|||75|||16|||100|||284
classes|||3|||11|||132|||285
{|||44|||16|||123|||285
{|||1|||0|||16|||286
101|||1|||21|||8|||286
=|||31|||7|||32|||287
<|||8|||7|||36|||287
"|||3|||16|||53|||287
;|||41|||6|||72|||288
;|||60|||9|||135|||288
int|||73|||22|||17|||288
<|||7|||6|||48|||289
[|||17|||6|||66|||289
;|||155|||21|||55|||289
generate_u|||1|||3|||27|||290
,|||31|||9|||16|||290
const|||5|||9|||17|||290
0|||19|||9|||25|||290
the|||1|||25|||1|||290
j|||6|||3|||18|||291
=|||89|||19|||27|||291
(|||1|||0|||4|||292
FLT|||1|||8|||3|||292
*|||66|||17|||26|||292
(|||91|||18|||2|||292
int|||59|||18|||3|||292
=|||41|||10|||39|||293
fid|||5|||16|||88|||293
*|||21|||9|||5|||294
<|||24|||17|||91|||294
pmask|||2|||17|||98|||294
(|||90|||17|||113|||294
[|||2|||0|||42|||295
0|||33|||14|||89|||295
i|||93|||19|||53|||295
(|||108|||24|||27|||295
src|||3|||24|||28|||295
{|||63|||24|||32|||295
=|||108|||24|||44|||295
int|||81|||25|||22|||295
)|||4|||1|||19|||296
i|||63|||11|||42|||296
,|||40|||11|||15|||297
side|||1|||11|||17|||297
box_index|||2|||11|||157|||297
,|||80|||17|||14|||297
(|||38|||9|||53|||298
1|||6|||9|||61|||298
<|||2|||1|||37|||299
i|||71|||11|||138|||299
index|||5|||11|||149|||299
if|||3|||9|||34|||300
=|||36|||9|||82|||300
i|||2|||0|||31|||301
;|||142|||19|||35|||301
void|||4|||3|||0|||302
void|||9|||9|||0|||302
void|||14|||15|||0|||302
void|||18|||21|||0|||302
the|||2|||25|||5|||302
;|||5|||1|||20|||303
<<|||1|||23|||30|||303
(|||4|||1|||17|||304
=|||55|||12|||26|||304
rand_r|||1|||19|||15|||304
,|||105|||25|||14|||304
;|||80|||12|||10|||305
int|||74|||23|||11|||305
,|||23|||6|||21|||306
;|||83|||12|||20|||306
0|||11|||3|||72|||307
0|||12|||3|||81|||307
)|||20|||6|||53|||307
i|||41|||7|||35|||307
probs|||1|||11|||31|||308
(|||52|||11|||131|||308
;|||112|||15|||15|||308
{|||64|||25|||19|||308
y_sol|||1|||3|||60|||309
[|||6|||3|||61|||309
j|||7|||3|||79|||309
for|||19|||11|||78|||309
(|||51|||11|||79|||309
dr|||1|||23|||37|||309
,|||36|||10|||16|||310
[|||22|||10|||53|||310
)|||40|||10|||58|||310
box_index|||1|||11|||125|||310
(|||106|||23|||43|||310
pixels|||2|||23|||21|||311
side|||8|||11|||127|||312
side|||9|||11|||129|||312
buffer|||1|||7|||5|||313
{|||15|||7|||13|||313
data_rows|||1|||16|||12|||313
void|||12|||13|||1|||314
1|||10|||13|||70|||314
+|||17|||13|||71|||314
n_y|||4|||13|||72|||314
(|||33|||9|||2|||315
#if|||1|||9|||27|||315
const|||8|||24|||3|||315
weights|||2|||4|||61|||316
{|||23|||10|||49|||316
++|||21|||19|||67|||316
=|||104|||23|||50|||316
i|||24|||4|||50|||317
[|||15|||6|||55|||317
SRSLTE_SIMD_CF_SIZE|||4|||9|||65|||317
&|||5|||14|||71|||317
;|||135|||17|||79|||317
y|||6|||17|||86|||317
)|||91|||23|||46|||317
nodes|||2|||1|||34|||318
.|||6|||5|||41|||318
*|||12|||5|||57|||318
/|||1|||6|||70|||318
i|||50|||9|||76|||318
{|||21|||9|||124|||318
for|||17|||10|||67|||318
ni|||2|||14|||96|||318
i|||32|||6|||28|||319
int|||20|||8|||15|||319
;|||85|||12|||28|||319
"|||5|||16|||80|||319
i|||96|||21|||23|||319
*|||22|||9|||10|||320
ar|||1|||18|||4|||320
)|||79|||18|||10|||320
i|||5|||1|||11|||321
#pragma|||4|||12|||29|||321
ENDCOM|||4|||12|||36|||321
,|||41|||11|||18|||322
i|||80|||14|||159|||323
i|||69|||11|||95|||324
+|||16|||13|||67|||324
--|||2|||23|||45|||324
kernel_language|||2|||25|||65|||324
add_thresh|||1|||4|||32|||325
,|||101|||23|||10|||325
int|||76|||23|||26|||325
nodes|||1|||1|||14|||326
m2|||1|||5|||7|||326
;|||100|||14|||45|||326
;|||137|||17|||93|||326
=|||8|||2|||12|||327
defvert_find_index|||1|||4|||94|||328
x|||6|||17|||114|||328
=|||7|||2|||7|||329
for|||25|||14|||77|||329
)|||64|||15|||11|||329
void|||8|||8|||0|||330
for|||13|||8|||33|||330
)|||70|||16|||84|||331
i|||10|||2|||17|||332
;|||47|||8|||19|||332
;|||122|||16|||85|||332
major|||2|||16|||119|||332
paddingSize|||1|||0|||14|||333
,|||51|||13|||19|||333
omp|||6|||13|||28|||333
float|||26|||19|||13|||333
doors|||1|||21|||6|||333
i|||95|||21|||18|||333
(|||100|||21|||50|||333
Chunk|||1|||25|||11|||333
[|||42|||25|||51|||333
FORTRAN|||1|||25|||67|||333
=|||10|||2|||32|||334
++|||2|||2|||40|||334
+|||2|||5|||35|||335
{|||13|||6|||26|||335
;|||39|||6|||46|||335
int|||24|||10|||22|||335
i|||60|||10|||63|||335
(|||59|||13|||33|||335
int|||72|||22|||13|||335
index|||2|||3|||91|||336
]|||8|||3|||101|||336
src_end|||2|||24|||30|||336
uint8_t|||2|||24|||42|||336
0|||2|||1|||24|||337
<|||1|||1|||33|||337
weights|||1|||4|||26|||338
m1|||3|||5|||32|||338
*|||17|||6|||23|||338
,|||27|||8|||10|||338
;|||84|||12|||24|||338
]|||28|||18|||6|||338
[|||40|||22|||10|||338
side|||2|||11|||56|||339
)|||51|||13|||45|||339
,|||8|||4|||9|||340
*|||40|||13|||10|||340
d|||2|||16|||95|||340
i|||86|||16|||130|||340
,|||82|||17|||20|||341
->|||5|||17|||61|||341
[|||27|||14|||33|||342
long|||3|||14|||55|||342
(|||67|||14|||99|||342
=|||15|||3|||80|||343
nelems|||3|||14|||100|||343
=|||85|||17|||87|||343
y|||9|||17|||107|||343
,|||92|||17|||108|||343
internal_count|||1|||3|||47|||344
0|||4|||2|||8|||345
i|||39|||7|||15|||345
ENDCOM|||3|||9|||33|||345
thresh|||1|||11|||26|||345
,|||93|||18|||7|||345
(|||65|||14|||69|||346
realign|||3|||14|||109|||346
)|||60|||14|||110|||346
xp|||3|||14|||131|||346
=|||72|||14|||132|||346
[|||28|||14|||164|||346
indices|||2|||4|||73|||347
?|||1|||4|||74|||347
]|||19|||9|||116|||347
xdim1_update_halo_kernel3_minus_4_b|||1|||13|||93|||347
*|||47|||13|||94|||347
{|||48|||17|||97|||347
mri_mask|||2|||17|||103|||347
,|||90|||17|||104|||347
0|||41|||17|||105|||347
count|||1|||1|||22|||348
;|||7|||1|||31|||348
)|||2|||0|||39|||349
{|||2|||0|||40|||349
P|||3|||0|||41|||349
)|||13|||3|||89|||349
=|||68|||14|||68|||349
(|||68|||14|||108|||349
xpp|||3|||14|||117|||349
->|||10|||25|||64|||350
+|||1|||0|||44|||351
]|||25|||14|||35|||351
++|||18|||17|||81|||351
;|||165|||24|||40|||351
(|||109|||24|||45|||351
int|||12|||5|||10|||352
{|||37|||14|||111|||353
memcpy|||1|||14|||112|||353
cdir|||1|||14|||142|||353
)|||12|||3|||51|||354
float|||4|||4|||37|||354
for|||2|||1|||26|||355
,|||13|||4|||30|||355
=|||61|||13|||36|||355
)|||89|||22|||15|||355
{|||14|||6|||34|||356
07267|||1|||10|||0|||356
f|||1|||10|||1|||356
a|||6|||22|||4|||356
;|||157|||22|||19|||356
-|||1|||0|||34|||357
side|||5|||11|||76|||357
;|||75|||11|||100|||357
padding|||1|||0|||0|||358
0|||1|||1|||0|||358
function|||1|||13|||0|||358
Performs|||1|||25|||0|||358
inner|||1|||25|||2|||358
of|||1|||25|||4|||358
ii|||3|||12|||73|||359
omp|||2|||6|||36|||360
for|||9|||6|||37|||360
boxes|||1|||11|||35|||360
++|||12|||12|||48|||360
y2|||1|||19|||80|||360
;|||154|||21|||44|||360
gray|||1|||23|||15|||360
=|||59|||12|||70|||361
file|||1|||16|||56|||361
%|||4|||16|||94|||361
;|||125|||16|||129|||361
<|||5|||3|||84|||362
Pixel|||4|||23|||48|||362
)|||5|||2|||3|||363
matrix|||3|||5|||6|||363
buffersize|||1|||7|||8|||363
=|||24|||5|||31|||364
tmp|||1|||14|||32|||364
i|||83|||15|||44|||364
=|||22|||5|||14|||365
;|||33|||5|||16|||365
m|||1|||5|||18|||365
.|||1|||5|||21|||365
cols|||2|||5|||26|||365
dst|||1|||24|||13|||365
=|||19|||4|||60|||366
"|||4|||16|||70|||366
z|||5|||17|||35|||366
;|||146|||19|||66|||366
1|||18|||25|||109|||366
generate_v|||1|||3|||32|||367
(|||99|||21|||35|||367
]|||1|||0|||20|||368
paddingSize|||2|||0|||33|||368
0|||5|||2|||13|||368
c|||3|||7|||20|||368
,|||45|||11|||32|||368
j|||17|||14|||83|||368
)|||72|||16|||115|||368
;|||132|||17|||63|||368
for|||35|||18|||12|||368
0|||47|||23|||23|||368
*|||75|||24|||18|||368
]|||31|||19|||77|||369
;|||147|||19|||78|||369
float|||30|||19|||79|||369
;|||166|||24|||64|||369
Pixel|||2|||23|||7|||370
vals|||1|||5|||42|||371
)|||17|||5|||58|||371
)|||97|||24|||63|||371
SRSLTE_SIMD_F_SIZE|||1|||9|||32|||372
simd_f_t|||1|||9|||80|||372
len|||3|||9|||130|||372
=|||42|||10|||60|||372
=|||51|||11|||126|||372
xpp|||4|||14|||138|||372
;|||121|||16|||74|||372
d|||3|||16|||110|||372
int|||45|||13|||23|||373
height|||1|||17|||39|||373
,|||61|||14|||118|||374
ni|||3|||14|||119|||374
i|||81|||14|||165|||374
omp|||1|||6|||31|||375
1|||15|||21|||39|||375
while|||2|||24|||26|||375
++|||26|||24|||39|||375
;|||42|||7|||18|||376
!=|||1|||7|||46|||376
{|||54|||21|||4|||376
u_int|||1|||1|||10|||377
*|||73|||24|||5|||377
{|||62|||24|||15|||377
*|||78|||25|||16|||377
buffersize|||2|||7|||37|||378
is_larger|||3|||12|||60|||378
The|||1|||16|||54|||378
▁|||5|||16|||65|||378
0|||37|||16|||128|||378
]|||35|||21|||76|||378
row|||1|||11|||65|||379
;|||30|||4|||53|||380
not|||1|||16|||60|||380
▁|||4|||16|||61|||380
created|||1|||16|||62|||380
side|||6|||11|||104|||381
=|||50|||11|||118|||381
num|||8|||11|||140|||381
P|||1|||0|||8|||382
_SX|||1|||14|||18|||382
i|||78|||14|||151|||382
src|||1|||24|||6|||382
int|||11|||4|||41|||383
SRSLTE_SIMD_CF_SIZE|||3|||9|||59|||383
float|||28|||19|||48|||383
{|||56|||21|||48|||384
site|||2|||1|||18|||385
.|||5|||5|||37|||385
int|||14|||6|||27|||385
i|||55|||10|||23|||385
,|||72|||16|||79|||385
;|||26|||3|||104|||386
(|||22|||5|||62|||386
<|||11|||10|||43|||386
0|||22|||10|||71|||386
)|||88|||21|||71|||386
)|||10|||3|||30|||387
for|||5|||3|||37|||387
=|||12|||3|||57|||387
[|||7|||3|||68|||387
;|||25|||3|||86|||387
[|||8|||3|||96|||387
;|||16|||3|||31|||388
int|||61|||18|||14|||388
;|||141|||19|||29|||388
i|||94|||21|||14|||388
)|||42|||11|||62|||389
;|||72|||11|||77|||389
0|||24|||11|||82|||389
n|||11|||11|||89|||389
=|||48|||11|||94|||389
int|||36|||11|||101|||389
*|||32|||11|||105|||389
[|||24|||11|||120|||389
n|||14|||11|||142|||389
unsigned|||1|||0|||5|||390
(|||107|||24|||2|||390
*|||5|||4|||4|||391
<|||6|||4|||51|||391
SRSLTE_IS_ALIGNED|||3|||9|||46|||391
rcpb|||1|||9|||93|||391
vol_flux_x_p|||1|||13|||7|||391
,|||49|||13|||8|||391
y_size|||2|||13|||41|||391
;|||92|||13|||42|||391
mass_flux_x_p|||2|||13|||85|||391
width|||2|||17|||52|||391
{|||50|||19|||22|||391
cxp|||2|||14|||70|||392
)|||63|||14|||161|||392
<|||23|||17|||77|||392
for|||29|||16|||66|||393
fid|||6|||16|||106|||393
j|||26|||16|||140|||393
=|||100|||21|||77|||393
j|||9|||3|||87|||394
c|||5|||7|||45|||394
+|||6|||9|||133|||394
+|||13|||11|||158|||394
i|||87|||16|||134|||394
get_maxnodes|||1|||1|||16|||395
int|||9|||4|||28|||395
rows|||2|||5|||34|||395
)|||19|||6|||25|||395
0|||16|||6|||45|||395
{|||22|||10|||21|||395
[|||23|||10|||62|||395
int|||32|||11|||41|||395
x_size|||1|||13|||21|||395
ENDCOM|||6|||13|||31|||395
VEC4|||3|||15|||13|||395
=|||75|||15|||24|||395
fprintf|||1|||16|||76|||395
,|||87|||17|||38|||395
;|||129|||17|||45|||395
,|||99|||22|||12|||395
chunks|||1|||25|||13|||395
]|||39|||25|||53|||395
{|||67|||25|||69|||395
]|||32|||19|||85|||396
;|||148|||19|||86|||396
&|||2|||9|||73|||397
}|||1|||9|||121|||397
->|||12|||25|||96|||397
;|||89|||12|||68|||398
=|||79|||16|||127|||398
site|||1|||1|||7|||399
,|||5|||3|||17|||399
;|||14|||3|||21|||399
ushort|||2|||14|||37|||400
*|||51|||14|||38|||400
-|||5|||10|||33|||401
{|||25|||11|||63|||401
i|||90|||19|||30|||401
;|||143|||19|||47|||401
+|||21|||24|||23|||401
0|||35|||15|||25|||402
(|||80|||16|||77|||402
0|||18|||7|||33|||403
;|||88|||12|||54|||403
omp|||5|||12|||56|||403
ordered|||2|||12|||57|||403
ENDCOM|||5|||12|||58|||403
{|||29|||12|||59|||403
=|||16|||3|||92|||404
matrix|||4|||5|||17|||404
)|||75|||17|||28|||404
x|||5|||17|||31|||404
,|||85|||17|||34|||404
,|||106|||25|||55|||404
=|||6|||1|||29|||405
;|||35|||5|||27|||406
m2|||2|||5|||36|||406
rows|||5|||5|||52|||406
settings|||1|||25|||17|||407
)|||98|||25|||18|||407
;|||169|||25|||58|||407
:|||1|||4|||79|||408
)|||18|||5|||59|||408
i|||35|||6|||51|||408
)|||21|||6|||69|||408
&&|||7|||14|||86|||408
)|||96|||24|||60|||408
,|||32|||9|||106|||409
for|||22|||13|||30|||409
"|||6|||16|||83|||409
doors|||2|||21|||26|||409
src|||4|||24|||38|||409
cc|||4|||25|||52|||409
)|||103|||25|||68|||409
*|||23|||9|||14|||410
int|||21|||9|||18|||410
int|||22|||9|||22|||410
SRSLTE_SIMD_CF_SIZE|||1|||9|||28|||410
(|||34|||9|||35|||410
)|||28|||9|||39|||410
y|||4|||9|||86|||410
)|||94|||24|||50|||410
)|||33|||9|||78|||411
(|||44|||9|||126|||411
i|||82|||15|||17|||411
0.|||1|||15|||40|||411
if|||10|||25|||61|||412
*|||20|||8|||5|||413
float|||12|||9|||9|||413
mass_flux_x_p|||1|||13|||12|||413
*|||48|||14|||5|||413
==|||3|||14|||21|||413
,|||66|||16|||10|||413
]|||36|||22|||6|||413
pIndexed|||1|||23|||5|||413
w|||1|||4|||59|||414
{|||52|||19|||70|||414
y1|||1|||19|||72|||414
=|||93|||19|||73|||414
=|||94|||19|||81|||414
*|||2|||1|||6|||415
int|||15|||7|||7|||415
,|||30|||9|||12|||415
int|||23|||10|||11|||415
int|||30|||11|||22|||415
{|||35|||14|||16|||415
MAT4|||1|||15|||9|||415
data_cols|||1|||16|||15|||415
*|||33|||11|||107|||416
=|||111|||25|||83|||416
true|||1|||25|||84|||416
int|||82|||25|||88|||416
stencil_size|||1|||3|||85|||417
i|||38|||6|||67|||417
=|||63|||13|||64|||417
r|||1|||9|||101|||418
n|||12|||11|||99|||418
r_|||2|||15|||35|||418
float|||25|||19|||9|||418
start|||2|||19|||28|||418
i|||92|||19|||45|||418
SRSLTE_IS_ALIGNED|||1|||9|||36|||419
m|||3|||5|||28|||420
known_sum|||2|||12|||77|||421
PPCG|||1|||25|||6|||421
(|||116|||25|||47|||421
for|||44|||25|||112|||421
(|||122|||25|||113|||421
++|||6|||6|||52|||422
.|||9|||11|||151|||422
x|||4|||11|||152|||422
[|||4|||2|||51|||423
<|||10|||9|||129|||423
;|||127|||16|||143|||423
0|||42|||17|||116|||423
;|||139|||17|||117|||423
ba|||1|||24|||67|||423
halo_update_driver|||1|||25|||103|||423
)|||6|||2|||27|||424
{|||8|||3|||52|||424
=|||13|||3|||64|||424
rem_thresh|||1|||4|||38|||424
;|||68|||11|||47|||424
for|||34|||17|||112|||424
uint64_t|||1|||0|||10|||425
is_larger|||1|||12|||9|||425
Pixel|||1|||23|||1|||425
pixels|||1|||23|||9|||425
,|||102|||23|||13|||425
SIZEOF_USHORT|||2|||14|||75|||426
.|||3|||5|||29|||427
rows|||1|||5|||30|||427
;|||97|||14|||30|||427
]|||2|||0|||46|||428
{|||9|||3|||90|||428
j|||10|||3|||100|||428
{|||57|||21|||63|||429
CARD32|||1|||23|||55|||429
>|||1|||10|||56|||430
for|||10|||6|||41|||431
(|||25|||6|||59|||431
]|||3|||2|||50|||432
=|||52|||11|||153|||432
=|||88|||18|||16|||432
1|||14|||21|||16|||432
,|||12|||4|||27|||433
.|||4|||5|||33|||433
z|||1|||6|||24|||433
=|||27|||6|||44|||433
)|||38|||10|||20|||433
input|||3|||10|||61|||433
=|||82|||17|||59|||433
]|||37|||22|||11|||433
int|||1|||0|||26|||434
[|||13|||4|||76|||434
.|||7|||5|||47|||434
)|||39|||10|||48|||434
)|||71|||16|||102|||434
)|||74|||16|||136|||434
sum|||4|||12|||69|||435
concat_matrix|||1|||5|||1|||436
matrix|||2|||5|||3|||436
)|||16|||5|||8|||436
int|||28|||11|||16|||436
SS3D_Mtx_Transform|||1|||15|||1|||436
static|||2|||23|||0|||436
if|||9|||25|||37|||437
;|||13|||2|||38|||438
=|||25|||5|||43|||438
;|||45|||7|||34|||438
i|||46|||8|||30|||438
;|||52|||9|||54|||438
{|||26|||11|||91|||438
xpp|||2|||14|||64|||438
argb|||3|||24|||57|||438
[|||41|||23|||22|||439
odefun|||1|||3|||1|||440
weightvg_update_vg|||1|||4|||1|||440
check_udpdata|||1|||7|||1|||440
mset|||1|||8|||1|||440
void|||10|||10|||4|||440
convert_coco_detections|||1|||11|||1|||440
write_graphics|||1|||16|||1|||440
MRIaccumulateMaskedMeansAndVariances|||1|||17|||1|||440
copy0|||1|||22|||1|||440
;|||46|||7|||38|||441
(|||77|||16|||36|||441
==|||7|||21|||69|||441
m1|||4|||5|||46|||442
;|||159|||23|||32|||442
rows|||7|||19|||34|||443
i|||56|||10|||38|||444
++|||20|||19|||36|||444
}|||12|||25|||59|||444
real|||1|||3|||6|||445
,|||20|||6|||9|||445
*|||14|||6|||11|||445
xpp|||1|||14|||7|||445
int|||53|||16|||14|||445
miIndexedPtr|||1|||23|||4|||445
int|||80|||24|||8|||445
{|||12|||5|||9|||446
int|||16|||7|||10|||446
&&|||6|||14|||19|||446
mri_mean|||1|||17|||23|||446
100|||2|||21|||20|||447
[|||36|||21|||27|||447
9|||1|||0|||35|||448
.|||8|||5|||51|||448
writing|||1|||16|||68|||448
,|||77|||16|||113|||448
==|||6|||16|||120|||448
n|||6|||10|||44|||449
++|||9|||10|||46|||449
input|||2|||10|||52|||449
;|||67|||10|||72|||449
[|||33|||19|||75|||449
tmp|||2|||14|||114|||450
j|||3|||2|||35|||451
=|||35|||9|||70|||451
side|||4|||11|||69|||451
side|||7|||11|||106|||451
+|||18|||13|||86|||451
<=|||4|||21|||42|||451
best|||1|||23|||19|||452
pixel|||1|||23|||49|||452
int|||55|||16|||20|||453
;|||6|||1|||25|||454
reset_fields_to_exchange|||1|||25|||72|||454
for|||1|||0|||24|||455
(|||2|||0|||25|||455
)|||11|||3|||35|||455
++|||5|||4|||55|||455
;|||73|||11|||83|||455
n_x|||5|||13|||87|||455
;|||113|||15|||20|||455
;|||160|||23|||35|||455
d|||1|||16|||92|||456
=|||26|||5|||64|||457
x|||7|||17|||118|||457
pIndexed|||2|||23|||58|||457
j|||2|||2|||31|||458
j|||4|||2|||39|||458
i|||48|||9|||55|||458
4|||2|||15|||29|||458
▁|||2|||16|||57|||458
)|||77|||17|||96|||458
cc|||2|||25|||27|||458
[|||3|||2|||48|||459
boxes|||2|||11|||147|||459
;|||115|||15|||30|||459
int|||62|||19|||3|||460
*|||74|||24|||12|||460
val|||1|||3|||20|||461
)|||48|||12|||49|||461
)|||90|||23|||16|||461
<|||18|||14|||84|||462
=|||73|||14|||152|||462
0|||34|||14|||153|||462
;|||4|||1|||12|||463
r|||2|||9|||118|||463
;|||110|||14|||154|||463
)|||66|||16|||22|||463
*|||1|||0|||7|||464
dataBlockSize|||1|||0|||11|||464
dataBlockSize|||3|||0|||43|||464
,|||65|||16|||6|||465
fid|||4|||16|||78|||465
data_range|||2|||16|||114|||465
0|||36|||16|||121|||465
;|||126|||16|||133|||465
*|||28|||11|||30|||466
;|||69|||11|||53|||466
=|||45|||11|||66|||466
i|||67|||11|||67|||466
/|||2|||11|||68|||466
num|||4|||11|||86|||466
+|||7|||11|||98|||466
i|||75|||12|||47|||466
]|||7|||3|||98|||467
<|||12|||10|||74|||467
*|||45|||13|||88|||467
Min|||1|||14|||98|||467
++|||17|||16|||135|||467
paddingChar|||1|||0|||3|||468
,|||7|||4|||6|||468
int|||13|||6|||3|||468
(|||30|||8|||2|||468
const|||3|||9|||3|||468
update_halo_kernel3_minus_4_b_c_wrapper|||1|||13|||2|||468
(|||61|||14|||2|||468
,|||58|||14|||28|||468
}|||8|||14|||128|||468
(|||111|||24|||55|||468
void|||21|||25|||8|||468
]|||40|||25|||82|||468
i|||13|||2|||49|||469
i|||15|||3|||39|||469
=|||33|||8|||36|||469
i|||88|||18|||15|||469
=|||96|||21|||15|||469
vol_flux_x_p|||2|||13|||66|||470
n_x|||4|||13|||68|||470
for|||32|||17|||70|||470
;|||71|||11|||70|||471
i|||70|||11|||110|||471
*|||34|||11|||111|||471
xdim1_update_halo_kernel3_minus_4_b|||2|||13|||97|||471
||||1|||24|||54|||471
for|||4|||2|||29|||472
)|||14|||4|||39|||472
{|||10|||4|||40|||472
indices|||3|||4|||75|||472
(|||29|||7|||44|||472
*|||38|||11|||144|||472
{|||32|||13|||61|||472
=|||67|||14|||53|||472
data_rows|||2|||16|||101|||472
width|||3|||17|||56|||472
;|||172|||25|||92|||472
dws|||2|||4|||87|||473
;|||53|||9|||62|||473
,|||33|||9|||117|||473
=|||95|||19|||89|||473
pixels|||3|||23|||52|||473
;|||163|||23|||54|||473
fields_to_exchange|||1|||25|||79|||473
<|||13|||11|||55|||474
30|||1|||23|||31|||474
0|||49|||25|||91|||474
cf_t|||1|||9|||4|||475
char|||6|||16|||3|||475
MRI|||1|||17|||3|||475
*|||62|||17|||4|||475
mri|||1|||17|||5|||475
,|||78|||17|||6|||475
float|||22|||17|||15|||475
start|||1|||19|||7|||475
int|||33|||11|||64|||476
=|||47|||11|||81|||476
index|||4|||11|||93|||476
predictions|||2|||11|||119|||476
char|||4|||7|||25|||477
=|||54|||12|||22|||477
)|||73|||16|||122|||478
*|||67|||17|||47|||478
,|||24|||7|||6|||479
y|||2|||9|||11|||479
,|||34|||10|||10|||479
,|||42|||11|||21|||479
VEC4|||2|||15|||6|||479
,|||67|||16|||13|||479
,|||81|||17|||17|||479
[|||30|||18|||5|||479
(|||96|||20|||3|||479
*|||71|||23|||8|||479
for|||6|||3|||77|||480
index|||3|||3|||109|||480
<|||15|||12|||44|||480
step_sol|||1|||3|||12|||481
kernel_language|||1|||25|||41|||481
==|||8|||25|||42|||481
;|||119|||16|||43|||482
%|||3|||16|||91|||482
▁|||7|||16|||93|||482
{|||6|||2|||42|||483
if|||1|||2|||43|||483
g_arrBackGroud|||1|||2|||47|||483
;|||22|||3|||73|||483
;|||24|||3|||82|||483
col|||1|||11|||72|||483
*|||15|||6|||15|||484
float|||10|||6|||18|||484
schedule(static)|||1|||6|||38|||484
i|||36|||6|||56|||484
19|||1|||2|||19|||485
(|||31|||8|||21|||485
int|||50|||14|||46|||485
x_sol|||1|||3|||53|||486
[|||5|||3|||54|||486
;|||44|||7|||28|||487
ii|||1|||12|||51|||487
=|||57|||12|||52|||487
fid|||1|||16|||26|||487
;|||117|||16|||27|||487
j|||36|||21|||66|||487
classes|||2|||11|||108|||488
]|||22|||11|||122|||488
n_y|||5|||13|||91|||488
;|||106|||14|||106|||488
\n|||1|||16|||69|||488
;|||70|||11|||59|||489
*|||37|||11|||139|||489
]|||23|||11|||150|||489
+|||14|||11|||161|||489
y|||1|||6|||20|||490
0|||26|||12|||19|||490
is_larger|||2|||12|||21|||490
{|||24|||11|||40|||491
width|||1|||17|||37|||491
val|||3|||17|||44|||491
*|||77|||25|||12|||491
]|||15|||6|||63|||492
in|||1|||8|||12|||492
last_i|||1|||12|||25|||492
j|||33|||21|||52|||492
,|||1|||0|||9|||493
(|||75|||15|||43|||493
c|||1|||6|||16|||494
sum|||3|||12|||17|||494
for|||20|||12|||32|||494
*|||41|||13|||16|||494
size_t|||1|||14|||9|||494
)|||57|||14|||73|||494
(|||72|||14|||168|||494
temp_sol|||2|||3|||24|||495
=|||29|||7|||16|||495
,|||44|||11|||27|||495
j|||16|||14|||79|||495
"|||10|||16|||112|||495
int|||60|||18|||8|||495
*|||7|||4|||12|||496
*|||13|||6|||7|||496
*|||19|||8|||4|||497
for|||18|||11|||48|||497
uint32_t|||1|||24|||4|||497
)|||92|||24|||14|||497
Settings|||1|||25|||15|||497
,|||4|||3|||9|||498
int|||18|||8|||8|||498
float|||23|||17|||18|||498
;|||27|||3|||111|||499
num|||2|||4|||52|||499
i|||28|||4|||80|||499
;|||86|||12|||42|||499
=|||105|||23|||57|||499
