)|||35|||5|||8|||0
)|||40|||6|||25|||0
)|||64|||9|||108|||1
)|||126|||14|||181|||1
)|||129|||14|||202|||1
)|||169|||17|||174|||1
)|||170|||17|||185|||1
)|||228|||25|||146|||1
site_def|||1|||1|||5|||2
function|||1|||13|||0|||2
update_halo_kernel3_minus_4_b_c_wrapper|||1|||13|||2|||2
z|||9|||17|||35|||3
z|||10|||17|||72|||3
z|||11|||17|||76|||3
z|||12|||17|||80|||3
z|||13|||17|||109|||3
z|||14|||17|||136|||3
DEBUG_Z|||1|||17|||138|||3
z|||15|||17|||171|||3
z|||16|||17|||184|||3
z|||17|||17|||197|||3
z|||18|||17|||212|||3
data_cols|||4|||16|||169|||4
,|||138|||17|||179|||4
,|||162|||25|||55|||4
,|||163|||25|||106|||4
,|||164|||25|||108|||4
*|||18|||4|||25|||5
*|||25|||6|||19|||5
*|||31|||9|||10|||5
*|||33|||10|||8|||5
*|||34|||10|||18|||5
*|||36|||11|||29|||5
*|||37|||11|||30|||5
restrict|||1|||13|||6|||5
*|||56|||13|||10|||5
restrict|||2|||13|||11|||5
*|||57|||13|||16|||5
restrict|||3|||13|||17|||5
*|||66|||14|||13|||5
*|||87|||16|||25|||5
*|||94|||17|||26|||5
matrix|||1|||5|||0|||6
concat_matrix|||1|||5|||1|||6
matrix|||2|||5|||3|||6
matrix|||3|||5|||6|||6
matrix|||4|||5|||17|||6
ptr_double|||1|||13|||62|||7
ptr_double|||2|||13|||81|||7
#pragma|||2|||6|||35|||8
omp|||2|||6|||36|||8
parallel|||2|||12|||31|||8
#pragma|||6|||12|||55|||8
omp|||6|||12|||56|||8
#pragma|||7|||13|||27|||8
omp|||7|||13|||28|||8
parallel|||3|||13|||29|||8
data_range|||1|||16|||21|||9
i|||155|||16|||130|||9
hist|||1|||19|||20|||9
src_end|||1|||24|||20|||9
=|||23|||3|||166|||10
*|||21|||5|||57|||11
*|||39|||11|||57|||11
*|||95|||17|||47|||11
*|||109|||23|||51|||11
*|||114|||24|||37|||11
&|||1|||4|||70|||12
&|||2|||9|||73|||12
&|||3|||9|||85|||12
&|||5|||9|||146|||12
&|||6|||9|||158|||12
&|||9|||17|||100|||12
&|||10|||23|||68|||12
&|||11|||24|||51|||12
&|||12|||24|||61|||12
&|||13|||24|||75|||12
&|||14|||24|||85|||12
&|||16|||25|||140|||12
{|||45|||11|||301|||13
{|||59|||14|||275|||13
int|||16|||7|||7|||14
int|||18|||7|||14|||14
int|||19|||8|||8|||14
int|||21|||8|||15|||14
int|||28|||11|||13|||14
int|||42|||12|||8|||14
int|||57|||16|||14|||14
int|||66|||18|||8|||14
int|||67|||18|||14|||14
int|||69|||19|||6|||14
int|||82|||22|||17|||14
int|||83|||23|||11|||14
int|||84|||23|||14|||14
=|||21|||3|||92|||15
=|||65|||10|||60|||15
=|||116|||14|||222|||15
=|||127|||16|||141|||15
▁|||23|||16|||224|||15
=|||182|||25|||116|||15
j|||2|||2|||31|||16
j|||3|||2|||35|||16
j|||18|||8|||35|||16
j|||36|||15|||23|||16
j|||56|||21|||52|||16
j|||65|||22|||30|||16
8|||1|||0|||60|||17
19|||1|||2|||19|||17
square|||1|||11|||14|||17
100|||2|||12|||45|||17
100|||3|||12|||82|||17
Max|||1|||14|||171|||17
100000|||1|||19|||65|||17
100|||4|||21|||20|||17
100|||5|||21|||43|||17
100|||6|||21|||58|||17
100|||7|||21|||106|||17
12|||1|||24|||59|||17
if|||9|||10|||98|||18
if|||13|||14|||107|||18
if|||14|||14|||199|||18
if|||20|||19|||122|||18
if|||22|||21|||112|||18
if|||23|||23|||97|||18
(|||1|||0|||4|||19
(|||8|||1|||4|||19
(|||12|||2|||2|||19
(|||16|||3|||2|||19
(|||26|||4|||2|||19
(|||35|||5|||2|||19
(|||40|||6|||2|||19
(|||46|||7|||2|||19
(|||51|||8|||2|||19
(|||55|||9|||2|||19
(|||73|||10|||6|||19
(|||82|||11|||2|||19
(|||96|||12|||2|||19
(|||103|||13|||3|||19
(|||142|||16|||2|||19
(|||174|||18|||2|||19
(|||176|||19|||2|||19
(|||188|||20|||3|||19
(|||189|||21|||2|||19
(|||199|||22|||2|||19
(|||201|||23|||3|||19
(|||206|||24|||2|||19
(|||217|||25|||10|||19
defgrp_idx|||3|||4|||158|||20
box_index|||2|||11|||157|||20
box_index|||3|||11|||179|||20
box_index|||4|||11|||202|||20
box_index|||5|||11|||229|||20
class_index|||1|||11|||260|||20
class_index|||2|||11|||273|||20
)|||66|||9|||139|||21
)|||81|||10|||149|||21
square|||3|||11|||235|||21
)|||131|||14|||226|||21
)|||157|||16|||229|||21
j|||8|||2|||79|||22
j|||11|||3|||83|||22
j|||13|||3|||100|||22
j|||14|||3|||124|||22
j|||34|||14|||102|||22
fclose|||1|||16|||252|||22
j|||55|||19|||84|||22
sum|||1|||10|||26|||23
sum|||2|||10|||81|||23
sum|||3|||10|||100|||23
sum|||4|||10|||102|||23
sum|||5|||10|||110|||23
sum|||6|||10|||114|||23
sum|||7|||10|||148|||23
sum|||8|||12|||6|||23
known_sum|||1|||12|||12|||23
sum|||9|||12|||17|||23
sum|||10|||12|||69|||23
sum|||11|||12|||71|||23
known_sum|||2|||12|||77|||23
sum|||12|||12|||95|||23
sum|||13|||12|||104|||23
known_sum|||3|||12|||114|||23
sum|||14|||12|||116|||23
known_sum|||4|||12|||141|||23
sum|||15|||12|||143|||23
tmp|||1|||14|||32|||23
tmp|||3|||14|||126|||23
tmp|||5|||19|||119|||23
i|||21|||2|||58|||24
i|||32|||3|||114|||24
i|||91|||8|||49|||24
i|||93|||8|||69|||24
i|||133|||11|||138|||24
i|||134|||11|||262|||24
i|||178|||21|||68|||24
i|||8|||0|||72|||25
i|||15|||1|||54|||25
i|||40|||3|||181|||25
i|||60|||5|||121|||25
[|||53|||7|||80|||25
i|||152|||15|||71|||25
}|||87|||21|||139|||25
void|||8|||8|||0|||26
void|||18|||18|||0|||26
void|||21|||22|||0|||26
[|||18|||3|||108|||27
[|||21|||3|||123|||27
[|||44|||6|||66|||27
%|||3|||7|||71|||27
[|||58|||9|||75|||27
0|||3|||1|||30|||28
0|||4|||2|||8|||28
0|||6|||2|||23|||28
0|||8|||2|||82|||28
0|||17|||5|||97|||28
0|||19|||6|||83|||28
0|||25|||10|||71|||28
0|||32|||11|||307|||28
0|||45|||14|||81|||28
0|||46|||14|||89|||28
0|||51|||15|||46|||28
data_cols|||5|||16|||211|||28
"|||22|||16|||225|||28
0|||58|||17|||88|||28
0|||67|||21|||95|||28
0|||69|||22|||24|||28
0|||73|||25|||91|||28
0|||31|||11|||294|||29
0|||37|||13|||113|||29
0|||38|||13|||115|||29
0|||48|||14|||233|||29
NO_ERROR|||1|||17|||222|||29
?|||1|||4|||74|||30
?|||5|||11|||291|||30
:|||6|||11|||293|||30
)|||31|||4|||124|||31
)|||85|||11|||135|||31
)|||86|||11|||143|||31
)|||117|||14|||65|||31
)|||123|||14|||136|||31
<|||29|||16|||131|||31
)|||150|||16|||136|||31
)|||165|||17|||124|||31
)|||184|||19|||127|||31
)|||208|||24|||50|||31
)|||225|||25|||110|||31
in|||1|||8|||12|||32
in|||2|||8|||62|||32
input|||1|||10|||9|||32
input|||2|||10|||52|||32
input|||3|||10|||61|||32
input|||4|||10|||85|||32
input|||5|||10|||141|||32
input|||6|||16|||9|||32
filename|||2|||16|||37|||32
\n|||8|||16|||181|||32
}|||68|||16|||250|||32
src|||1|||24|||6|||32
src|||2|||24|||22|||32
src|||3|||24|||28|||32
src|||4|||24|||38|||32
}|||20|||5|||124|||33
}|||28|||8|||77|||33
}|||29|||8|||78|||33
}|||30|||8|||79|||33
}|||33|||9|||194|||33
}|||34|||9|||195|||33
}|||58|||14|||297|||33
(|||101|||12|||120|||34
(|||151|||16|||139|||34
%|||13|||16|||222|||34
(|||226|||25|||113|||34
is_larger|||1|||12|||9|||35
is_larger|||2|||12|||21|||35
is_larger|||3|||12|||60|||35
is_larger|||4|||12|||67|||35
is_larger|||5|||12|||136|||35
is_larger|||6|||12|||146|||35
cube_s|||1|||20|||2|||36
doors|||1|||21|||6|||36
doors|||2|||21|||26|||36
doors|||3|||21|||73|||36
doors|||4|||21|||79|||36
doors|||5|||21|||114|||36
]|||30|||3|||182|||37
]|||64|||9|||211|||37
]|||78|||11|||205|||37
UINT_MAX|||2|||14|||196|||37
]|||113|||22|||37|||37
]|||122|||25|||163|||37
paddingChar|||1|||0|||3|||38
char|||1|||0|||6|||38
char|||3|||7|||3|||38
char|||4|||7|||19|||38
char|||6|||14|||60|||38
char|||9|||16|||3|||38
const|||3|||9|||3|||39
const|||8|||14|||240|||39
const|||10|||14|||276|||39
rgba|||1|||23|||60|||39
const|||12|||24|||3|||39
->|||1|||1|||39|||40
->|||2|||1|||49|||40
->|||3|||3|||46|||40
->|||4|||3|||94|||40
->|||5|||3|||118|||40
->|||6|||3|||135|||40
->|||7|||3|||173|||40
->|||8|||3|||191|||40
->|||9|||4|||137|||40
->|||10|||17|||55|||40
->|||11|||17|||61|||40
->|||12|||17|||67|||40
->|||13|||23|||59|||40
->|||14|||25|||30|||40
->|||15|||25|||40|||40
->|||16|||25|||64|||40
->|||17|||25|||78|||40
->|||18|||25|||96|||40
->|||19|||25|||122|||40
->|||20|||25|||132|||40
->|||21|||25|||176|||40
->|||22|||25|||191|||40
r|||1|||9|||101|||41
r|||2|||9|||118|||41
r|||3|||9|||174|||41
r|||4|||9|||191|||41
rand_r|||1|||19|||15|||41
rand_r|||2|||19|||51|||41
rand_r|||3|||19|||82|||41
r|||5|||23|||40|||41
r|||6|||23|||65|||41
r|||7|||23|||71|||41
r|||8|||23|||73|||41
r|||9|||23|||76|||41
r|||10|||23|||86|||41
len|||1|||9|||19|||42
len|||2|||9|||57|||42
nelems|||2|||14|||85|||42
}|||10|||3|||161|||43
}|||13|||4|||133|||43
}|||22|||6|||141|||43
}|||23|||6|||142|||43
}|||49|||13|||79|||43
}|||55|||14|||140|||43
i|||158|||16|||191|||43
i|||9|||0|||87|||44
i|||23|||2|||76|||44
i|||41|||3|||194|||44
i|||42|||3|||199|||44
i|||131|||11|||95|||44
i|||132|||11|||110|||44
x|||14|||17|||193|||44
x|||15|||17|||208|||44
i|||182|||21|||116|||44
*|||5|||3|||7|||45
*|||6|||3|||11|||45
*|||15|||4|||11|||45
*|||16|||4|||12|||45
*|||22|||6|||7|||45
*|||24|||6|||15|||45
*|||55|||13|||5|||45
*|||64|||14|||5|||45
*|||86|||16|||8|||45
*|||90|||17|||4|||45
*|||92|||17|||12|||45
*|||99|||19|||14|||45
*|||111|||24|||5|||45
*|||119|||25|||12|||45
NULL|||1|||4|||114|||46
0|||40|||13|||143|||46
0|||41|||13|||145|||46
0|||42|||13|||156|||46
0|||49|||14|||263|||46
0|||59|||17|||105|||46
0|||60|||17|||116|||46
0|||68|||21|||119|||46
0|||71|||24|||73|||46
;|||184|||14|||228|||47
;|||185|||14|||238|||47
;|||186|||14|||252|||47
;|||187|||14|||257|||47
;|||188|||14|||260|||47
=|||26|||4|||69|||48
=|||63|||10|||32|||48
=|||108|||14|||68|||48
=|||132|||17|||65|||48
=|||133|||17|||73|||48
=|||28|||4|||139|||49
=|||55|||9|||94|||49
=|||84|||11|||261|||49
=|||113|||14|||152|||49
,|||113|||16|||155|||49
=|||136|||17|||115|||49
=|||137|||17|||145|||49
srslte_simd_f_load|||1|||9|||83|||50
pow|||1|||11|||198|||50
pow|||2|||11|||225|||50
fprintf|||3|||12|||119|||50
=|||128|||16|||192|||50
DiagBreak|||1|||17|||140|||50
MRIFvox|||1|||17|||176|||50
MRIFvox|||2|||17|||189|||50
%|||17|||21|||144|||50
static|||2|||23|||0|||51
P|||1|||0|||8|||52
P|||2|||0|||17|||52
P|||3|||0|||41|||52
P|||4|||0|||66|||52
generate_u|||1|||3|||27|||52
u|||1|||3|||174|||52
vol_flux_x_p|||1|||13|||7|||52
mass_flux_x_p|||1|||13|||12|||52
vol_flux_x_p|||2|||13|||66|||52
mass_flux_x_p|||2|||13|||85|||52
(|||147|||16|||87|||52
1L|||1|||19|||160|||52
0xf|||1|||24|||62|||52
FIELD_P|||1|||25|||194|||52
}|||31|||9|||121|||53
}|||32|||9|||122|||53
}|||56|||14|||198|||53
}|||60|||15|||74|||53
}|||61|||15|||75|||53
"|||11|||16|||80|||53
for|||43|||16|||203|||53
(|||156|||16|||204|||53
}|||80|||19|||164|||53
}|||95|||24|||123|||53
}|||100|||25|||171|||53
m|||7|||5|||126|||54
m|||10|||8|||67|||54
,|||23|||5|||12|||55
,|||59|||11|||43|||55
,|||72|||13|||22|||55
,|||97|||15|||18|||55
,|||125|||17|||32|||55
,|||130|||17|||49|||55
(|||5|||0|||79|||56
(|||6|||0|||80|||56
(|||203|||23|||75|||56
(|||204|||23|||85|||56
(|||230|||25|||174|||56
xp|||10|||14|||268|||57
xp|||11|||14|||282|||57
tp|||5|||14|||284|||57
xp|||12|||14|||306|||57
schedule(static)|||2|||6|||76|||58
private(i)|||1|||12|||34|||58
)|||118|||14|||73|||58
printf|||1|||16|||51|||58
)|||194|||21|||85|||58
)|||203|||23|||79|||58
)|||209|||24|||53|||58
)|||219|||25|||44|||58
-4|||1|||13|||124|||59
-4|||2|||13|||154|||59
VEC4|||1|||15|||3|||59
VEC4|||2|||15|||6|||59
MAT4|||1|||15|||9|||59
VEC4|||3|||15|||13|||59
)|||24|||3|||188|||60
)|||25|||3|||201|||60
)|||89|||11|||213|||60
)|||90|||11|||214|||60
)|||91|||11|||240|||60
)|||92|||11|||241|||60
)|||106|||13|||108|||60
)|||107|||13|||116|||60
)|||110|||13|||138|||60
)|||141|||15|||86|||60
)|||173|||17|||223|||60
)|||230|||25|||180|||60
)|||231|||25|||188|||60
[|||10|||2|||70|||61
[|||19|||3|||113|||61
[|||22|||3|||130|||61
[|||36|||4|||76|||61
[|||38|||5|||80|||61
[|||59|||9|||87|||61
[|||61|||9|||148|||61
[|||90|||14|||183|||61
[|||103|||19|||75|||61
[|||114|||22|||40|||61
[|||120|||25|||151|||61
temp_sol|||2|||3|||24|||62
y_sol|||1|||3|||60|||62
hv_sol|||1|||3|||67|||62
step_sol|||2|||3|||162|||62
x_sol|||3|||3|||179|||62
y_sol|||3|||3|||197|||62
hv_sol|||3|||3|||203|||62
{|||36|||9|||207|||63
=|||10|||2|||7|||64
=|||12|||2|||18|||64
=|||29|||5|||14|||64
=|||43|||7|||16|||64
=|||44|||7|||23|||64
=|||48|||8|||23|||64
=|||139|||18|||16|||64
=|||152|||21|||15|||64
=|||159|||22|||23|||64
=|||161|||23|||20|||64
cc|||2|||25|||27|||65
cc|||3|||25|||34|||65
cc|||4|||25|||52|||65
cc|||5|||25|||115|||65
cc|||10|||25|||162|||65
++|||5|||3|||50|||66
++|||8|||5|||73|||66
++|||19|||10|||46|||66
++|||25|||12|||48|||66
++|||26|||13|||44|||66
++|||43|||19|||67|||66
;|||26|||3|||42|||67
;|||42|||4|||49|||67
;|||84|||8|||42|||67
;|||120|||11|||53|||67
;|||124|||11|||83|||67
;|||199|||15|||47|||67
;|||200|||15|||51|||67
;|||248|||19|||35|||67
;|||269|||21|||59|||67
i|||77|||6|||131|||68
i|||78|||6|||138|||68
i|||99|||9|||115|||68
i|||122|||10|||131|||68
i|||124|||10|||143|||68
i|||145|||14|||184|||68
i|||146|||14|||193|||68
)|||30|||4|||115|||69
)|||45|||6|||123|||69
)|||68|||9|||163|||69
)|||111|||13|||146|||69
)|||122|||14|||122|||69
)|||182|||19|||115|||69
)|||216|||24|||94|||69
)|||224|||25|||101|||69
float|||4|||4|||37|||70
float|||6|||5|||56|||70
float|||16|||10|||25|||70
float|||17|||10|||30|||70
float|||28|||19|||40|||70
float|||33|||19|||94|||70
i|||10|||1|||11|||71
i|||16|||2|||6|||71
i|||24|||3|||16|||71
i|||52|||5|||11|||71
i|||61|||6|||28|||71
i|||94|||9|||23|||71
i|||166|||19|||26|||71
i|||171|||21|||14|||71
int|||11|||4|||34|||72
int|||12|||4|||41|||72
int|||24|||10|||11|||72
int|||25|||10|||22|||72
int|||33|||11|||41|||72
int|||39|||11|||259|||72
int|||46|||13|||20|||72
int|||64|||17|||30|||72
int|||88|||23|||39|||72
side|||1|||11|||17|||73
side|||2|||11|||56|||73
side|||3|||11|||58|||73
{|||3|||0|||65|||74
{|||30|||8|||66|||74
{|||34|||9|||124|||74
{|||62|||15|||55|||74
{|||77|||18|||26|||74
{|||84|||21|||48|||74
{|||96|||24|||32|||74
j|||1|||2|||11|||75
j|||9|||3|||18|||75
j|||17|||8|||18|||75
j|||30|||14|||27|||75
j|||35|||15|||19|||75
j|||42|||16|||31|||75
j|||62|||22|||18|||75
fid|||2|||16|||33|||76
"|||12|||16|||83|||76
\n|||6|||16|||96|||76
if|||17|||16|||117|||76
*|||88|||16|||168|||76
;|||217|||16|||194|||76
mri_mask|||1|||17|||9|||77
pmask|||1|||17|||48|||77
mask|||1|||17|||50|||77
pmask|||2|||17|||98|||77
mri_mask|||2|||17|||103|||77
mask|||2|||17|||144|||77
pmask|||3|||17|||147|||77
mask|||3|||17|||152|||77
mask|||4|||17|||156|||77
n|||1|||6|||4|||78
n|||2|||6|||49|||78
n|||5|||8|||9|||78
n|||8|||10|||12|||78
n|||12|||11|||46|||78
n|||13|||11|||80|||78
n|||14|||11|||84|||78
n|||15|||11|||89|||78
n|||16|||11|||99|||78
n|||17|||11|||114|||78
depth|||1|||17|||41|||78
depth|||2|||17|||64|||78
depth|||3|||17|||68|||78
depth|||4|||17|||78|||78
len|||3|||9|||130|||79
.|||2|||1|||51|||80
.|||3|||5|||21|||80
.|||4|||5|||25|||80
.|||6|||5|||33|||80
.|||8|||5|||41|||80
.|||10|||5|||51|||80
.|||11|||5|||70|||80
.|||12|||5|||78|||80
.|||13|||5|||86|||80
.|||14|||5|||102|||80
.|||17|||11|||151|||80
.|||20|||11|||222|||80
.|||22|||25|||164|||80
miIndexedPtr|||1|||23|||4|||81
=|||2|||0|||28|||82
=|||7|||1|||23|||82
=|||32|||5|||43|||82
=|||37|||6|||44|||82
=|||62|||10|||27|||82
=|||90|||12|||26|||82
=|||123|||15|||39|||82
=|||125|||16|||34|||82
=|||142|||19|||42|||82
=|||143|||19|||50|||82
=|||154|||21|||38|||82
=|||171|||24|||21|||82
i|||19|||2|||25|||83
i|||89|||8|||26|||83
i|||168|||19|||37|||83
i|||175|||21|||37|||83
i|||176|||21|||41|||83
i|||177|||21|||45|||83
++|||1|||0|||38|||84
++|||17|||8|||44|||84
++|||22|||11|||60|||84
++|||31|||15|||52|||84
++|||45|||21|||46|||84
while|||1|||23|||42|||84
--|||3|||23|||45|||84
while|||2|||24|||26|||84
++|||55|||25|||33|||84
SRSLTE_IS_ALIGNED|||2|||9|||41|||85
SRSLTE_IS_ALIGNED|||3|||9|||46|||85
SRSLTE_SIMD_CF_SIZE|||5|||9|||132|||85
SRSLTE_SIMD_CF_SIZE|||6|||9|||138|||85
y_size|||2|||13|||41|||85
x_size|||2|||13|||56|||85
float|||31|||19|||79|||86
int|||79|||21|||92|||86
4|||1|||11|||145|||87
2|||1|||11|||204|||87
2|||2|||11|||210|||87
3|||1|||11|||231|||87
2|||3|||11|||237|||87
2|||4|||12|||85|||87
2|||5|||21|||87|||87
8|||4|||23|||78|||87
16|||1|||24|||49|||87
i|||2|||0|||31|||88
i|||6|||0|||58|||88
i|||13|||1|||36|||88
i|||17|||2|||17|||88
i|||80|||7|||31|||88
i|||82|||7|||39|||88
last_i|||1|||12|||25|||88
i|||163|||18|||19|||88
i|||172|||21|||18|||88
07267|||1|||10|||0|||89
b3d9c82c5f695f932c9f504d2b6a592|||1|||10|||3|||89
)|||13|||2|||27|||90
)|||47|||7|||26|||90
)|||142|||16|||22|||90
)|||176|||19|||21|||90
,|||19|||4|||129|||91
;|||78|||7|||86|||91
,|||61|||11|||206|||91
,|||67|||12|||122|||91
,|||75|||13|||112|||91
,|||82|||13|||155|||91
,|||90|||14|||174|||91
,|||94|||14|||283|||91
(|||154|||16|||177|||91
)|||158|||16|||238|||91
,|||134|||17|||166|||91
,|||166|||25|||149|||91
SqareDown|||1|||2|||1|||92
odefun|||1|||3|||1|||92
do_add|||1|||4|||29|||92
defvert_remove_group|||1|||4|||126|||92
do_add|||2|||4|||147|||92
mset|||1|||8|||1|||92
write_graphics|||1|||16|||1|||92
door|||1|||21|||1|||92
reset_fields_to_exchange|||1|||25|||72|||92
fields_to_exchange|||1|||25|||79|||92
cheby_betas|||1|||25|||165|||92
reset_fields_to_exchange|||2|||25|||185|||92
fields_to_exchange|||2|||25|||192|||92
]|||29|||3|||177|||93
]|||50|||7|||50|||93
]|||60|||9|||116|||93
]|||77|||11|||194|||93
]|||90|||14|||185|||93
]|||91|||14|||194|||93
]|||93|||15|||59|||93
]|||120|||25|||153|||93
]|||121|||25|||158|||93
;|||48|||4|||132|||94
;|||85|||8|||63|||94
;|||91|||9|||91|||94
;|||136|||11|||265|||94
;|||274|||21|||124|||94
;|||8|||1|||12|||95
;|||16|||2|||20|||95
;|||52|||5|||19|||95
;|||74|||7|||21|||95
;|||264|||21|||21|||95
[|||31|||3|||193|||96
[|||45|||6|||93|||96
[|||46|||6|||100|||96
[|||69|||10|||86|||96
[|||79|||11|||219|||96
[|||85|||11|||306|||96
}|||69|||16|||251|||96
[|||110|||21|||115|||96
[|||118|||25|||80|||96
<|||2|||1|||37|||97
<|||4|||3|||44|||97
<|||6|||4|||51|||97
<|||7|||4|||122|||97
<|||8|||5|||68|||97
<|||10|||6|||48|||97
<|||14|||9|||129|||97
<|||15|||9|||201|||97
<|||16|||10|||43|||97
<|||18|||10|||127|||97
<|||19|||11|||55|||97
<|||22|||12|||44|||97
<|||23|||13|||40|||97
<|||26|||14|||156|||97
<|||28|||15|||49|||97
<|||30|||16|||145|||97
▁|||22|||16|||159|||97
++|||35|||16|||214|||97
<|||35|||17|||119|||97
<|||36|||18|||20|||97
<|||38|||19|||64|||97
<|||41|||24|||29|||97
<|||43|||25|||94|||97
<|||44|||25|||120|||97
{|||65|||16|||123|||98
}|||64|||16|||175|||98
"|||26|||21|||134|||98
)|||198|||21|||150|||98
[|||11|||2|||75|||99
[|||23|||3|||137|||99
[|||24|||3|||140|||99
[|||25|||3|||147|||99
[|||27|||3|||155|||99
[|||28|||3|||163|||99
[|||32|||3|||198|||99
[|||75|||11|||170|||99
[|||81|||11|||272|||99
[|||124|||25|||193|||99
c|||1|||6|||16|||100
c|||2|||6|||54|||100
c|||3|||6|||99|||100
c|||4|||7|||20|||100
c|||5|||7|||22|||100
c|||6|||7|||45|||100
i|||86|||7|||87|||100
VP8LConvertBGRAToRGBA4444_C|||1|||24|||1|||100
C|||1|||25|||43|||100
C|||2|||25|||135|||100
y|||1|||6|||20|||101
y|||3|||9|||11|||101
y|||8|||11|||174|||101
n_y|||1|||13|||35|||101
n_y|||2|||13|||39|||101
n_y|||3|||13|||43|||101
n_y|||4|||13|||72|||101
n_y|||5|||13|||91|||101
data_cols|||1|||16|||15|||101
"|||16|||16|||112|||101
(|||153|||16|||162|||101
else|||7|||16|||187|||101
[|||98|||16|||231|||101
DEBUG_Y|||1|||17|||134|||101
ii|||1|||12|||51|||102
ii|||2|||12|||64|||102
cnt|||1|||21|||93|||102
defvert_add_index_notest|||1|||4|||154|||103
only_objectness|||1|||11|||38|||103
only_objectness|||2|||11|||299|||103
mri_std|||1|||17|||27|||103
mri_mean|||2|||17|||178|||103
pIndexed|||1|||23|||5|||103
best|||1|||23|||19|||103
pIndexed|||2|||23|||58|||103
--|||1|||2|||26|||104
++|||41|||18|||24|||104
++|||44|||21|||22|||104
}|||1|||0|||50|||105
}|||19|||5|||92|||105
}|||27|||8|||64|||105
}|||37|||10|||66|||105
}|||83|||21|||89|||105
}|||84|||21|||90|||105
,|||1|||0|||9|||106
,|||7|||4|||6|||106
,|||26|||6|||9|||106
,|||31|||7|||9|||106
,|||37|||8|||10|||106
,|||49|||11|||6|||106
,|||95|||15|||5|||106
,|||101|||16|||10|||106
,|||119|||17|||6|||106
,|||149|||19|||8|||106
,|||155|||22|||12|||106
,|||156|||23|||6|||106
.|||1|||1|||41|||107
.|||5|||5|||29|||107
.|||7|||5|||37|||107
.|||9|||5|||47|||107
.|||15|||5|||110|||107
.|||16|||5|||118|||107
.|||18|||11|||173|||107
.|||19|||11|||195|||107
_|||1|||12|||94|||107
0.|||1|||15|||40|||107
.|||21|||25|||154|||107
cc|||6|||25|||119|||108
cc|||7|||25|||126|||108
cc|||8|||25|||144|||108
cc|||9|||25|||152|||108
?|||2|||4|||88|||109
?|||3|||11|||209|||109
?|||4|||11|||236|||109
?|||6|||14|||234|||109
NC_ERANGE|||1|||14|||237|||109
[|||17|||3|||99|||110
[|||42|||6|||55|||110
[|||72|||11|||120|||110
[|||74|||11|||156|||110
[|||86|||13|||103|||110
[|||87|||13|||133|||110
padding|||1|||0|||0|||111
characters|||1|||0|||1|||111
Performs|||1|||25|||0|||111
,|||87|||14|||103|||112
,|||88|||14|||115|||112
,|||89|||14|||118|||112
,|||92|||14|||267|||112
,|||93|||14|||271|||112
,|||99|||15|||81|||112
,|||106|||16|||38|||112
(|||149|||16|||118|||112
,|||133|||17|||108|||112
+=|||4|||9|||64|||113
+=|||5|||9|||137|||113
+=|||7|||14|||92|||113
+=|||8|||14|||190|||113
+=|||9|||14|||213|||113
+=|||13|||17|||186|||113
dws|||1|||4|||13|||114
dws|||2|||4|||87|||114
dws|||3|||4|||89|||114
check_udpdata|||1|||7|||1|||114
ordered|||1|||12|||35|||114
ordered|||2|||12|||57|||114
buffer|||3|||7|||79|||115
i|||85|||7|||81|||115
,|||43|||9|||117|||115
,|||45|||9|||190|||115
,|||64|||12|||102|||115
,|||66|||12|||115|||115
,|||73|||13|||77|||115
,|||98|||15|||79|||115
%|||11|||16|||109|||115
,|||145|||17|||209|||115
,|||146|||17|||211|||115
,|||167|||25|||159|||115
(|||65|||9|||111|||116
(|||86|||11|||137|||116
(|||87|||11|||154|||116
(|||88|||11|||176|||116
(|||89|||11|||199|||116
(|||125|||14|||168|||116
%|||1|||7|||58|||117
w|||11|||16|||40|||117
)|||143|||16|||42|||117
file|||1|||16|||56|||117
,|||118|||16|||244|||117
)|||3|||0|||64|||118
)|||42|||6|||69|||118
)|||95|||11|||300|||118
)|||116|||14|||63|||118
)|||139|||15|||54|||118
)|||191|||21|||47|||118
)|||218|||25|||35|||118
)|||221|||25|||57|||118
+=|||1|||3|||116|||119
Wx|||1|||3|||117|||119
+=|||2|||3|||133|||119
Wy|||1|||3|||134|||119
=|||36|||5|||116|||120
=|||40|||6|||96|||120
=|||50|||8|||61|||120
=|||53|||9|||70|||120
=|||67|||10|||103|||120
=|||77|||11|||118|||120
=|||101|||13|||64|||120
=|||135|||17|||99|||120
=|||147|||19|||89|||120
=|||148|||19|||96|||120
=|||180|||25|||83|||120
]|||106|||21|||9|||121
]|||112|||22|||11|||121
*|||2|||0|||82|||122
*|||3|||0|||91|||122
*|||41|||11|||105|||122
*|||53|||11|||270|||122
*|||71|||14|||116|||122
*|||80|||14|||248|||122
*|||81|||14|||250|||122
*|||83|||14|||304|||122
(|||160|||16|||253|||122
*|||102|||19|||111|||122
*|||115|||24|||96|||122
;|||2|||0|||30|||123
;|||19|||2|||38|||123
;|||77|||7|||38|||123
;|||83|||8|||38|||123
;|||197|||15|||30|||123
;|||263|||21|||17|||123
;|||266|||21|||40|||123
xpp|||1|||14|||7|||124
xpp|||2|||14|||64|||124
xpp|||3|||14|||117|||124
xpp|||4|||14|||138|||124
xpp|||5|||14|||210|||124
xpp|||6|||14|||221|||124
;|||6|||0|||61|||125
;|||56|||5|||66|||125
;|||108|||10|||41|||125
;|||116|||10|||125|||125
;|||147|||12|||42|||125
;|||251|||19|||62|||125
sqrtf|||1|||6|||97|||126
sinf|||1|||19|||97|||126
sinf|||2|||19|||102|||126
cosf|||1|||19|||107|||126
cosf|||2|||19|||112|||126
cosf|||3|||19|||117|||126
acosf|||1|||19|||135|||126
i|||38|||3|||164|||127
i|||39|||3|||176|||127
)|||154|||16|||183|||127
1|||13|||9|||134|||128
1|||23|||13|||107|||128
1|||24|||13|||137|||128
xp|||2|||14|||124|||129
xp|||3|||14|||131|||129
tp|||2|||14|||163|||129
xp|||5|||14|||191|||129
xp|||7|||14|||212|||129
tp|||3|||14|||216|||129
xp|||8|||14|||227|||129
tp|||4|||14|||272|||129
sizeof|||1|||5|||54|||130
sizeof|||2|||15|||82|||130
i|||110|||10|||23|||131
i|||125|||11|||42|||131
i|||135|||12|||15|||131
i|||140|||14|||25|||131
i|||147|||15|||17|||131
i|||153|||16|||29|||131
x|||7|||17|||31|||131
predictions|||1|||11|||5|||132
predictions|||2|||11|||119|||132
predictions|||3|||11|||155|||132
predictions|||4|||11|||177|||132
predictions|||5|||11|||200|||132
square|||2|||11|||208|||132
predictions|||6|||11|||227|||132
predictions|||7|||11|||271|||132
probs|||3|||11|||302|||132
cheby_alphas|||1|||25|||155|||132
neighbors|||1|||3|||95|||133
,|||16|||4|||97|||133
,|||17|||4|||104|||133
,|||131|||17|||104|||133
,|||132|||17|||106|||133
Settings|||1|||25|||15|||134
settings|||1|||25|||17|||134
settings|||2|||25|||29|||134
settings|||3|||25|||39|||134
settings|||4|||25|||56|||134
settings|||5|||25|||63|||134
settings|||6|||25|||74|||134
settings|||7|||25|||77|||134
settings|||8|||25|||95|||134
settings|||9|||25|||107|||134
settings|||10|||25|||121|||134
settings|||11|||25|||131|||134
settings|||12|||25|||148|||134
settings|||13|||25|||175|||134
settings|||14|||25|||187|||134
settings|||15|||25|||190|||134
1|||8|||6|||133|||135
1|||20|||13|||76|||135
1|||21|||13|||89|||135
1|||22|||13|||95|||135
true|||1|||25|||84|||135
1|||33|||25|||109|||135
h|||1|||11|||23|||136
h|||2|||11|||189|||136
h|||3|||11|||223|||136
h|||4|||11|||243|||136
width|||1|||17|||37|||136
height|||1|||17|||39|||136
width|||2|||17|||52|||136
width|||3|||17|||56|||136
height|||2|||17|||58|||136
height|||3|||17|||62|||136
height|||4|||17|||92|||136
width|||4|||17|||120|||136
]|||16|||3|||98|||137
]|||17|||3|||101|||137
]|||19|||3|||115|||137
]|||22|||3|||132|||137
]|||40|||5|||115|||137
]|||59|||9|||89|||137
]|||33|||3|||206|||138
]|||66|||9|||221|||138
]|||80|||11|||232|||138
]|||87|||13|||135|||138
float|||5|||4|||58|||139
float|||8|||6|||10|||139
float|||10|||6|||18|||139
FLT|||1|||8|||3|||139
float|||12|||9|||9|||139
float|||19|||11|||25|||139
float|||20|||11|||28|||139
float|||22|||11|||266|||139
double|||1|||13|||4|||139
double|||2|||13|||9|||139
float|||24|||17|||18|||139
float|||26|||19|||9|||139
float|||27|||19|||13|||139
buffersize|||1|||7|||8|||140
buffersize|||2|||7|||37|||140
buffer|||2|||7|||47|||140
}|||25|||7|||92|||140
num_pixels|||2|||24|||24|||140
)|||6|||0|||90|||141
)|||23|||3|||183|||141
)|||43|||6|||91|||141
)|||71|||9|||192|||141
)|||84|||11|||90|||141
)|||98|||12|||65|||141
)|||105|||13|||60|||141
)|||108|||13|||127|||141
)|||109|||13|||128|||141
)|||132|||14|||249|||141
{|||69|||16|||202|||141
)|||171|||17|||198|||141
)|||172|||17|||213|||141
)|||195|||21|||110|||141
)|||204|||23|||89|||141
)|||211|||24|||63|||141
)|||229|||25|||169|||141
]|||31|||3|||195|||142
]|||65|||9|||216|||142
]|||71|||10|||144|||142
]|||79|||11|||221|||142
]|||84|||11|||305|||142
]|||85|||11|||308|||142
;|||32|||3|||82|||143
;|||68|||6|||88|||143
;|||89|||9|||62|||143
;|||112|||10|||76|||143
;|||125|||11|||87|||143
;|||158|||13|||53|||143
;|||159|||13|||57|||143
;|||230|||17|||75|||143
;|||233|||17|||93|||143
;|||273|||21|||107|||143
i|||1|||0|||27|||144
i|||25|||3|||39|||144
i|||44|||4|||42|||144
i|||45|||4|||46|||144
i|||62|||6|||43|||144
i|||64|||6|||51|||144
i|||126|||11|||50|||144
i|||167|||19|||30|||144
defgrp_idx|||1|||4|||8|||145
defvert_find_index|||1|||4|||94|||145
defgrp_idx|||2|||4|||98|||145
p_index|||1|||11|||102|||145
p_index|||2|||11|||121|||145
box_index|||1|||11|||125|||145
gray|||1|||23|||15|||146
pixel|||2|||23|||62|||146
gray|||2|||23|||83|||146
argb|||1|||24|||35|||146
argb|||2|||24|||47|||146
argb|||3|||24|||57|||146
argb|||4|||24|||71|||146
argb|||5|||24|||81|||146
unsigned|||1|||0|||5|||147
unsigned|||2|||0|||76|||147
long|||1|||14|||24|||147
long|||2|||14|||51|||147
long|||3|||14|||55|||147
long|||4|||19|||17|||147
;|||40|||3|||210|||148
;|||202|||15|||87|||148
;|||243|||17|||224|||148
;|||315|||25|||189|||148
;|||316|||25|||198|||148
prob|||1|||11|||267|||149
prob|||2|||11|||287|||149
prob|||3|||11|||292|||149
1|||4|||2|||45|||150
1|||5|||2|||60|||150
1|||6|||3|||103|||150
1|||7|||6|||115|||150
1|||11|||8|||75|||150
1|||12|||9|||61|||150
1|||18|||12|||41|||150
1|||19|||13|||70|||150
1|||27|||21|||54|||150
1|||29|||21|||102|||150
1|||31|||23|||88|||150
1|||32|||24|||93|||150
+|||2|||0|||69|||151
+|||3|||2|||59|||151
+|||5|||3|||202|||151
+|||8|||6|||64|||151
+|||10|||9|||60|||151
+|||12|||10|||107|||151
+|||13|||11|||98|||151
+|||14|||11|||109|||151
+|||25|||11|||274|||151
+|||26|||12|||72|||151
+|||27|||13|||67|||151
+|||28|||13|||71|||151
}|||70|||16|||257|||151
+|||34|||19|||106|||151
+|||38|||24|||99|||151
calloc|||1|||5|||44|||152
softmax_array|||1|||10|||5|||152
zero_array|||1|||18|||1|||152
DETECT|||1|||1|||57|||153
99|||1|||12|||80|||153
101|||1|||21|||8|||153
FORTRAN|||1|||25|||67|||153
FIELD_SD|||1|||25|||81|||153
halo_update_driver|||1|||25|||103|||153
FORTRAN|||2|||25|||179|||153
int|||38|||11|||124|||154
int|||53|||14|||253|||154
int|||54|||14|||277|||154
,|||68|||12|||135|||155
,|||144|||17|||207|||155
,|||2|||0|||12|||156
,|||38|||8|||17|||156
,|||39|||9|||7|||156
,|||51|||11|||12|||156
,|||84|||14|||11|||156
,|||102|||16|||13|||156
,|||120|||17|||10|||156
,|||150|||19|||12|||156
,|||158|||23|||13|||156
,|||159|||24|||7|||156
}|||14|||4|||142|||157
}|||15|||4|||143|||157
}|||16|||4|||163|||157
}|||17|||4|||164|||157
}|||18|||4|||165|||157
}|||35|||9|||223|||157
}|||39|||10|||151|||157
}|||40|||10|||152|||157
}|||48|||12|||148|||157
}|||50|||13|||98|||157
}|||78|||19|||162|||157
}|||79|||19|||163|||157
b|||3|||9|||81|||158
rcpb|||1|||9|||93|||158
xdim0_update_halo_kernel3_minus_4_b|||1|||13|||74|||158
;|||104|||9|||222|||159
;|||139|||11|||311|||159
;|||192|||14|||307|||159
;|||293|||23|||107|||159
d|||1|||7|||59|||160
%|||5|||12|||99|||160
%|||6|||12|||108|||160
0|||52|||16|||121|||160
]|||97|||16|||172|||160
d|||12|||21|||132|||160
,|||153|||21|||148|||160
[|||8|||2|||62|||161
[|||34|||4|||62|||161
[|||47|||6|||125|||161
%|||2|||7|||63|||161
[|||94|||15|||62|||161
[|||102|||19|||52|||161
[|||108|||21|||74|||161
>|||1|||4|||150|||162
>|||2|||10|||56|||162
>|||3|||11|||288|||162
>|||4|||14|||195|||162
>=|||2|||17|||153|||162
>|||5|||19|||125|||162
(|||22|||3|||167|||163
(|||23|||3|||168|||163
(|||24|||3|||185|||163
(|||25|||3|||186|||163
(|||32|||4|||127|||163
(|||66|||9|||126|||163
(|||67|||9|||145|||163
(|||95|||11|||298|||163
(|||126|||14|||172|||163
(|||128|||14|||179|||163
(|||129|||14|||200|||163
(|||187|||19|||153|||163
;|||44|||4|||65|||164
;|||45|||4|||82|||164
;|||88|||9|||54|||164
;|||122|||11|||70|||164
;|||149|||12|||54|||164
;|||182|||14|||215|||164
,|||107|||16|||79|||164
;|||255|||19|||93|||164
;|||289|||23|||70|||164
;|||290|||23|||80|||164
;|||291|||23|||90|||164
;|||298|||24|||64|||164
;|||306|||25|||58|||164
i|||30|||3|||69|||165
i|||56|||5|||89|||165
i|||69|||6|||85|||165
i|||72|||6|||101|||165
i|||74|||6|||117|||165
i|||95|||9|||55|||165
i|||109|||9|||220|||165
i|||117|||10|||73|||165
(|||2|||0|||25|||166
(|||9|||1|||17|||166
(|||13|||2|||16|||166
(|||14|||2|||30|||166
(|||17|||3|||23|||166
(|||48|||7|||30|||166
(|||52|||8|||21|||166
(|||53|||8|||34|||166
(|||138|||15|||22|||166
(|||162|||17|||71|||166
(|||175|||18|||13|||166
(|||177|||19|||24|||166
(|||191|||21|||35|||166
(|||200|||22|||21|||166
}|||41|||11|||296|||167
u_int|||2|||1|||13|||168
int|||8|||4|||15|||168
int|||9|||4|||19|||168
int|||29|||11|||16|||168
int|||30|||11|||19|||168
int|||31|||11|||22|||168
int|||44|||12|||14|||168
int|||58|||16|||17|||168
int|||59|||16|||20|||168
int|||70|||19|||18|||168
(|||4|||0|||75|||169
(|||11|||1|||58|||169
(|||59|||9|||47|||169
(|||81|||10|||140|||169
(|||140|||15|||77|||169
\n|||5|||16|||82|||169
(|||210|||24|||55|||169
(|||211|||24|||56|||169
buffer|||1|||7|||5|||170
]|||53|||7|||82|||170
mtx|||1|||15|||10|||170
)|||145|||16|||71|||170
hist|||2|||19|||148|||170
pixels|||1|||23|||9|||170
pixels|||2|||23|||21|||170
pixels|||3|||23|||52|||170
num_pixels|||1|||24|||9|||170
Chunk|||1|||25|||11|||170
chunks|||1|||25|||13|||170
chunks|||2|||25|||50|||170
chunks|||3|||25|||105|||170
chunks|||4|||25|||142|||170
chunks|||5|||25|||150|||170
chunks|||6|||25|||160|||170
;|||5|||0|||57|||171
;|||27|||3|||48|||171
;|||43|||4|||53|||171
;|||57|||5|||72|||171
;|||109|||10|||45|||171
;|||148|||12|||46|||171
;|||156|||13|||38|||171
;|||157|||13|||42|||171
;|||252|||19|||66|||171
i|||48|||4|||63|||172
i|||66|||6|||62|||172
i|||67|||6|||67|||172
i|||114|||10|||54|||172
i|||121|||10|||126|||172
i|||139|||12|||53|||172
i|||151|||15|||63|||172
i|||29|||3|||62|||173
i|||49|||4|||77|||173
i|||98|||9|||88|||173
i|||115|||10|||63|||173
i|||123|||10|||136|||173
for|||12|||6|||41|||174
for|||13|||6|||75|||174
for|||20|||9|||52|||174
for|||29|||12|||32|||174
for|||34|||14|||77|||174
\n|||4|||16|||69|||174
for|||50|||21|||11|||174
for|||55|||25|||20|||174
node_set_len|||1|||1|||42|||175
len|||4|||9|||202|||175
len|||5|||18|||9|||175
len|||6|||18|||21|||175
start|||1|||19|||7|||175
fid|||1|||16|||26|||176
NULL|||2|||16|||48|||176
]|||98|||16|||237|||176
pixel|||1|||23|||49|||176
{|||17|||4|||135|||177
{|||53|||13|||84|||177
{|||58|||14|||162|||177
{|||67|||16|||151|||177
input|||7|||16|||165|||177
{|||75|||17|||160|||177
{|||102|||25|||128|||177
{|||103|||25|||137|||177
2.0f|||1|||6|||71|||178
f|||1|||10|||1|||178
1.0f|||2|||19|||126|||178
1.0f|||3|||19|||130|||178
+=|||6|||10|||82|||179
exp|||1|||10|||83|||179
+=|||12|||15|||60|||179
+=|||14|||17|||199|||179
tmp|||4|||19|||88|||179
generate_v|||1|||3|||32|||180
j|||24|||11|||44|||180
col|||1|||11|||72|||180
y|||9|||17|||33|||180
i|||141|||14|||151|||181
i|||142|||14|||155|||181
i|||143|||14|||159|||181
i|||144|||14|||165|||181
j|||43|||16|||140|||181
j|||44|||16|||144|||181
x|||9|||17|||118|||181
x|||10|||17|||122|||181
;|||35|||3|||111|||182
;|||36|||3|||128|||182
;|||37|||3|||145|||182
;|||98|||9|||164|||182
;|||115|||10|||119|||182
;|||137|||11|||277|||182
;|||174|||14|||123|||182
;|||201|||15|||73|||182
;|||236|||17|||121|||182
!=|||1|||4|||113|||183
!=|||2|||7|||46|||183
=|||46|||7|||68|||183
is|||1|||12|||125|||183
!=|||3|||14|||262|||183
!=|||4|||14|||290|||183
▁|||18|||16|||61|||183
/|||11|||16|||63|||183
-1|||1|||3|||169|||184
-1|||2|||3|||187|||184
m1|||1|||5|||4|||184
m1|||2|||5|||24|||184
m1|||3|||5|||32|||184
m1|||4|||5|||46|||184
m1|||5|||5|||69|||184
m1|||6|||5|||85|||184
x1|||1|||19|||41|||184
y1|||1|||19|||72|||184
x1|||2|||19|||99|||184
y1|||2|||19|||104|||184
x1|||3|||19|||109|||184
y1|||3|||19|||114|||184
)|||22|||3|||170|||185
)|||65|||9|||119|||185
)|||67|||9|||151|||185
)|||80|||10|||132|||185
)|||93|||11|||257|||185
)|||100|||12|||117|||185
)|||127|||14|||186|||185
)|||128|||14|||187|||185
)|||151|||16|||150|||185
for|||42|||16|||189|||185
;|||222|||16|||249|||185
)|||167|||17|||142|||185
)|||185|||19|||138|||185
v|||1|||3|||192|||186
MDeformVert|||1|||4|||3|||186
dvert|||1|||4|||5|||186
indices|||1|||4|||21|||186
MDeformVert|||2|||4|||66|||186
dvert|||2|||4|||71|||186
indices|||2|||4|||73|||186
indices|||3|||4|||75|||186
v|||2|||15|||7|||186
v|||3|||15|||69|||186
v|||4|||23|||56|||186
v|||5|||23|||67|||186
]|||11|||2|||77|||187
]|||12|||2|||80|||187
]|||61|||9|||150|||187
]|||100|||18|||30|||187
]|||104|||19|||85|||187
]|||123|||25|||168|||187
0|||7|||2|||33|||188
0|||21|||7|||33|||188
0|||22|||9|||25|||188
0|||30|||11|||249|||188
0|||39|||13|||126|||188
NC_NOERR|||1|||14|||235|||188
0|||50|||15|||25|||188
0|||54|||16|||142|||188
0|||74|||25|||117|||188
,|||13|||4|||30|||189
,|||15|||4|||36|||189
,|||47|||10|||13|||189
,|||48|||10|||16|||189
,|||57|||11|||32|||189
,|||58|||11|||36|||189
,|||70|||13|||13|||189
,|||71|||13|||19|||189
,|||105|||16|||30|||189
,|||124|||17|||24|||189
,|||129|||17|||40|||189
}|||76|||18|||34|||190
}|||77|||18|||35|||190
}|||82|||21|||33|||190
}|||85|||21|||91|||190
}|||90|||22|||44|||190
}|||98|||25|||70|||190
}|||99|||25|||71|||190
}|||104|||25|||199|||190
for|||25|||10|||120|||191
for|||35|||14|||149|||191
for|||36|||14|||258|||191
fprintf|||7|||16|||152|||191
for|||46|||17|||112|||191
;|||3|||0|||36|||192
;|||11|||1|||31|||192
;|||17|||2|||24|||192
;|||18|||2|||34|||192
;|||76|||7|||34|||192
;|||81|||8|||25|||192
;|||196|||15|||26|||192
,|||117|||16|||226|||192
;|||245|||18|||22|||192
;|||247|||19|||29|||192
;|||267|||21|||44|||192
;|||278|||22|||25|||192
;|||305|||25|||32|||192
*|||46|||11|||139|||193
*|||49|||11|||188|||193
*|||60|||13|||75|||193
*|||61|||13|||88|||193
*|||63|||13|||94|||193
*|||105|||19|||155|||193
*|||116|||24|||103|||193
[|||51|||7|||62|||194
!|||1|||7|||67|||194
[|||52|||7|||70|||194
▁|||4|||12|||92|||194
▁|||12|||12|||124|||194
▁|||13|||12|||128|||194
▁|||14|||12|||130|||194
was|||1|||16|||58|||194
not|||1|||16|||60|||194
created|||1|||16|||62|||194
opened|||1|||16|||64|||194
writing|||1|||16|||68|||194
"|||10|||16|||70|||194
;|||215|||16|||174|||194
;|||102|||9|||199|||195
;|||103|||9|||203|||195
;|||193|||14|||310|||195
(|||3|||0|||52|||196
(|||31|||4|||118|||196
(|||42|||6|||59|||196
(|||56|||9|||35|||196
(|||75|||10|||51|||196
(|||85|||11|||131|||196
(|||112|||13|||149|||196
(|||183|||19|||118|||196
(|||193|||21|||65|||196
(|||208|||24|||45|||196
(|||209|||24|||46|||196
(|||220|||25|||47|||196
i|||33|||3|||121|||197
i|||34|||3|||131|||197
i|||35|||3|||138|||197
i|||36|||3|||148|||197
i|||37|||3|||153|||197
fid|||9|||16|||219|||197
time_step|||3|||3|||34|||198
dr|||3|||23|||93|||198
dr|||4|||23|||95|||198
bestDist|||2|||23|||101|||198
[|||1|||0|||18|||199
[|||13|||3|||54|||199
[|||39|||5|||88|||199
[|||43|||6|||61|||199
[|||56|||8|||68|||199
[|||67|||10|||53|||199
[|||88|||14|||33|||199
[|||92|||15|||36|||199
[|||95|||15|||65|||199
[|||107|||21|||27|||199
[|||115|||23|||22|||199
[|||116|||23|||61|||199
add_thresh|||1|||4|||32|||200
rem_thresh|||1|||4|||38|||200
rem_thresh|||2|||4|||123|||200
add_thresh|||2|||4|||151|||200
thresh|||1|||11|||26|||200
(|||43|||6|||80|||201
(|||76|||10|||68|||201
(|||77|||10|||84|||201
(|||195|||21|||98|||201
(|||222|||25|||62|||201
(|||223|||25|||73|||201
const|||1|||4|||18|||202
const|||2|||4|||23|||202
const|||4|||9|||8|||202
const|||5|||9|||17|||202
const|||6|||13|||14|||202
const|||13|||24|||16|||202
const|||14|||24|||19|||202
output|||1|||10|||19|||203
output|||2|||10|||134|||203
out|||1|||15|||4|||203
out|||2|||15|||78|||203
dst|||1|||24|||13|||203
dst|||2|||24|||97|||203
dst|||3|||24|||104|||203
dst|||4|||24|||111|||203
dst|||5|||24|||117|||203
num|||1|||4|||16|||204
num|||2|||4|||52|||204
num|||3|||11|||11|||204
num|||4|||11|||86|||204
num|||5|||11|||97|||204
num|||6|||11|||112|||204
num|||7|||11|||134|||204
num|||8|||11|||140|||204
num|||9|||23|||12|||204
num|||10|||23|||44|||204
j|||10|||3|||79|||205
j|||12|||3|||87|||205
j|||32|||14|||83|||205
j|||33|||14|||91|||205
j|||53|||19|||68|||205
temp|||3|||10|||94|||206
temp|||4|||10|||106|||206
tmp|||2|||14|||114|||206
d|||9|||16|||110|||206
"|||18|||16|||160|||206
)|||156|||16|||215|||206
temp|||8|||19|||128|||206
temp|||9|||19|||137|||206
node_set_val|||1|||1|||52|||207
val|||1|||3|||20|||207
val|||7|||3|||159|||207
value|||1|||7|||11|||207
value|||2|||7|||27|||207
low_val|||1|||17|||16|||207
hi_val|||1|||17|||19|||207
val|||8|||17|||44|||207
low_val|||2|||17|||154|||207
hi_val|||2|||17|||158|||207
val|||9|||17|||161|||207
val|||10|||17|||187|||207
=|||4|||0|||55|||208
=|||16|||3|||40|||208
=|||24|||4|||47|||208
=|||71|||11|||51|||208
=|||74|||11|||81|||208
=|||99|||13|||36|||208
=|||124|||15|||45|||208
<|||1|||1|||33|||209
<|||3|||2|||36|||209
<|||5|||3|||84|||209
<|||9|||5|||100|||209
<|||11|||6|||86|||209
<|||12|||7|||36|||209
<|||13|||9|||56|||209
<|||17|||10|||74|||209
<|||20|||11|||85|||209
<|||21|||11|||252|||209
<|||24|||13|||55|||209
<|||25|||14|||84|||209
<|||27|||15|||28|||209
int|||62|||16|||228|||209
<|||33|||17|||77|||209
<|||34|||17|||91|||209
<|||37|||19|||31|||209
<|||39|||22|||27|||209
<|||40|||23|||100|||209
<|||42|||25|||28|||209
i|||27|||3|||49|||210
i|||127|||11|||54|||210
i|||149|||15|||48|||210
x|||8|||17|||114|||210
classes|||1|||11|||8|||211
classes|||2|||11|||108|||211
classes|||3|||11|||132|||211
classes|||4|||11|||253|||211
classes|||5|||11|||264|||211
srslte_simd_cfi_load|||1|||9|||71|||212
*|||42|||11|||107|||212
*|||59|||13|||73|||212
*|||72|||14|||120|||212
*|||96|||17|||146|||212
=|||54|||9|||82|||213
=|||79|||11|||153|||213
=|||82|||11|||224|||213
=|||112|||14|||132|||213
=|||150|||19|||134|||213
=|||151|||19|||141|||213
+=|||3|||3|||150|||214
+=|||10|||14|||217|||214
+=|||11|||14|||269|||214
+=|||15|||19|||159|||214
)|||69|||9|||171|||215
)|||70|||9|||181|||215
)|||112|||13|||157|||215
)|||113|||13|||158|||215
)|||134|||14|||285|||215
)|||135|||14|||292|||215
*|||19|||4|||67|||216
*|||67|||14|||38|||216
*|||68|||14|||57|||216
*|||73|||14|||135|||216
*|||74|||14|||137|||216
*|||79|||14|||242|||216
i|||11|||1|||28|||217
i|||26|||3|||43|||217
i|||46|||4|||50|||217
i|||53|||5|||63|||217
i|||63|||6|||47|||217
i|||65|||6|||56|||217
i|||111|||10|||38|||217
i|||113|||10|||47|||217
i|||136|||12|||39|||217
i|||138|||12|||47|||217
0|||2|||1|||24|||218
0|||5|||2|||13|||218
0|||10|||3|||58|||218
0|||11|||3|||65|||218
0|||12|||3|||72|||218
0|||15|||5|||15|||218
0|||18|||6|||45|||218
0|||20|||7|||17|||218
0|||23|||10|||28|||218
0|||27|||11|||52|||218
0|||28|||11|||82|||218
0|||29|||11|||159|||218
0|||33|||12|||19|||218
0|||34|||12|||27|||218
0|||35|||13|||37|||218
0|||43|||14|||44|||218
0|||47|||14|||153|||218
++|||32|||16|||135|||218
"|||17|||16|||156|||218
0|||61|||17|||173|||218
0|||62|||18|||17|||218
0|||63|||18|||32|||218
0|||65|||21|||31|||218
0|||66|||21|||70|||218
0|||70|||23|||23|||218
0|||72|||25|||25|||218
char|||2|||0|||77|||219
char|||5|||7|||25|||219
char|||7|||14|||241|||219
char|||8|||14|||247|||219
cc|||1|||25|||23|||220
,|||3|||3|||5|||221
,|||8|||4|||9|||221
,|||22|||5|||5|||221
,|||25|||6|||5|||221
,|||27|||6|||13|||221
,|||30|||7|||6|||221
,|||36|||8|||7|||221
,|||96|||15|||8|||221
,|||100|||16|||6|||221
,|||147|||18|||7|||221
,|||148|||19|||5|||221
,|||154|||22|||7|||221
int|||6|||3|||74|||222
int|||35|||11|||71|||222
int|||36|||11|||92|||222
int|||37|||11|||101|||222
int|||49|||13|||49|||222
int|||80|||21|||99|||222
int|||91|||25|||88|||222
srslte_simd_f_loadu|||1|||9|||156|||223
FIELD_VOL_FLUX_X|||1|||13|||104|||223
FIELD_MASS_FLUX_X|||1|||13|||134|||223
;|||223|||16|||256|||223
mri_dof|||2|||17|||206|||223
bestDist|||3|||23|||104|||223
num_chunks_per_rank|||2|||25|||123|||223
i|||59|||5|||106|||224
i|||100|||9|||128|||224
i|||101|||9|||136|||224
i|||102|||9|||149|||224
i|||103|||9|||161|||224
;|||53|||5|||27|||225
;|||63|||6|||29|||225
;|||144|||12|||20|||225
;|||165|||14|||36|||225
=|||3|||0|||47|||226
=|||105|||14|||43|||226
=|||107|||14|||53|||226
]|||7|||2|||61|||227
]|||8|||2|||64|||227
]|||18|||3|||110|||227
]|||36|||4|||81|||227
]|||42|||6|||57|||227
]|||44|||6|||68|||227
\n|||1|||7|||74|||227
]|||57|||8|||73|||227
]|||94|||15|||64|||227
]|||117|||25|||53|||227
x|||1|||9|||6|||228
rand_d|||1|||19|||11|||228
(|||69|||9|||169|||229
(|||72|||9|||198|||229
(|||113|||13|||151|||229
(|||173|||17|||221|||229
(|||231|||25|||186|||229
nrange|||1|||14|||42|||230
realign|||1|||14|||47|||230
cxp|||1|||14|||52|||230
realign|||2|||14|||67|||230
cxp|||2|||14|||70|||230
nrange|||2|||14|||87|||230
realign|||3|||14|||109|||230
nrange|||3|||14|||189|||230
realign|||4|||14|||201|||230
nrange|||4|||14|||231|||230
temp|||1|||10|||15|||231
temp|||2|||10|||90|||231
temp|||5|||10|||146|||231
index|||5|||11|||149|||231
index|||6|||11|||171|||231
index|||7|||11|||193|||231
index|||9|||11|||280|||231
temp|||6|||19|||95|||231
temp|||7|||19|||124|||231
(|||29|||4|||102|||232
(|||45|||6|||112|||232
(|||71|||9|||184|||232
(|||111|||13|||140|||232
(|||114|||14|||2|||232
(|||122|||14|||113|||232
(|||137|||15|||2|||232
;|||210|||16|||116|||232
(|||161|||17|||2|||232
(|||164|||17|||102|||232
(|||181|||19|||108|||232
(|||197|||21|||129|||232
(|||216|||24|||90|||232
=|||1|||0|||21|||233
=|||6|||1|||15|||233
=|||11|||2|||12|||233
=|||30|||5|||23|||233
=|||73|||11|||73|||233
=|||88|||12|||18|||233
=|||131|||17|||59|||233
=|||153|||21|||30|||233
=|||166|||23|||72|||233
=|||179|||25|||24|||233
+|||1|||0|||44|||234
+|||7|||5|||49|||234
+|||15|||11|||113|||234
src_end|||2|||24|||30|||234
;|||15|||2|||14|||235
;|||75|||7|||28|||235
;|||82|||8|||29|||235
;|||140|||12|||7|||235
;|||195|||15|||20|||235
;|||261|||20|||14|||235
;|||279|||22|||29|||235
;|||282|||23|||25|||235
(|||20|||3|||38|||236
(|||21|||3|||78|||236
(|||27|||4|||45|||236
(|||39|||5|||94|||236
(|||78|||10|||99|||236
(|||84|||11|||79|||236
(|||100|||12|||88|||236
(|||105|||13|||48|||236
(|||121|||14|||108|||236
(|||130|||14|||205|||236
d|||8|||16|||95|||236
;|||219|||16|||208|||236
(|||163|||17|||85|||236
(|||180|||19|||103|||236
(|||205|||23|||98|||236
(|||212|||24|||69|||236
(|||213|||24|||70|||236
update_global_node_set|||1|||1|||3|||237
global_node_set|||1|||1|||40|||237
global_node_set|||2|||1|||50|||237
g_arrBackGroud|||2|||2|||56|||237
g_arrBackGroud|||3|||2|||66|||237
0|||53|||16|||128|||237
data_cols|||3|||16|||146|||237
}|||65|||16|||185|||237
fid|||11|||16|||254|||237
site|||1|||1|||7|||238
site|||2|||1|||18|||238
site|||3|||1|||38|||238
site|||4|||1|||48|||238
site|||5|||1|||59|||238
j|||4|||2|||39|||239
j|||5|||2|||52|||239
j|||7|||2|||71|||239
j|||19|||8|||39|||239
j|||21|||8|||51|||239
j|||22|||8|||59|||239
j|||37|||15|||27|||239
*|||89|||16|||233|||239
j|||67|||22|||41|||239
=|||140|||18|||31|||240
=|||183|||25|||196|||240
fp|||1|||16|||7|||241
▁|||17|||16|||59|||241
nelems|||1|||14|||10|||242
nelems|||3|||14|||100|||242
ni|||3|||14|||119|||242
ni|||4|||14|||157|||242
ni|||6|||14|||218|||242
nelems|||4|||14|||261|||242
nelems|||5|||14|||265|||242
int|||32|||11|||37|||243
int|||34|||11|||64|||243
int|||47|||13|||23|||243
int|||52|||14|||46|||243
)|||159|||16|||248|||243
int|||65|||18|||3|||243
int|||71|||19|||25|||243
int|||72|||19|||58|||243
int|||75|||21|||5|||243
int|||78|||21|||51|||243
int|||85|||23|||26|||243
int|||87|||23|||36|||243
for|||2|||0|||51|||244
for|||7|||3|||77|||244
for|||15|||6|||107|||244
for|||27|||11|||78|||244
for|||33|||13|||47|||244
for|||38|||15|||42|||244
for|||41|||16|||138|||244
for|||45|||17|||84|||244
for|||51|||21|||34|||244
for|||52|||21|||49|||244
for|||56|||25|||86|||244
endif|||1|||14|||312|||245
}|||59|||14|||313|||245
+|||16|||11|||133|||246
+|||17|||11|||136|||246
+|||18|||11|||141|||246
+|||19|||11|||158|||246
+|||20|||11|||161|||246
+|||21|||11|||180|||246
+|||22|||11|||183|||246
+|||23|||11|||203|||246
+|||24|||11|||230|||246
+|||29|||13|||86|||246
+|||30|||13|||90|||246
d|||2|||7|||64|||247
d|||3|||7|||72|||247
%|||4|||11|||75|||247
%|||7|||12|||131|||247
%|||8|||14|||74|||247
,|||110|||16|||100|||247
;|||209|||16|||103|||247
fprintf|||10|||16|||241|||247
%|||14|||21|||67|||247
%|||15|||21|||86|||247
dv|||1|||4|||68|||248
dv|||2|||4|||96|||248
dv|||3|||4|||128|||248
dv|||4|||4|||156|||248
angle|||1|||19|||133|||248
angle|||2|||19|||140|||248
angle|||3|||19|||142|||248
dist|||1|||23|||34|||248
dr|||1|||23|||37|||248
dr|||2|||23|||81|||248
dist|||2|||23|||91|||248
dist|||3|||23|||99|||248
dist|||4|||23|||106|||248
]|||62|||9|||162|||249
]|||81|||11|||276|||249
]|||99|||18|||6|||249
]|||111|||22|||6|||249
;|||49|||4|||141|||250
;|||62|||5|||127|||250
;|||114|||10|||112|||250
;|||118|||10|||150|||250
const|||7|||14|||3|||251
const|||9|||14|||246|||251
const|||11|||14|||302|||251
j|||20|||8|||43|||252
j|||27|||11|||256|||252
j|||38|||15|||32|||252
&|||4|||9|||112|||253
&|||7|||9|||185|||253
&|||8|||14|||71|||253
&|||15|||25|||48|||253
=|||20|||3|||80|||254
=|||35|||5|||96|||254
=|||39|||6|||82|||254
=|||41|||6|||114|||254
=|||66|||10|||70|||254
=|||76|||11|||103|||254
=|||83|||11|||248|||254
=|||94|||12|||70|||254
=|||109|||14|||80|||254
=|||110|||14|||97|||254
<|||32|||16|||210|||254
=|||134|||17|||87|||254
=|||157|||21|||94|||254
=|||158|||21|||101|||254
=|||174|||24|||68|||254
=|||181|||25|||90|||254
val|||2|||3|||105|||255
val|||3|||3|||119|||255
val|||4|||3|||127|||255
val|||5|||3|||136|||255
val|||6|||3|||144|||255
weight|||1|||4|||138|||255
vals|||1|||5|||42|||255
vals|||2|||5|||79|||255
vals|||3|||5|||87|||255
vals|||4|||5|||111|||255
vals|||5|||5|||119|||255
val|||11|||17|||200|||255
val|||12|||17|||202|||255
m|||1|||5|||18|||256
m|||2|||5|||20|||256
m|||3|||5|||28|||256
m|||4|||5|||40|||256
m|||5|||5|||77|||256
m|||6|||5|||109|||256
m|||8|||8|||6|||256
m|||9|||8|||54|||256
float|||1|||3|||3|||257
float|||2|||4|||24|||257
float|||13|||10|||7|||257
float|||18|||11|||3|||257
FILE|||1|||16|||24|||257
float|||30|||19|||71|||257
float|||35|||22|||3|||257
j|||28|||11|||275|||258
d|||11|||16|||223|||258
j|||61|||21|||81|||258
j|||63|||22|||22|||258
j|||66|||22|||36|||258
stderr|||1|||7|||55|||259
stderr|||2|||12|||89|||259
stderr|||3|||12|||121|||259
w|||1|||4|||59|||260
w|||2|||4|||103|||260
w|||3|||4|||121|||260
w|||4|||4|||140|||260
w|||5|||4|||149|||260
w|||6|||4|||160|||260
w|||7|||11|||20|||260
w|||8|||11|||167|||260
w|||9|||11|||196|||260
w|||10|||11|||216|||260
"|||8|||16|||41|||260
}|||38|||10|||97|||261
}|||52|||13|||161|||261
}|||53|||13|||162|||261
}|||91|||22|||47|||261
}|||92|||23|||112|||261
}|||93|||23|||113|||261
]|||2|||0|||46|||262
]|||5|||2|||50|||262
]|||37|||4|||92|||262
]|||41|||5|||122|||262
]|||54|||8|||57|||262
]|||58|||9|||77|||262
]|||69|||10|||88|||262
]|||72|||11|||122|||262
]|||101|||19|||46|||262
]|||102|||19|||54|||262
]|||110|||21|||117|||262
(|||94|||11|||286|||263
(|||108|||13|||119|||263
(|||132|||14|||245|||263
(|||134|||14|||281|||263
(|||135|||14|||288|||263
(|||136|||14|||301|||263
i|||161|||16|||236|||263
(|||167|||17|||141|||263
(|||185|||19|||136|||263
{|||1|||0|||16|||264
{|||10|||3|||14|||264
{|||31|||9|||21|||264
{|||37|||10|||21|||264
{|||41|||11|||40|||264
{|||49|||13|||26|||264
{|||54|||14|||16|||264
{|||60|||15|||12|||264
{|||63|||16|||23|||264
{|||71|||17|||29|||264
{|||78|||19|||22|||264
{|||92|||23|||17|||264
{|||95|||24|||15|||264
fprintf|||1|||7|||53|||265
fprintf|||2|||12|||87|||265
"|||9|||16|||53|||265
P2|||1|||16|||81|||265
%|||10|||16|||94|||265
)|||148|||16|||115|||265
[|||97|||16|||166|||265
+|||32|||16|||235|||265
printf|||2|||21|||128|||265
=|||57|||9|||143|||266
=|||102|||13|||83|||266
=|||103|||13|||117|||266
=|||104|||13|||147|||266
=|||138|||17|||162|||266
]|||3|||0|||73|||267
]|||4|||1|||55|||267
]|||9|||2|||69|||267
]|||21|||3|||125|||267
)|||50|||7|||85|||267
]|||96|||15|||72|||267
]|||109|||21|||82|||267
j|||23|||8|||72|||268
j|||29|||11|||283|||268
j|||40|||15|||58|||268
j|||51|||19|||59|||268
j|||54|||19|||76|||268
j|||58|||21|||61|||268
i|||79|||7|||15|||269
i|||87|||8|||16|||269
i|||120|||10|||122|||269
i|||162|||18|||15|||269
ar|||1|||18|||4|||270
ar|||2|||18|||27|||270
rg|||1|||24|||43|||270
ba|||1|||24|||67|||270
ba|||2|||24|||101|||270
rg|||2|||24|||107|||270
rg|||3|||24|||114|||270
ba|||3|||24|||120|||270
pp|||1|||25|||89|||270
pp|||2|||25|||93|||270
pp|||3|||25|||100|||270
pp|||4|||25|||157|||270
pp|||5|||25|||167|||270
*|||8|||3|||143|||271
*|||9|||3|||158|||271
*|||10|||3|||171|||271
*|||11|||3|||178|||271
*|||51|||11|||242|||271
*|||62|||13|||92|||271
;|||216|||16|||184|||271
#pragma|||1|||6|||30|||272
omp|||1|||6|||31|||272
parallel|||1|||6|||32|||272
#pragma|||3|||6|||73|||272
omp|||3|||6|||74|||272
#pragma|||4|||6|||105|||272
omp|||4|||6|||106|||272
#pragma|||5|||12|||29|||272
omp|||5|||12|||30|||272
#pragma|||8|||14|||141|||272
#pragma|||9|||14|||145|||272
SRSLTE_SIMD_CF_SIZE|||1|||9|||28|||273
SRSLTE_SIMD_CF_SIZE|||2|||9|||30|||273
SRSLTE_SIMD_F_SIZE|||1|||9|||32|||273
SRSLTE_IS_ALIGNED|||1|||9|||36|||273
SRSLTE_SIMD_CF_SIZE|||3|||9|||59|||273
SRSLTE_SIMD_CF_SIZE|||4|||9|||65|||273
y_size|||1|||13|||24|||273
4|||3|||15|||50|||273
0x00|||1|||0|||48|||274
0|||1|||1|||0|||274
copy0|||1|||22|||1|||274
0xff|||1|||23|||69|||274
0xf0|||1|||24|||52|||274
0xf0|||2|||24|||76|||274
run_ppcg_init|||1|||25|||46|||274
float|||3|||4|||31|||275
float|||7|||6|||6|||275
float|||9|||6|||14|||275
float|||11|||6|||22|||275
float|||14|||10|||14|||275
float|||15|||10|||17|||275
float|||21|||11|||116|||275
float|||23|||17|||15|||275
float|||25|||17|||43|||275
float|||29|||19|||48|||275
float|||32|||19|||87|||275
float|||34|||19|||132|||275
float|||36|||22|||8|||275
)|||5|||0|||84|||276
)|||44|||6|||103|||276
)|||140|||15|||85|||276
)|||163|||17|||96|||276
)|||213|||24|||77|||276
||||3|||24|||78|||276
;|||10|||1|||25|||277
;|||54|||5|||39|||277
;|||146|||12|||28|||277
;|||280|||22|||43|||277
;|||285|||23|||38|||277
&&|||1|||1|||35|||278
&&|||3|||4|||148|||278
&&|||4|||9|||29|||278
&&|||7|||12|||66|||278
&&|||9|||14|||19|||278
&&|||10|||14|||86|||278
paddingSize|||1|||0|||14|||279
paddingSize|||2|||0|||33|||279
paddingSize|||3|||0|||70|||279
weights|||1|||4|||26|||279
convert_coco_detections|||1|||11|||1|||279
probs|||1|||11|||31|||279
filename|||1|||16|||5|||279
MRIaccumulateMaskedMeansAndVariances|||1|||17|||1|||279
mri_dof|||1|||17|||13|||279
*|||43|||11|||111|||280
*|||44|||11|||128|||280
*|||45|||11|||130|||280
*|||58|||13|||69|||280
b|||1|||6|||12|||281
b|||2|||6|||65|||281
b|||4|||9|||97|||281
b|||5|||9|||154|||281
b|||6|||9|||170|||281
b|||7|||22|||9|||281
b|||8|||22|||39|||281
*|||7|||3|||126|||282
*|||12|||3|||189|||282
*|||48|||11|||166|||282
*|||50|||11|||215|||282
*|||101|||19|||101|||282
*|||103|||19|||116|||282
if|||1|||2|||43|||283
if|||2|||4|||110|||283
if|||3|||4|||117|||283
if|||4|||4|||145|||283
if|||5|||7|||43|||283
if|||6|||8|||47|||283
if|||7|||9|||34|||283
if|||8|||10|||50|||283
if|||10|||11|||297|||283
if|||11|||13|||100|||283
if|||12|||13|||130|||283
if|||15|||14|||287|||283
fid|||3|||16|||46|||283
if|||18|||17|||126|||283
if|||19|||17|||150|||283
if|||21|||21|||64|||283
if|||24|||25|||37|||283
if|||25|||25|||61|||283
if|||26|||25|||129|||283
if|||27|||25|||173|||283
;|||46|||4|||100|||284
;|||72|||6|||140|||284
;|||113|||10|||96|||284
;|||129|||11|||146|||284
;|||153|||12|||118|||284
;|||176|||14|||139|||284
;|||294|||23|||111|||284
;|||300|||24|||102|||284
;|||301|||24|||108|||284
;|||308|||25|||85|||284
simd_cf_t|||1|||9|||68|||285
simd_f_t|||1|||9|||80|||285
simd_f_t|||2|||9|||92|||285
simd_cf_t|||2|||9|||100|||285
simd_cf_t|||3|||9|||141|||285
simd_f_t|||3|||9|||153|||285
simd_f_t|||4|||9|||165|||285
simd_cf_t|||4|||9|||173|||285
uint32_t|||3|||24|||34|||285
uint8_t|||2|||24|||42|||285
uint8_t|||3|||24|||66|||285
)|||18|||3|||30|||286
schedule(static)|||1|||6|||38|||286
)|||73|||10|||20|||286
)|||82|||11|||39|||286
)|||103|||13|||25|||286
)|||161|||17|||28|||286
)|||177|||19|||38|||286
i|||22|||2|||68|||287
i|||43|||3|||205|||287
i|||76|||6|||126|||287
c|||7|||7|||84|||287
void|||1|||0|||2|||288
void|||2|||1|||2|||288
void|||10|||10|||4|||288
void|||12|||13|||1|||288
void|||13|||14|||4|||288
void|||14|||14|||224|||288
void|||15|||14|||303|||288
void|||23|||25|||8|||288
=|||17|||3|||57|||289
=|||18|||3|||64|||289
=|||19|||3|||71|||289
=|||27|||4|||86|||289
=|||75|||11|||94|||289
=|||100|||13|||51|||289
=|||146|||19|||81|||289
=|||167|||23|||82|||289
=|||168|||23|||92|||289
side|||4|||11|||69|||290
side|||5|||11|||76|||290
side|||6|||11|||104|||290
side|||7|||11|||106|||290
side|||8|||11|||127|||290
side|||9|||11|||129|||290
side|||10|||11|||165|||290
side|||11|||11|||187|||290
{|||5|||1|||47|||291
{|||9|||2|||55|||291
{|||11|||3|||52|||291
{|||14|||4|||57|||291
{|||26|||7|||52|||291
{|||29|||8|||53|||291
{|||38|||10|||49|||291
{|||42|||11|||63|||291
{|||47|||12|||50|||291
{|||80|||19|||70|||291
{|||85|||21|||63|||291
{|||86|||21|||72|||291
{|||93|||23|||47|||291
(|||106|||13|||101|||292
(|||123|||14|||133|||292
data_rows|||3|||16|||132|||292
0|||55|||16|||193|||292
(|||166|||17|||127|||292
(|||184|||19|||123|||292
d|||13|||21|||145|||292
(|||225|||25|||104|||292
)|||2|||0|||39|||293
)|||26|||4|||39|||293
)|||83|||11|||62|||293
if|||16|||16|||44|||293
)|||162|||17|||82|||293
)|||202|||23|||46|||293
[|||29|||3|||175|||294
[|||76|||11|||178|||294
[|||77|||11|||192|||294
[|||78|||11|||201|||294
]|||32|||3|||200|||295
]|||86|||13|||105|||295
]|||124|||25|||195|||295
)|||19|||3|||35|||296
)|||28|||4|||99|||296
)|||38|||5|||75|||296
)|||56|||9|||39|||296
)|||57|||9|||44|||296
)|||60|||9|||66|||296
)|||75|||10|||58|||296
)|||76|||10|||79|||296
)|||77|||10|||95|||296
schedule(static,1)|||1|||12|||33|||296
)|||99|||12|||83|||296
)|||104|||13|||45|||296
)|||119|||14|||94|||296
)|||120|||14|||105|||296
fprintf|||4|||16|||76|||296
)|||179|||19|||100|||296
)|||205|||23|||102|||296
)|||207|||24|||31|||296
)|||212|||24|||74|||296
)|||214|||24|||84|||296
)|||220|||25|||54|||296
)|||223|||25|||75|||296
i|||20|||2|||49|||297
i|||92|||8|||56|||297
i|||129|||11|||67|||297
i|||148|||15|||44|||297
i|||150|||15|||53|||297
i|||169|||19|||45|||297
i|||170|||19|||53|||297
;|||64|||6|||46|||298
;|||177|||14|||154|||298
++|||33|||16|||149|||298
%|||12|||16|||157|||298
,|||9|||4|||14|||299
,|||12|||4|||27|||299
,|||14|||4|||33|||299
,|||28|||6|||17|||299
,|||46|||10|||10|||299
,|||52|||11|||15|||299
,|||56|||11|||27|||299
,|||103|||16|||16|||299
,|||123|||17|||20|||299
,|||161|||25|||14|||299
{|||18|||4|||153|||300
{|||20|||5|||76|||300
{|||40|||10|||133|||300
{|||48|||12|||59|||300
nowait|||1|||6|||39|||301
nowait|||2|||6|||77|||301
nowait|||3|||6|||109|||301
loopcnt=LOOPCNT|||1|||14|||143|||301
best|||3|||23|||115|||301
CLAMP|||1|||4|||101|||302
UINT_MIN|||1|||14|||173|||302
MRIvox|||1|||17|||101|||302
MRIgetVoxVal|||1|||17|||163|||302
MRIvox|||2|||17|||204|||302
fields|||1|||13|||18|||303
fields|||2|||13|||102|||303
fields|||3|||13|||132|||303
;|||94|||9|||120|||304
;|||161|||13|||99|||304
;|||179|||14|||188|||304
;|||180|||14|||197|||304
(|||155|||16|||190|||304
;|||240|||17|||188|||304
;|||314|||25|||170|||304
]|||6|||2|||53|||305
]|||14|||3|||63|||305
]|||15|||3|||70|||305
]|||39|||5|||90|||305
]|||43|||6|||63|||305
]|||46|||6|||102|||305
▁|||2|||7|||66|||305
]|||55|||8|||60|||305
]|||56|||8|||70|||305
]|||68|||10|||64|||305
]|||82|||11|||281|||305
]|||116|||23|||63|||305
]|||118|||25|||82|||305
;|||100|||9|||182|||306
;|||101|||9|||193|||306
;|||191|||14|||296|||306
;|||71|||6|||120|||307
;|||117|||10|||129|||307
;|||134|||11|||250|||307
;|||213|||16|||143|||307
int|||61|||16|||163|||307
j|||50|||16|||232|||307
;|||310|||25|||98|||307
;|||312|||25|||118|||307
;|||313|||25|||124|||307
=|||59|||9|||167|||308
=|||68|||10|||115|||308
=|||69|||10|||123|||308
=|||78|||11|||126|||308
=|||86|||11|||285|||308
=|||119|||14|||279|||308
=|||149|||19|||129|||308
=|||170|||23|||109|||308
(|||15|||2|||44|||309
(|||33|||4|||146|||309
(|||50|||7|||54|||309
(|||62|||9|||84|||309
(|||83|||11|||49|||309
(|||118|||14|||69|||309
(|||139|||15|||43|||309
==|||10|||16|||47|||309
(|||168|||17|||151|||309
(|||169|||17|||164|||309
(|||224|||25|||87|||309
(|||227|||25|||130|||309
(|||228|||25|||139|||309
)|||63|||9|||98|||310
)|||88|||11|||185|||310
)|||124|||14|||161|||310
)|||125|||14|||170|||310
)|||152|||16|||164|||310
"|||19|||16|||180|||310
)|||168|||17|||159|||310
)|||186|||19|||152|||310
)|||187|||19|||157|||310
;|||119|||11|||47|||311
;|||164|||14|||30|||311
;|||166|||14|||40|||311
;|||168|||14|||50|||311
*|||20|||4|||84|||312
*|||69|||14|||61|||312
*|||70|||14|||62|||312
*|||75|||14|||207|||312
*|||78|||14|||225|||312
xp|||1|||14|||39|||313
xp|||4|||14|||182|||313
xp|||6|||14|||203|||313
xp|||9|||14|||243|||313
;|||31|||3|||76|||314
;|||127|||11|||115|||314
;|||150|||12|||68|||314
;|||152|||12|||86|||314
;|||173|||14|||106|||314
▁|||21|||16|||93|||314
;|||254|||19|||86|||314
;|||292|||23|||96|||314
;|||307|||25|||76|||314
)|||7|||0|||93|||315
schedule(static)|||3|||6|||108|||315
)|||78|||10|||101|||315
)|||121|||14|||110|||315
)|||136|||14|||305|||315
)|||180|||19|||105|||315
)|||196|||21|||120|||315
)|||215|||24|||87|||315
u_int|||1|||1|||10|||316
int|||7|||4|||7|||316
int|||26|||11|||7|||316
int|||45|||13|||15|||316
int|||89|||24|||8|||316
;|||12|||1|||43|||317
;|||25|||3|||36|||317
;|||41|||4|||43|||317
;|||65|||6|||50|||317
;|||121|||11|||59|||317
;|||249|||19|||47|||317
;|||268|||21|||55|||317
{|||2|||0|||40|||318
(|||145|||16|||52|||318
{|||98|||25|||36|||318
{|||99|||25|||45|||318
{|||100|||25|||69|||318
;|||39|||3|||207|||319
;|||155|||12|||147|||319
angle|||4|||19|||156|||319
;|||1|||0|||23|||320
;|||9|||1|||20|||320
;|||133|||11|||244|||320
;|||203|||16|||27|||320
;|||246|||18|||33|||320
;|||265|||21|||32|||320
;|||304|||25|||26|||320
*|||13|||3|||196|||321
*|||47|||11|||144|||321
*|||117|||24|||110|||321
*|||118|||24|||116|||321
rcpb|||2|||9|||107|||322
rcpb|||3|||9|||166|||322
rcpb|||4|||9|||180|||322
xdim0_update_halo_kernel3_minus_4_b|||2|||13|||78|||322
xdim1_update_halo_kernel3_minus_4_b|||1|||13|||93|||322
xdim1_update_halo_kernel3_minus_4_b|||2|||13|||97|||322
(|||34|||4|||155|||323
(|||63|||9|||96|||323
(|||64|||9|||104|||323
(|||90|||11|||207|||323
(|||93|||11|||246|||323
(|||102|||12|||140|||323
(|||107|||13|||110|||323
(|||127|||14|||176|||323
(|||131|||14|||223|||323
fid|||8|||16|||178|||323
(|||171|||17|||190|||323
(|||229|||25|||141|||323
8|||2|||0|||81|||324
8|||3|||0|||92|||324
g_arrBackGroud|||4|||2|||74|||324
ii|||3|||12|||73|||324
rand_d|||3|||19|||74|||324
LOOPCNT|||1|||14|||34|||325
LOOPCNT|||2|||14|||93|||325
LOOPCNT|||3|||14|||104|||325
28|||1|||24|||83|||325
for|||5|||2|||29|||326
for|||10|||5|||93|||326
for|||14|||6|||79|||326
for|||16|||6|||111|||326
for|||19|||8|||33|||326
for|||21|||9|||125|||326
for|||24|||10|||67|||326
0|||56|||16|||207|||326
"|||21|||16|||221|||326
for|||53|||21|||97|||326
for|||57|||25|||112|||326
}|||46|||12|||75|||327
}|||47|||12|||76|||327
}|||86|||21|||125|||327
else|||1|||4|||134|||328
else|||2|||4|||144|||328
else|||3|||8|||65|||328
else|||4|||9|||123|||328
else|||5|||10|||113|||328
else|||6|||14|||129|||328
#else|||1|||14|||239|||328
j|||47|||16|||205|||328
else|||8|||21|||126|||328
#else|||2|||24|||109|||328
else|||9|||25|||60|||328
else|||10|||25|||172|||328
}|||26|||7|||93|||329
;|||86|||8|||76|||329
;|||281|||22|||46|||329
;|||303|||24|||121|||329
OPS_ACC|||1|||13|||109|||330
OPS_ACC|||2|||13|||120|||330
OPS_ACC|||3|||13|||139|||330
OPS_ACC|||4|||13|||150|||330
SS3D_Mtx_Transform|||1|||15|||1|||330
=|||5|||0|||74|||331
=|||9|||1|||56|||331
=|||14|||2|||65|||331
=|||61|||9|||212|||331
=|||87|||11|||309|||331
=|||93|||12|||61|||331
=|||145|||19|||73|||331
=|||156|||21|||77|||331
=|||160|||22|||38|||331
;|||178|||14|||158|||332
;|||189|||14|||264|||332
;|||235|||17|||117|||332
)|||33|||4|||152|||333
)|||34|||4|||161|||333
)|||101|||12|||137|||333
)|||102|||12|||144|||333
)|||227|||25|||136|||333
,|||60|||11|||45|||334
,|||85|||14|||26|||334
,|||86|||14|||28|||334
,|||126|||17|||34|||334
,|||127|||17|||36|||334
,|||128|||17|||38|||334
data_cols|||2|||16|||99|||335
(|||148|||16|||105|||335
==|||11|||16|||120|||335
j|||46|||16|||171|||335
}|||67|||16|||240|||335
%|||16|||21|||131|||335
=|||25|||4|||60|||336
=|||38|||6|||58|||336
=|||64|||10|||39|||336
=|||72|||11|||66|||336
=|||91|||12|||40|||336
=|||92|||12|||52|||336
=|||106|||14|||48|||336
=|||144|||19|||60|||336
=|||164|||23|||57|||336
=|||165|||23|||66|||336
=|||172|||24|||36|||336
=|||173|||24|||44|||336
,|||32|||7|||56|||337
,|||63|||12|||90|||337
)|||146|||16|||84|||337
"|||14|||16|||97|||337
int|||5|||3|||15|||338
int|||13|||5|||10|||338
int|||14|||6|||3|||338
int|||15|||6|||27|||338
int|||22|||9|||18|||338
int|||27|||11|||10|||338
int|||40|||12|||0|||338
int|||50|||14|||0|||338
int|||55|||15|||16|||338
int|||63|||17|||0|||338
int|||68|||19|||3|||338
int|||73|||19|||151|||338
int|||74|||20|||1|||338
int|||81|||22|||13|||338
int|||90|||25|||22|||338
static|||1|||1|||1|||339
weightvg_update_vg|||1|||4|||1|||339
srslte_vec_div_cfc_simd|||1|||9|||1|||339
test_omp_parallel_for_ordered|||1|||12|||1|||339
▁|||16|||16|||57|||339
the|||1|||25|||1|||339
inner|||1|||25|||2|||339
iterations|||1|||25|||3|||339
of|||1|||25|||4|||339
the|||2|||25|||5|||339
PPCG|||1|||25|||6|||339
solver|||1|||25|||7|||339
run_ppcg_inner_iteration|||1|||25|||138|||339
uint64_t|||1|||0|||10|||340
uint64_t|||2|||0|||13|||340
cf_t|||1|||9|||4|||340
cf_t|||2|||9|||13|||340
size_t|||1|||14|||9|||340
uint32_t|||1|||24|||4|||340
uint8_t|||1|||24|||11|||340
uint32_t|||2|||24|||17|||340
i|||3|||0|||37|||341
i|||5|||0|||54|||341
i|||12|||1|||32|||341
i|||14|||1|||44|||341
i|||47|||4|||54|||341
i|||112|||10|||42|||341
i|||128|||11|||61|||341
i|||137|||12|||43|||341
:|||1|||4|||79|||342
:|||2|||4|||93|||342
▁|||1|||7|||61|||342
:|||4|||11|||211|||342
:|||5|||11|||238|||342
:|||7|||14|||236|||342
]|||10|||2|||72|||343
]|||35|||4|||78|||343
]|||38|||5|||83|||343
]|||45|||6|||95|||343
]|||63|||9|||189|||343
]|||103|||19|||77|||343
]|||114|||22|||42|||343
*|||38|||11|||34|||344
*|||93|||17|||22|||344
*|||113|||24|||18|||344
*|||120|||25|||16|||344
[|||4|||1|||53|||345
[|||9|||2|||67|||345
[|||14|||3|||61|||345
[|||15|||3|||68|||345
[|||35|||4|||72|||345
,|||35|||7|||83|||345
[|||68|||10|||62|||345
)|||17|||3|||25|||346
)|||53|||8|||45|||346
)|||175|||18|||25|||346
)|||190|||21|||24|||346
)|||29|||4|||108|||347
)|||36|||5|||58|||347
)|||37|||5|||59|||347
)|||61|||9|||78|||347
)|||79|||10|||111|||347
)|||94|||11|||290|||347
)|||133|||14|||274|||347
)|||164|||17|||110|||347
)|||181|||19|||110|||347
)|||183|||19|||120|||347
}|||88|||21|||140|||347
=|||33|||5|||64|||348
▁|||3|||7|||69|||348
=|||130|||17|||53|||348
largest|||1|||10|||31|||349
largest|||2|||10|||57|||349
largest|||3|||10|||59|||349
largest|||4|||10|||92|||349
largest|||5|||10|||104|||349
largest|||6|||10|||116|||349
known|||1|||12|||93|||349
larger|||1|||12|||127|||349
▁|||19|||16|||65|||349
▁|||20|||16|||67|||349
cnt|||2|||21|||122|||349
best|||2|||23|||108|||349
i|||84|||7|||77|||350
;|||207|||16|||74|||350
"|||13|||16|||90|||350
i|||154|||16|||126|||350
data_rows|||4|||16|||197|||350
++|||34|||16|||200|||350
i|||183|||21|||136|||350
}|||89|||21|||152|||350
>>|||1|||0|||85|||351
/|||1|||6|||70|||351
/|||2|||9|||217|||351
/|||3|||10|||89|||351
/|||4|||10|||93|||351
/|||5|||10|||105|||351
/|||6|||10|||145|||351
/|||7|||11|||68|||351
/|||8|||11|||164|||351
/|||9|||11|||186|||351
/|||10|||12|||84|||351
for|||39|||16|||66|||351
/|||12|||19|||143|||351
>>|||2|||23|||87|||351
>>|||3|||24|||48|||351
>>|||4|||24|||58|||351
>>|||5|||24|||72|||351
>>|||6|||24|||82|||351
i|||4|||0|||45|||352
i|||50|||4|||80|||352
i|||51|||4|||91|||352
i|||57|||5|||95|||352
i|||68|||6|||81|||352
i|||70|||6|||89|||352
i|||73|||6|||113|||352
;|||79|||7|||90|||352
i|||96|||9|||63|||352
i|||116|||10|||69|||352
i|||118|||10|||78|||352
i|||119|||10|||87|||352
(|||10|||1|||27|||353
(|||18|||3|||28|||353
(|||143|||16|||36|||353
The|||1|||16|||54|||353
"|||24|||16|||247|||353
(|||170|||17|||177|||353
{|||6|||2|||4|||354
{|||13|||4|||40|||354
{|||82|||21|||4|||354
}|||36|||9|||224|||355
}|||42|||11|||312|||355
}|||43|||11|||313|||355
}|||44|||11|||314|||355
}|||45|||11|||315|||355
}|||51|||13|||160|||355
ENDCOM|||5|||9|||33|||356
ENDCOM|||8|||13|||31|||356
#endif|||1|||9|||196|||357
#endif|||2|||24|||122|||357
9|||1|||0|||35|||358
10|||1|||2|||37|||358
log|||1|||10|||108|||358
100|||1|||10|||118|||358
thresh|||2|||11|||289|||358
7|||1|||14|||72|||358
30|||1|||23|||31|||358
;|||107|||10|||35|||359
;|||167|||14|||45|||359
;|||224|||17|||42|||359
;|||225|||17|||45|||359
;|||226|||17|||51|||359
;|||284|||23|||35|||359
;|||287|||23|||54|||359
for|||3|||1|||26|||360
for|||4|||2|||15|||360
for|||9|||5|||61|||360
for|||11|||6|||37|||360
for|||22|||9|||197|||360
for|||44|||17|||70|||360
for|||47|||18|||12|||360
for|||49|||19|||56|||360
x|||2|||9|||38|||361
x|||3|||9|||74|||361
x|||4|||9|||147|||361
x|||5|||9|||213|||361
x|||6|||11|||152|||361
n_x|||1|||13|||50|||361
n_x|||2|||13|||54|||361
n_x|||3|||13|||58|||361
vol_flux_x|||1|||13|||63|||361
n_x|||4|||13|||68|||361
mass_flux_x|||1|||13|||82|||361
n_x|||5|||13|||87|||361
vol_flux_x|||2|||13|||111|||361
vol_flux_x|||3|||13|||122|||361
mass_flux_x|||2|||13|||141|||361
mass_flux_x|||3|||13|||152|||361
DEBUG_X|||1|||17|||130|||361
)|||4|||0|||78|||362
)|||9|||1|||19|||362
)|||11|||1|||60|||362
=|||47|||7|||88|||362
)|||58|||9|||49|||362
)|||59|||9|||50|||362
)|||130|||14|||208|||362
d|||7|||16|||92|||362
)|||210|||24|||60|||362
)|||222|||25|||68|||362
+|||4|||3|||184|||363
+|||9|||6|||135|||363
+|||11|||9|||133|||363
+|||35|||21|||83|||363
||||1|||23|||74|||363
<<|||2|||23|||77|||363
||||2|||24|||54|||363
+|||37|||24|||98|||363
n|||3|||6|||87|||364
n|||4|||6|||119|||364
n|||6|||8|||28|||364
n|||7|||8|||41|||364
n|||9|||10|||44|||364
n|||10|||10|||75|||364
n|||11|||10|||128|||364
n|||18|||11|||142|||364
nx|||2|||22|||28|||364
==|||2|||8|||50|||365
==|||4|||12|||142|||365
==|||5|||13|||106|||365
==|||6|||13|||136|||365
==|||9|||14|||232|||365
i|||156|||16|||134|||365
==|||12|||17|||129|||365
==|||13|||17|||133|||365
==|||14|||17|||137|||365
==|||15|||21|||69|||365
==|||16|||21|||118|||365
==|||17|||24|||92|||365
==|||19|||25|||66|||365
==|||20|||25|||134|||365
==|||21|||25|||178|||365
}|||2|||0|||95|||366
}|||3|||0|||96|||366
}|||4|||1|||62|||366
}|||5|||1|||63|||366
}|||7|||2|||85|||366
}|||8|||2|||86|||366
}|||9|||2|||87|||366
}|||21|||5|||128|||366
}|||62|||15|||88|||366
real|||2|||3|||10|||367
nodes|||1|||1|||14|||368
get_maxnodes|||1|||1|||16|||368
nodes|||2|||1|||34|||368
update_ghost_nodes|||1|||3|||22|||368
nodes|||3|||3|||45|||368
nodes|||4|||3|||93|||368
nodes|||5|||3|||172|||368
nodes|||6|||3|||190|||368
weights|||2|||4|||61|||368
mtx|||2|||15|||61|||368
xpp|||7|||14|||251|||369
xpp|||8|||14|||299|||369
node_no|||1|||1|||21|||370
#if|||1|||9|||27|||370
;|||13|||1|||61|||371
;|||20|||2|||73|||371
buffersize|||3|||7|||89|||371
;|||132|||11|||217|||371
)|||32|||4|||131|||372
)|||62|||9|||90|||372
)|||87|||11|||163|||372
)|||166|||17|||139|||372
)|||226|||25|||127|||372
index|||8|||11|||220|||373
index|||10|||11|||304|||373
;|||22|||3|||21|||374
;|||23|||3|||26|||374
;|||24|||3|||31|||374
;|||87|||9|||26|||374
;|||105|||10|||24|||374
;|||142|||12|||13|||374
;|||143|||12|||16|||374
;|||145|||12|||24|||374
;|||194|||15|||15|||374
;|||204|||16|||32|||374
;|||227|||17|||57|||374
;|||229|||17|||69|||374
;|||283|||23|||32|||374
;|||286|||23|||41|||374
;|||296|||24|||25|||374
}|||11|||3|||208|||375
}|||12|||3|||211|||375
}|||57|||14|||229|||375
}|||71|||17|||216|||375
}|||72|||17|||217|||375
}|||73|||17|||218|||375
}|||74|||17|||219|||375
}|||75|||17|||225|||375
}|||96|||24|||124|||375
}|||101|||25|||182|||375
}|||102|||25|||183|||375
}|||103|||25|||184|||375
&&|||2|||4|||120|||376
&&|||5|||9|||40|||376
&&|||6|||9|||45|||376
&&|||8|||12|||145|||376
&&|||11|||17|||131|||376
&&|||12|||17|||135|||376
&&|||13|||17|||155|||376
box|||1|||11|||33|||377
boxes|||1|||11|||35|||377
boxes|||2|||11|||147|||377
boxes|||3|||11|||169|||377
boxes|||4|||11|||191|||377
boxes|||5|||11|||218|||377
probs|||2|||11|||278|||377
[|||89|||14|||164|||378
UINT_MAX|||1|||14|||177|||378
"|||20|||16|||182|||378
[|||105|||19|||149|||378
[|||119|||25|||143|||378
==|||1|||2|||46|||379
==|||3|||9|||31|||379
==|||7|||14|||21|||379
==|||8|||14|||88|||379
)|||144|||16|||49|||379
{|||64|||16|||50|||379
BUFTYPE|||1|||17|||46|||379
==|||18|||25|||42|||379
count|||1|||1|||22|||380
internal_count|||1|||3|||47|||380
stencil_size|||1|||3|||85|||380
count|||2|||5|||13|||380
count|||3|||5|||81|||380
count|||4|||5|||113|||380
FLT_MAX|||1|||10|||34|||380
x_size|||1|||13|||21|||380
start|||3|||19|||32|||380
ppcg_inner_steps|||1|||25|||97|||380
=|||56|||9|||102|||381
srslte_simd_cfi_store|||1|||9|||110|||381
=|||60|||9|||175|||381
=|||80|||11|||175|||381
=|||81|||11|||197|||381
=|||114|||14|||167|||381
,|||20|||4|||157|||382
,|||42|||9|||106|||382
,|||62|||11|||233|||382
,|||91|||14|||178|||382
,|||135|||17|||168|||382
,|||136|||17|||170|||382
,|||137|||17|||172|||382
)|||12|||2|||3|||383
401|||1|||10|||2|||383
)|||189|||21|||3|||383
status|||1|||14|||254|||384
NC_NOERR|||3|||14|||291|||384
status|||2|||14|||293|||384
status|||3|||14|||309|||384
fopen|||1|||16|||35|||385
MRI|||1|||17|||3|||385
MRI|||2|||17|||7|||385
MRI|||3|||17|||11|||385
MRI|||4|||17|||21|||385
MRI|||5|||17|||25|||385
-|||1|||0|||34|||386
-|||2|||0|||71|||386
-|||3|||0|||88|||386
-|||4|||3|||102|||386
-|||5|||6|||132|||386
-|||6|||9|||58|||386
-|||7|||9|||131|||386
-|||8|||10|||33|||386
-|||9|||10|||91|||386
-|||10|||10|||117|||386
-|||11|||10|||147|||386
-|||12|||13|||118|||386
-|||13|||13|||148|||386
-|||14|||14|||101|||386
-|||15|||19|||91|||386
-|||16|||23|||84|||386
;|||97|||9|||152|||387
;|||154|||12|||138|||387
;|||160|||13|||80|||387
;|||162|||13|||129|||387
;|||181|||14|||211|||387
;|||237|||17|||143|||387
;|||241|||17|||203|||387
;|||258|||19|||139|||387
;|||259|||19|||147|||387
0x80|||1|||0|||22|||388
GammaHV|||1|||3|||151|||388
X_SIZEOF_USHORT|||1|||14|||20|||388
SIZEOF_USHORT|||1|||14|||22|||388
SIZEOF_USHORT|||2|||14|||75|||388
SIZEOF_USHORT|||3|||14|||121|||388
X_SIZEOF_USHORT|||2|||14|||270|||388
FindBestGray|||1|||23|||2|||388
bestDist|||1|||23|||27|||388
=|||22|||3|||106|||389
=|||42|||6|||128|||389
=|||70|||10|||138|||389
=|||95|||12|||78|||389
=|||96|||12|||97|||389
=|||97|||12|||106|||389
=|||111|||14|||125|||389
=|||169|||23|||105|||389
=|||175|||24|||100|||389
=|||176|||24|||106|||389
=|||177|||24|||113|||389
{|||4|||1|||9|||390
{|||19|||5|||9|||390
{|||22|||6|||26|||390
{|||24|||7|||13|||390
{|||27|||8|||14|||390
{|||46|||12|||4|||390
{|||76|||18|||11|||390
{|||81|||20|||7|||390
{|||90|||22|||16|||390
{|||97|||25|||19|||390
++|||6|||3|||88|||391
++|||13|||6|||90|||391
++|||20|||10|||77|||391
++|||23|||11|||88|||391
++|||27|||13|||59|||391
index|||1|||3|||75|||392
index|||2|||3|||91|||392
index|||3|||3|||109|||392
index|||4|||11|||93|||392
pixel|||3|||23|||110|||392
]|||1|||0|||20|||393
]|||13|||3|||56|||393
]|||34|||4|||64|||393
]|||48|||6|||134|||393
]|||67|||10|||55|||393
]|||88|||14|||35|||393
]|||92|||15|||38|||393
]|||95|||15|||67|||393
]|||107|||21|||29|||393
]|||108|||21|||76|||393
]|||115|||23|||24|||393
]|||119|||25|||145|||393
const|||15|||24|||33|||394
const|||16|||24|||41|||394
const|||17|||24|||65|||394
)|||10|||1|||46|||395
)|||20|||3|||51|||395
)|||21|||3|||89|||395
)|||27|||4|||56|||395
)|||39|||5|||107|||395
)|||52|||8|||32|||395
)|||72|||9|||206|||395
)|||74|||10|||48|||395
)|||97|||12|||49|||395
)|||115|||14|||56|||395
)|||178|||19|||69|||395
)|||193|||21|||71|||395
)|||200|||22|||32|||395
=|||15|||2|||81|||396
=|||34|||5|||84|||396
}|||24|||7|||91|||396
=|||51|||8|||74|||396
=|||98|||12|||129|||396
=|||115|||14|||204|||396
=|||178|||24|||119|||396
y|||4|||9|||43|||397
y|||5|||9|||86|||397
y|||6|||9|||159|||397
y|||10|||17|||86|||397
y|||11|||17|||90|||397
y|||12|||17|||94|||397
y|||13|||17|||107|||397
y|||14|||17|||132|||397
y|||17|||17|||195|||397
y|||18|||17|||210|||397
1|||3|||0|||89|||398
1|||14|||11|||181|||398
1|||17|||12|||23|||398
1|||30|||23|||29|||398
<<|||1|||23|||30|||398
true|||2|||25|||197|||398
<=|||1|||0|||32|||399
<=|||2|||0|||59|||399
>=|||1|||2|||22|||399
<=|||3|||6|||118|||399
<=|||4|||8|||27|||399
<=|||5|||8|||40|||399
<=|||6|||17|||157|||399
<=|||7|||21|||19|||399
<=|||8|||21|||42|||399
<=|||9|||21|||57|||399
<=|||10|||21|||105|||399
kernel_language|||1|||25|||41|||400
kernel_language|||2|||25|||65|||400
kernel_language|||3|||25|||133|||400
kernel_language|||4|||25|||177|||400
;|||28|||3|||59|||401
;|||66|||6|||72|||401
;|||69|||6|||104|||401
;|||123|||11|||77|||401
;|||169|||14|||66|||401
;|||183|||14|||219|||401
(|||146|||16|||77|||401
;|||228|||17|||63|||401
;|||288|||23|||64|||401
;|||311|||25|||111|||401
;|||29|||3|||66|||402
;|||30|||3|||73|||402
;|||58|||5|||91|||402
;|||110|||10|||65|||402
;|||126|||11|||100|||402
;|||170|||14|||76|||402
;|||253|||19|||78|||402
;|||270|||21|||88|||402
)|||8|||1|||8|||403
)|||46|||7|||12|||403
)|||51|||8|||13|||403
)|||188|||20|||6|||403
)|||199|||22|||15|||403
▁|||5|||12|||96|||404
▁|||6|||12|||98|||404
▁|||7|||12|||101|||404
▁|||8|||12|||103|||404
▁|||9|||12|||105|||404
▁|||10|||12|||107|||404
▁|||11|||12|||110|||404
)|||147|||16|||102|||404
fid|||10|||16|||243|||404
;|||61|||5|||123|||405
printf|||3|||21|||141|||405
int|||1|||0|||26|||406
int|||3|||2|||5|||406
int|||10|||4|||28|||406
int|||23|||9|||22|||406
int|||51|||14|||41|||406
int|||60|||16|||28|||406
,|||115|||16|||179|||406
int|||77|||21|||36|||406
int|||86|||23|||33|||406
{|||7|||2|||28|||407
{|||8|||2|||42|||407
{|||23|||6|||34|||407
{|||25|||7|||42|||407
{|||28|||8|||46|||407
{|||32|||9|||51|||407
{|||43|||11|||91|||407
{|||44|||11|||258|||407
{|||50|||13|||46|||407
{|||61|||15|||34|||407
{|||72|||17|||83|||407
{|||79|||19|||39|||407
{|||83|||21|||25|||407
{|||91|||22|||33|||407
1|||2|||0|||56|||408
1|||9|||8|||24|||408
1|||16|||11|||239|||408
1|||25|||21|||16|||408
1|||28|||21|||84|||408
int|||2|||0|||53|||409
int|||48|||13|||34|||409
int|||92|||25|||114|||409
temp_sol|||1|||3|||8|||410
step_sol|||1|||3|||12|||410
x_sol|||1|||3|||53|||410
do_rem|||1|||4|||35|||410
mri_mean|||1|||17|||23|||410
1|||1|||0|||29|||411
1|||10|||8|||37|||411
1|||15|||11|||212|||411
4|||2|||15|||29|||411
1|||26|||21|||39|||411
++|||2|||0|||63|||412
,|||116|||16|||220|||412
++|||37|||17|||95|||412
++|||47|||21|||109|||412
mri|||1|||17|||5|||413
mri|||2|||17|||54|||413
mri|||3|||17|||60|||413
mri|||4|||17|||66|||413
mri|||5|||17|||165|||413
y|||2|||6|||124|||414
y|||7|||9|||218|||414
x|||11|||17|||128|||414
x|||12|||17|||167|||414
y|||15|||17|||169|||414
x|||13|||17|||180|||414
y|||16|||17|||182|||414
ENDCOM|||12|||24|||95|||415
srslte_simd_cfi_loadu|||1|||9|||144|||416
j|||25|||11|||247|||416
j|||26|||11|||251|||416
[|||2|||0|||42|||417
g_arrBackGroud|||1|||2|||47|||417
[|||5|||2|||48|||417
[|||54|||8|||55|||417
[|||99|||18|||5|||417
rand_d|||2|||19|||43|||417
[|||101|||19|||44|||417
[|||111|||22|||5|||417
[|||113|||22|||35|||417
--|||2|||14|||266|||418
++|||29|||14|||273|||418
++|||40|||17|||214|||418
++|||50|||23|||53|||418
++|||51|||24|||39|||418
++|||52|||24|||105|||418
++|||53|||24|||112|||418
++|||54|||24|||118|||418
;|||4|||0|||49|||419
;|||106|||10|||29|||419
;|||198|||15|||41|||419
(|||144|||16|||45|||419
;|||238|||17|||149|||419
)|||55|||9|||20|||420
)|||206|||24|||14|||420
,|||34|||7|||78|||421
"|||6|||12|||134|||421
;|||205|||16|||43|||421
}|||63|||16|||75|||421
;|||208|||16|||85|||421
%|||9|||16|||91|||421
,|||109|||16|||98|||421
"|||15|||16|||108|||421
<|||31|||16|||196|||421
"|||23|||16|||245|||421
int|||4|||2|||10|||422
int|||17|||7|||10|||422
int|||20|||8|||11|||422
int|||41|||12|||5|||422
int|||43|||12|||11|||422
int|||56|||16|||11|||422
int|||76|||21|||13|||422
calc_angles_RR|||1|||19|||1|||423
pif|||1|||19|||144|||423
WEBP_SWAP_16BIT_CSP|||1|||24|||91|||423
(|||7|||0|||86|||424
(|||19|||3|||33|||424
(|||30|||4|||111|||424
(|||36|||5|||45|||424
(|||38|||5|||62|||424
(|||58|||9|||42|||424
(|||61|||9|||72|||424
(|||91|||11|||226|||424
(|||99|||12|||79|||424
(|||115|||14|||54|||424
(|||120|||14|||99|||424
(|||178|||19|||57|||424
(|||179|||19|||98|||424
(|||182|||19|||113|||424
(|||192|||21|||50|||424
(|||194|||21|||78|||424
(|||196|||21|||113|||424
(|||207|||24|||27|||424
(|||214|||24|||79|||424
(|||215|||24|||80|||424
(|||219|||25|||38|||424
(|||221|||25|||49|||424
)|||96|||12|||3|||425
)|||174|||18|||10|||425
)|||217|||25|||18|||425
;|||14|||2|||9|||426
;|||51|||5|||16|||426
;|||73|||7|||18|||426
;|||80|||8|||19|||426
;|||141|||12|||10|||426
;|||244|||18|||18|||426
;|||262|||21|||10|||426
;|||277|||22|||19|||426
[|||6|||2|||51|||427
[|||16|||3|||96|||427
[|||40|||5|||112|||427
[|||41|||5|||120|||427
[|||55|||8|||58|||427
[|||70|||10|||135|||427
[|||73|||11|||148|||427
[|||106|||21|||7|||427
return|||1|||3|||209|||428
return|||2|||5|||125|||428
return|||3|||12|||139|||428
return|||4|||14|||230|||428
return|||5|||14|||308|||428
fid|||4|||16|||78|||428
return|||7|||17|||220|||428
return|||8|||20|||8|||428
return|||9|||22|||45|||428
return|||10|||23|||114|||428
m2|||1|||5|||7|||429
m2|||2|||5|||36|||429
m2|||3|||5|||50|||429
m2|||4|||5|||101|||429
m2|||5|||5|||117|||429
nowait_example2|||1|||6|||1|||429
check_i_islarger2|||1|||12|||62|||429
x2|||1|||19|||49|||429
y2|||1|||19|||80|||429
x2|||2|||19|||90|||429
y2|||2|||19|||92|||429
+|||6|||5|||35|||430
{|||68|||16|||188|||430
+|||33|||19|||33|||430
+|||36|||24|||23|||430
,|||18|||4|||106|||431
,|||24|||5|||53|||431
,|||76|||13|||114|||431
,|||77|||13|||123|||431
,|||78|||13|||125|||431
,|||79|||13|||142|||431
,|||80|||13|||144|||431
,|||81|||13|||153|||431
\n|||9|||16|||246|||431
,|||142|||17|||194|||431
,|||143|||17|||196|||431
"|||1|||7|||57|||432
"|||3|||12|||91|||432
"|||4|||12|||112|||432
▁|||15|||16|||55|||432
major|||2|||16|||119|||432
+|||31|||16|||170|||432
"|||25|||21|||130|||432
i|||31|||3|||97|||433
i|||58|||5|||99|||433
i|||71|||6|||94|||433
i|||104|||9|||188|||433
j|||48|||16|||209|||433
j|||49|||16|||213|||433
i|||179|||21|||100|||433
i|||180|||21|||104|||433
i|||181|||21|||108|||433
++|||4|||2|||40|||434
++|||7|||4|||55|||434
++|||9|||5|||82|||434
++|||12|||6|||52|||434
++|||15|||7|||40|||434
++|||16|||8|||31|||434
++|||24|||11|||255|||434
++|||30|||15|||31|||434
++|||36|||17|||81|||434
++|||42|||19|||36|||434
++|||46|||21|||60|||434
++|||49|||22|||31|||434
void|||3|||2|||0|||435
void|||4|||3|||0|||435
void|||5|||4|||0|||435
void|||6|||6|||0|||435
void|||7|||7|||0|||435
void|||9|||9|||0|||435
void|||11|||11|||0|||435
void|||16|||15|||0|||435
void|||17|||16|||0|||435
void|||19|||19|||0|||435
void|||20|||21|||0|||435
void|||22|||24|||0|||435
0|||9|||3|||41|||436
0|||13|||3|||81|||436
0|||14|||4|||48|||436
0|||16|||5|||65|||436
0|||24|||10|||40|||436
0|||26|||10|||124|||436
0|||36|||13|||52|||436
0|||44|||14|||49|||436
0|||57|||17|||74|||436
0|||64|||19|||61|||436
,|||65|||12|||113|||437
=|||126|||16|||127|||437
;|||275|||21|||138|||437
,|||4|||3|||9|||438
,|||11|||4|||22|||438
,|||41|||9|||16|||438
,|||50|||11|||9|||438
,|||55|||11|||24|||438
,|||69|||13|||8|||438
,|||83|||14|||8|||438
,|||122|||17|||17|||438
,|||157|||23|||10|||438
j|||15|||3|||141|||439
j|||16|||3|||156|||439
col|||2|||11|||162|||439
fid|||7|||16|||154|||439
d|||10|||16|||158|||439
)|||1|||0|||15|||440
)|||16|||3|||13|||440
tp|||1|||14|||14|||440
)|||114|||14|||15|||440
)|||137|||15|||11|||440
)|||201|||23|||16|||440
:|||3|||7|||60|||441
]|||51|||7|||65|||441
]|||52|||7|||73|||441
d|||4|||12|||100|||441
d|||5|||12|||109|||441
d|||6|||12|||132|||441
data_rows|||2|||16|||101|||441
fprintf|||6|||16|||104|||441
)|||149|||16|||122|||441
)|||153|||16|||173|||441
(|||159|||16|||242|||441
\n|||10|||21|||133|||441
cnt|||3|||21|||149|||441
;|||7|||0|||94|||442
;|||21|||2|||83|||442
;|||151|||12|||74|||442
;|||242|||17|||215|||442
;|||295|||23|||116|||442
;|||299|||24|||88|||442
[|||12|||2|||78|||443
[|||30|||3|||180|||443
[|||37|||4|||90|||443
[|||64|||9|||209|||443
[|||96|||15|||70|||443
[|||104|||19|||83|||443
[|||109|||21|||80|||443
[|||122|||25|||161|||443
(|||41|||6|||42|||444
(|||68|||9|||157|||444
(|||79|||10|||109|||444
(|||80|||10|||121|||444
(|||92|||11|||234|||444
(|||110|||13|||131|||444
(|||124|||14|||150|||444
(|||133|||14|||259|||444
(|||152|||16|||153|||444
(|||165|||17|||113|||444
(|||186|||19|||150|||444
(|||190|||21|||12|||444
(|||202|||23|||43|||444
(|||218|||25|||21|||444
srslte_simd_f_rcp|||1|||9|||95|||445
srslte_simd_cf_mul|||1|||9|||103|||445
srslte_simd_f_rcp|||2|||9|||168|||445
srslte_simd_cf_mul|||2|||9|||176|||445
exp|||2|||10|||139|||445
scale|||1|||11|||117|||445
scale|||2|||11|||269|||445
scale|||3|||11|||310|||445
mri_std|||2|||17|||191|||445
}|||6|||2|||84|||446
}|||94|||23|||117|||446
#if|||2|||14|||17|||447
_SX|||1|||14|||18|||447
#|||1|||14|||311|||447
#if|||3|||24|||89|||447
}|||54|||14|||128|||448
}|||81|||20|||15|||448
(|||198|||21|||142|||448
"|||27|||21|||143|||448
}|||97|||25|||59|||448
,|||33|||7|||76|||449
\n|||2|||12|||111|||449
\n|||3|||12|||133|||449
return|||6|||16|||73|||449
,|||108|||16|||89|||449
fid|||6|||16|||106|||449
,|||111|||16|||107|||449
for|||40|||16|||124|||449
(|||150|||16|||125|||449
;|||218|||16|||198|||449
i|||160|||16|||199|||449
,|||152|||21|||135|||449
;|||276|||21|||151|||449
{|||39|||10|||80|||450
{|||55|||14|||95|||450
{|||87|||21|||111|||450
{|||88|||21|||121|||450
{|||89|||21|||127|||450
{|||94|||23|||103|||450
MDeformWeight|||1|||4|||10|||451
MDeformWeight|||2|||4|||83|||451
dw|||1|||4|||85|||451
dw|||2|||4|||112|||451
dw|||3|||4|||130|||451
dw|||4|||4|||136|||451
j|||6|||2|||63|||452
j|||31|||14|||79|||452
j|||39|||15|||37|||452
j|||41|||15|||66|||452
(|||158|||16|||227|||452
j|||52|||19|||63|||452
j|||57|||21|||56|||452
j|||59|||21|||66|||452
j|||60|||21|||75|||452
j|||64|||22|||26|||452
for|||1|||0|||24|||453
for|||6|||3|||37|||453
for|||8|||4|||44|||453
for|||17|||7|||29|||453
for|||18|||8|||20|||453
for|||23|||10|||36|||453
for|||26|||11|||48|||453
for|||28|||11|||245|||453
for|||30|||12|||37|||453
for|||31|||13|||30|||453
for|||32|||13|||32|||453
for|||37|||15|||21|||453
for|||48|||19|||23|||453
for|||54|||22|||20|||453
NC_NOERR|||2|||14|||256|||454
lstatus|||1|||14|||278|||454
lstatus|||2|||14|||289|||454
lstatus|||3|||14|||295|||454
;|||95|||9|||127|||455
;|||96|||9|||135|||455
;|||135|||11|||254|||455
;|||220|||16|||212|||455
time_step|||2|||3|||29|||456
cols|||1|||5|||22|||456
cols|||2|||5|||26|||456
rows|||1|||5|||30|||456
rows|||2|||5|||34|||456
rows|||3|||5|||38|||456
rows|||4|||5|||48|||456
rows|||5|||5|||52|||456
rows|||6|||5|||71|||456
rows|||7|||5|||103|||456
data_rows|||1|||16|||12|||456
data_range|||2|||16|||114|||456
j|||45|||16|||148|||456
fprintf|||9|||16|||217|||456
rows|||8|||19|||4|||456
start|||2|||19|||28|||456
rows|||9|||19|||34|||456
num_chunks_per_rank|||1|||25|||31|||456
0.0f|||1|||4|||105|||457
1.0f|||1|||4|||107|||457
180.0f|||1|||19|||146|||457
4.0f|||1|||19|||154|||457
0xf|||2|||24|||86|||457
row|||1|||11|||65|||458
row|||2|||11|||184|||458
Min|||2|||14|||175|||458
major|||1|||16|||18|||458
;|||212|||16|||133|||458
i|||7|||0|||62|||459
i|||18|||2|||21|||459
i|||54|||5|||67|||459
i|||81|||7|||35|||459
i|||88|||8|||22|||459
i|||164|||18|||23|||459
i|||173|||21|||23|||459
[|||20|||3|||120|||460
[|||48|||6|||130|||460
[|||49|||6|||137|||460
[|||57|||8|||71|||460
[|||62|||9|||160|||460
[|||71|||10|||142|||460
[|||80|||11|||228|||460
[|||83|||11|||282|||460
[|||84|||11|||303|||460
_|||2|||12|||126|||460
[|||123|||25|||166|||460
*|||40|||11|||96|||461
*|||52|||11|||263|||461
*|||54|||12|||81|||461
*|||76|||14|||209|||461
*|||77|||14|||220|||461
*|||82|||14|||298|||461
*|||84|||15|||68|||461
*|||97|||17|||201|||461
*|||104|||19|||145|||461
*|||110|||23|||94|||461
;|||92|||9|||99|||462
;|||93|||9|||109|||462
;|||130|||11|||168|||462
;|||131|||11|||190|||462
real|||1|||3|||6|||463
{|||12|||3|||90|||464
{|||16|||4|||125|||464
{|||21|||5|||108|||464
{|||33|||9|||67|||464
{|||35|||9|||140|||464
{|||51|||13|||61|||464
{|||52|||13|||65|||464
{|||56|||14|||111|||464
{|||66|||16|||137|||464
=|||129|||16|||206|||464
{|||73|||17|||97|||464
{|||104|||25|||181|||464
,|||21|||4|||159|||465
,|||44|||9|||179|||465
,|||74|||13|||96|||465
i|||159|||16|||195|||465
,|||139|||17|||181|||465
,|||140|||17|||183|||465
,|||141|||17|||192|||465
,|||165|||25|||147|||465
i|||55|||5|||74|||466
i|||75|||6|||121|||466
i|||97|||9|||76|||466
i|||105|||9|||200|||466
i|||106|||9|||204|||466
i|||107|||9|||210|||466
i|||108|||9|||215|||466
ENDCOM|||2|||6|||40|||467
ENDCOM|||9|||14|||23|||467
cdir|||1|||14|||142|||467
cdir|||2|||14|||146|||467
shortloop|||1|||14|||147|||467
ENDCOM|||11|||14|||148|||467
i|||28|||3|||55|||468
i|||83|||7|||49|||468
i|||90|||8|||30|||468
i|||130|||11|||74|||468
i|||165|||18|||29|||468
i|||174|||21|||28|||468
;|||34|||3|||104|||469
;|||47|||4|||109|||469
;|||55|||5|||60|||469
;|||90|||9|||79|||469
;|||128|||11|||123|||469
;|||175|||14|||127|||469
;|||234|||17|||111|||469
;|||250|||19|||55|||469
;|||256|||19|||121|||469
;|||297|||24|||40|||469
;|||38|||3|||160|||470
;|||50|||4|||162|||470
;|||239|||17|||175|||470
;|||257|||19|||131|||470
;|||260|||19|||161|||470
;|||302|||24|||115|||470
=|||8|||1|||29|||471
=|||13|||2|||32|||471
=|||31|||5|||31|||471
=|||45|||7|||32|||471
=|||49|||8|||36|||471
=|||52|||9|||24|||471
=|||89|||12|||22|||471
=|||122|||15|||24|||471
=|||141|||19|||27|||471
=|||155|||21|||53|||471
=|||162|||23|||28|||471
=|||163|||23|||50|||471
temp_sol|||3|||3|||107|||472
x_sol|||2|||3|||112|||472
y_sol|||2|||3|||129|||472
hv_sol|||2|||3|||146|||472
do_rem|||2|||4|||119|||472
"|||2|||7|||75|||473
;|||206|||16|||72|||473
fprintf|||5|||16|||86|||473
fid|||5|||16|||88|||473
"|||28|||21|||147|||473
(|||37|||5|||55|||474
(|||57|||9|||37|||474
(|||74|||10|||37|||474
(|||97|||12|||38|||474
(|||104|||13|||33|||474
(|||116|||14|||58|||474
(|||117|||14|||59|||474
i|||157|||16|||167|||474
srslte_simd_cfi_storeu|||1|||9|||183|||475
memcpy|||1|||14|||112|||475
memcpy|||2|||15|||76|||475
;|||33|||3|||86|||476
;|||59|||5|||98|||476
;|||60|||5|||104|||476
;|||67|||6|||84|||476
;|||70|||6|||116|||476
;|||111|||10|||72|||476
;|||171|||14|||82|||476
;|||172|||14|||90|||476
(|||157|||16|||218|||476
;|||231|||17|||79|||476
;|||232|||17|||89|||476
;|||271|||21|||96|||476
;|||272|||21|||103|||476
;|||309|||25|||92|||476
z|||1|||6|||24|||477
z|||2|||6|||92|||477
z|||3|||6|||129|||477
z|||4|||9|||15|||477
z|||5|||9|||48|||477
z|||6|||9|||113|||477
z|||7|||9|||186|||477
z|||8|||9|||208|||477
;|||99|||9|||172|||478
;|||138|||11|||295|||478
;|||163|||13|||159|||478
;|||190|||14|||286|||478
ncx_getn_ushort_uint|||1|||14|||1|||479
uint|||1|||14|||12|||479
ushort|||1|||14|||31|||479
ushort|||2|||14|||37|||479
ushort|||3|||14|||134|||479
uint|||2|||14|||169|||479
uint|||3|||14|||180|||479
ushort|||4|||14|||206|||479
ncx_get_ushort_uint|||1|||14|||280|||479
Pixel|||1|||23|||1|||479
Pixel|||2|||23|||7|||479
Pixel|||3|||23|||18|||479
Pixel|||4|||23|||48|||479
CARD32|||1|||23|||55|||479
"|||5|||12|||123|||480
"|||7|||16|||39|||480
fprintf|||8|||16|||176|||480
)|||155|||16|||201|||480
;|||221|||16|||239|||480
)|||197|||21|||137|||480
\n|||11|||21|||146|||480
[|||26|||3|||152|||481
[|||33|||3|||204|||481
[|||63|||9|||187|||481
[|||65|||9|||214|||481
[|||66|||9|||219|||481
[|||82|||11|||279|||481
[|||112|||22|||10|||481
[|||3|||0|||67|||482
[|||7|||2|||57|||482
[|||50|||7|||48|||482
[|||60|||9|||114|||482
[|||91|||14|||192|||482
[|||93|||15|||57|||482
[|||100|||18|||28|||482
[|||117|||25|||51|||482
[|||121|||25|||156|||482
MINLINE|||1|||20|||0|||483
short|||1|||20|||4|||483
a|||1|||6|||8|||484
a|||2|||6|||60|||484
a|||3|||6|||136|||484
a|||4|||9|||69|||484
a|||5|||9|||105|||484
a|||6|||9|||142|||484
a|||7|||9|||178|||484
a|||8|||20|||5|||484
a|||9|||20|||9|||484
a|||10|||20|||11|||484
a|||11|||20|||13|||484
a|||12|||22|||4|||484
a|||13|||22|||34|||484
++|||3|||1|||45|||485
++|||10|||5|||105|||485
++|||11|||5|||114|||485
++|||14|||6|||122|||485
++|||18|||9|||205|||485
++|||21|||10|||130|||485
++|||28|||14|||160|||485
data_rows|||5|||16|||234|||485
++|||38|||17|||123|||485
++|||39|||17|||148|||485
++|||48|||21|||123|||485
++|||56|||25|||99|||485
++|||57|||25|||125|||485
*|||4|||1|||6|||486
*|||17|||4|||20|||486
*|||23|||6|||11|||486
*|||26|||6|||23|||486
*|||32|||9|||14|||486
*|||65|||14|||6|||486
*|||91|||17|||8|||486
*|||98|||19|||10|||486
*|||100|||19|||19|||486
*|||106|||20|||10|||486
*|||107|||20|||12|||486
*|||108|||23|||8|||486
*|||112|||24|||12|||486
{|||15|||4|||116|||487
{|||57|||14|||130|||487
{|||74|||17|||125|||487
{|||101|||25|||102|||487
dataBlockSize|||1|||0|||11|||488
dataBlockSize|||2|||0|||19|||488
dataBlockSize|||3|||0|||43|||488
dataBlockSize|||4|||0|||68|||488
dataBlockSize|||5|||0|||83|||488
time_step|||1|||3|||4|||488
nx|||1|||22|||14|||488
ppcg_inner_iterations|||1|||25|||9|||488
)|||14|||2|||41|||489
)|||15|||2|||54|||489
)|||41|||6|||53|||489
)|||48|||7|||41|||489
)|||49|||7|||51|||489
)|||54|||8|||52|||489
)|||138|||15|||33|||489
)|||192|||21|||62|||489
,|||5|||3|||17|||490
,|||6|||3|||19|||490
,|||10|||4|||17|||490
,|||29|||6|||21|||490
,|||40|||9|||12|||490
,|||53|||11|||18|||490
,|||54|||11|||21|||490
,|||104|||16|||19|||490
,|||121|||17|||14|||490
,|||151|||19|||16|||490
,|||160|||24|||10|||490
(|||28|||4|||95|||491
(|||44|||6|||98|||491
(|||47|||7|||24|||491
(|||49|||7|||44|||491
(|||54|||8|||48|||491
(|||60|||9|||53|||491
(|||70|||9|||177|||491
(|||98|||12|||63|||491
(|||109|||13|||121|||491
(|||119|||14|||78|||491
(|||141|||15|||83|||491
(|||172|||17|||205|||491
*|||1|||0|||7|||492
*|||14|||4|||4|||492
*|||27|||7|||4|||492
*|||28|||8|||4|||492
*|||29|||8|||5|||492
*|||30|||9|||5|||492
*|||35|||11|||4|||492
*|||85|||16|||4|||492
r_|||1|||15|||14|||493
r_|||2|||15|||35|||493
r_|||3|||15|||56|||493
r_|||4|||15|||80|||493
r_|||5|||15|||84|||493
\n|||7|||16|||111|||493
,|||112|||16|||113|||493
;|||211|||16|||129|||493
;|||214|||16|||147|||493
,|||114|||16|||161|||493
}|||66|||16|||186|||493
{|||70|||16|||216|||493
input|||8|||16|||230|||493
)|||160|||16|||255|||493
]|||23|||3|||139|||494
]|||25|||3|||149|||494
]|||28|||3|||165|||494
]|||47|||6|||127|||494
]|||70|||10|||137|||494
]|||73|||11|||150|||494
]|||74|||11|||160|||494
]|||75|||11|||172|||494
]|||76|||11|||182|||494
]|||89|||14|||166|||494
=|||58|||9|||155|||495
=|||85|||11|||268|||495
=|||117|||14|||244|||495
=|||118|||14|||255|||495
=|||120|||14|||294|||495
=|||121|||14|||300|||495
ni|||1|||14|||29|||496
ni|||2|||14|||96|||496
Min|||1|||14|||98|||496
ni|||5|||14|||214|||496
ENDCOM|||1|||6|||33|||497
ENDCOM|||3|||6|||78|||497
ENDCOM|||7|||12|||58|||497
ENDCOM|||4|||6|||110|||498
ENDCOM|||6|||12|||36|||498
ENDCOM|||10|||14|||144|||498
]|||20|||3|||122|||499
]|||24|||3|||142|||499
]|||26|||3|||154|||499
]|||27|||3|||157|||499
]|||49|||6|||139|||499
]|||83|||11|||284|||499
]|||105|||19|||158|||499
