n|||1|||0|||17|||0
float|||16|||6|||23|||0
x|||27|||9|||34|||0
blockIdx|||18|||16|||30|||0
i|||61|||18|||15|||0
hist|||1|||19|||21|||0
n|||113|||12|||121|||1
n|||142|||16|||73|||1
FILE|||1|||16|||74|||1
,|||76|||16|||85|||1
;|||17|||3|||114|||2
*|||16|||4|||82|||3
&&|||6|||9|||71|||3
i|||47|||10|||91|||3
idx|||3|||11|||86|||3
\|||83|||11|||90|||3
(|||54|||11|||102|||3
ii|||6|||12|||111|||3
\|||147|||17|||84|||3
100|||2|||21|||85|||3
settings|||6|||25|||86|||3
int|||4|||1|||43|||4
mri_mask|||1|||17|||10|||4
mri_mean|||2|||17|||186|||4
x|||59|||17|||188|||4
n|||4|||0|||47|||5
{|||19|||7|||50|||5
=|||61|||13|||45|||5
.|||60|||17|||41|||5
x|||55|||17|||42|||5
;|||125|||23|||47|||5
dvert|||2|||4|||86|||6
<|||35|||21|||84|||6
for|||13|||21|||90|||6
\|||211|||24|||80|||6
ba|||1|||24|||84|||6
?|||1|||4|||89|||7
n|||84|||10|||93|||7
;|||85|||16|||90|||7
)|||112|||23|||101|||7
real|||2|||3|||11|||8
]|||4|||3|||102|||8
float|||7|||5|||14|||8
file|||1|||16|||106|||8
"|||8|||16|||147|||8
int|||100|||22|||18|||8
char|||1|||0|||5|||9
x|||9|||2|||38|||9
j|||4|||3|||21|||9
n|||32|||5|||30|||9
=|||35|||9|||27|||9
blockDim|||14|||9|||32|||9
tid|||4|||14|||39|||9
int|||68|||15|||19|||9
n|||157|||17|||66|||9
*|||135|||25|||21|||9
n|||223|||25|||31|||9
6,|||1|||5|||146|||10
mask|||3|||17|||157|||10
=|||107|||24|||48|||10
\|||210|||24|||54|||10
sizeof|||3|||9|||77|||11
{|||26|||9|||100|||11
j|||25|||19|||88|||11
++|||10|||19|||92|||11
[|||37|||19|||102|||11
nodes|||2|||3|||80|||12
=|||11|||3|||112|||12
j|||7|||3|||132|||12
(|||127|||24|||71|||12
;|||132|||24|||79|||12
uint8_t|||3|||24|||83|||12
g_arrBackGroud|||1|||2|||57|||13
blockIdx|||5|||4|||52|||13
;|||15|||3|||96|||14
rand_d|||3|||19|||101|||14
)|||89|||17|||196|||15
;|||103|||17|||197|||15
int|||44|||11|||38|||16
,|||54|||11|||48|||16
n|||89|||11|||82|||16
int|||47|||11|||83|||16
n|||92|||11|||103|||16
n|||95|||11|||116|||16
&|||1|||4|||85|||17
(|||39|||9|||78|||17
\|||62|||9|||101|||17
=|||38|||9|||133|||17
ptr_double|||1|||13|||78|||17
blockDim|||2|||1|||16|||18
{|||28|||10|||18|||18
known_sum|||1|||12|||14|||18
x|||60|||18|||19|||18
tid|||10|||20|||19|||18
i|||29|||7|||18|||19
;|||93|||16|||200|||19
void|||23|||21|||1|||19
blockIdx|||26|||21|||14|||19
void|||16|||14|||5|||20
x|||64|||19|||39|||20
(|||122|||24|||3|||20
input|||3|||10|||64|||21
side|||9|||11|||160|||21
\|||120|||14|||51|||21
if|||23|||16|||61|||21
n|||173|||19|||51|||21
r|||3|||23|||51|||21
m2_rows|||2|||5|||85|||22
__alignof__|||3|||9|||72|||22
(|||38|||9|||73|||22
)|||58|||12|||88|||22
)|||64|||13|||74|||22
;|||136|||25|||83|||22
\|||220|||25|||84|||22
;|||19|||3|||127|||23
0|||19|||17|||132|||23
doors|||3|||21|||59|||23
2|||1|||21|||132|||23
}|||21|||21|||136|||23
}|||23|||21|||142|||23
n|||200|||21|||147|||23
*|||104|||17|||144|||24
,|||98|||17|||187|||24
+=|||1|||9|||97|||25
n_x|||1|||13|||64|||25
xdim0_update_halo_kernel3_minus_4_b|||2|||13|||96|||25
\|||149|||17|||111|||25
-|||5|||19|||122|||25
=|||91|||19|||129|||25
)|||98|||19|||153|||25
(|||114|||21|||108|||25
1|||10|||21|||129|||25
settings|||7|||25|||106|||25
==|||1|||0|||54|||26
[|||27|||10|||65|||26
;|||61|||12|||42|||26
.|||56|||16|||48|||26
;|||119|||21|||100|||26
float|||38|||19|||118|||27
==|||7|||12|||63|||28
=|||70|||15|||68|||28
fid|||5|||16|||141|||28
blockIdx|||27|||21|||67|||28
\|||135|||16|||122|||29
.|||4|||1|||17|||30
step_sol|||1|||3|||13|||30
.|||15|||4|||57|||30
{|||40|||13|||58|||30
;|||71|||13|||67|||30
.|||58|||16|||56|||30
if|||36|||25|||43|||30
\|||217|||25|||68|||30
,|||119|||25|||119|||30
indices|||3|||4|||90|||31
\|||31|||4|||98|||31
)|||48|||10|||94|||31
*|||63|||12|||84|||31
y|||18|||17|||94|||31
j|||24|||19|||84|||31
=|||104|||23|||91|||31
<|||37|||23|||99|||31
{|||72|||23|||102|||31
pixel|||1|||23|||106|||31
)|||118|||24|||78|||31
reset_fields_to_exchange|||1|||25|||79|||31
int|||1|||0|||18|||32
n|||6|||0|||59|||32
0|||2|||3|||76|||32
)|||12|||3|||86|||32
*|||46|||11|||59|||32
=|||46|||11|||94|||32
n|||93|||11|||107|||32
idx|||5|||11|||120|||32
*|||55|||11|||170|||32
=|||57|||12|||117|||33
}|||14|||12|||128|||33
fid|||1|||16|||76|||33
)|||75|||16|||116|||33
\|||134|||16|||118|||33
"|||5|||16|||131|||33
P2|||1|||16|||132|||33
n|||150|||16|||155|||33
(|||7|||2|||3|||34
temp_sol|||1|||3|||9|||34
float|||18|||10|||4|||34
*|||86|||15|||9|||34
ar|||1|||18|||6|||34
short|||1|||20|||4|||34
int|||89|||20|||8|||34
*|||117|||21|||5|||34
float|||41|||22|||8|||34
[|||6|||3|||109|||35
+|||17|||9|||93|||35
1|||3|||9|||94|||35
SRSLTE_SIMD_CF_SIZE|||4|||9|||98|||35
n|||120|||13|||25|||35
n|||147|||16|||123|||35
=|||90|||19|||120|||35
(|||76|||15|||3|||36
int|||80|||18|||4|||36
blockIdx|||23|||18|||17|||36
dws|||1|||4|||15|||37
const|||3|||4|||20|||37
blockDim|||29|||21|||18|||37
i|||66|||21|||30|||37
\|||179|||21|||62|||37
(|||112|||21|||82|||37
++|||11|||21|||101|||37
,|||109|||21|||156|||37
+|||48|||21|||174|||37
.|||7|||2|||12|||38
,|||11|||4|||10|||38
*|||29|||7|||5|||38
*|||42|||11|||5|||38
int|||39|||11|||11|||38
int|||70|||16|||12|||38
(|||99|||19|||3|||38
*|||107|||19|||11|||38
*|||114|||20|||5|||38
\|||8|||1|||9|||39
int|||28|||7|||11|||39
,|||35|||9|||8|||39
settings|||1|||25|||10|||39
i|||33|||8|||67|||40
j|||11|||8|||69|||40
]|||20|||8|||80|||40
in|||2|||8|||82|||40
void|||17|||15|||1|||40
0|||18|||16|||199|||40
simd_cf_t|||3|||9|||103|||41
=|||100|||23|||23|||41
{|||24|||9|||22|||42
\|||58|||9|||23|||42
)|||31|||9|||55|||42
==|||4|||9|||56|||42
idx|||8|||24|||20|||42
(|||124|||24|||60|||42
(|||125|||24|||61|||42
index|||3|||0|||53|||43
n|||102|||11|||179|||43
=|||55|||12|||68|||43
<|||28|||16|||64|||43
major|||2|||16|||172|||43
+|||40|||18|||24|||43
.|||78|||21|||23|||43
*|||120|||21|||70|||43
i|||74|||23|||98|||43
z|||4|||9|||156|||44
<|||7|||3|||58|||45
do_rem|||1|||4|||37|||45
int|||32|||8|||18|||45
=|||40|||10|||23|||45
\|||100|||12|||120|||45
{|||39|||13|||23|||45
x|||53|||17|||34|||45
.|||72|||19|||38|||45
+|||43|||19|||139|||45
int|||105|||23|||45|||45
\|||200|||23|||53|||45
for|||8|||15|||48|||46
y|||11|||16|||49|||46
\|||138|||16|||154|||46
0|||6|||3|||126|||47
?|||2|||4|||105|||47
len|||2|||9|||90|||47
=|||49|||11|||130|||47
(|||81|||16|||94|||47
->|||5|||17|||103|||47
<=|||2|||21|||98|||47
j|||32|||21|||109|||47
\|||21|||3|||88|||48
n|||22|||3|||98|||48
fopen|||1|||16|||82|||48
\|||132|||16|||91|||48
y1|||2|||19|||137|||48
1|||9|||21|||95|||48
n|||194|||21|||106|||48
n|||199|||21|||144|||48
n|||213|||23|||86|||48
p_index|||2|||11|||150|||49
n|||100|||11|||154|||49
)|||103|||21|||60|||49
x|||50|||16|||32|||50
.|||54|||16|||35|||50
data_cols|||3|||16|||149|||50
%d|||3|||16|||161|||50
\|||15|||2|||53|||51
i|||4|||2|||59|||51
j|||3|||2|||62|||51
(|||25|||6|||61|||51
if|||11|||8|||52|||51
(|||31|||8|||66|||51
n|||80|||10|||61|||51
x|||34|||11|||58|||51
n|||131|||14|||49|||51
;|||105|||19|||58|||51
run_ppcg_init|||1|||25|||54|||51
;|||18|||3|||119|||52
)|||16|||4|||116|||52
=|||36|||9|||105|||52
\|||97|||12|||91|||52
xdim0_update_halo_kernel3_minus_4_b|||1|||13|||90|||52
fprintf|||1|||16|||127|||52
\|||151|||17|||116|||52
;|||111|||19|||115|||52
==|||10|||21|||112|||52
{|||67|||21|||115|||52
(|||115|||21|||123|||52
j|||34|||21|||126|||52
]|||38|||21|||127|||52
\|||184|||21|||134|||52
\|||222|||25|||114|||52
site|||1|||1|||6|||53
float|||2|||4|||26|||53
m1_cols|||1|||5|||12|||53
int|||27|||7|||8|||53
float|||17|||9|||10|||53
,|||41|||10|||10|||53
int|||38|||11|||8|||53
int|||43|||11|||23|||53
{|||31|||11|||41|||53
y_size|||1|||13|||21|||53
x|||42|||13|||35|||53
=|||68|||15|||21|||53
float|||27|||16|||8|||53
\|||141|||16|||193|||53
float|||29|||17|||19|||53
mask|||2|||17|||153|||53
)|||86|||17|||160|||53
}|||20|||21|||49|||53
,|||112|||23|||7|||53
index|||2|||0|||37|||54
[|||11|||4|||91|||54
n|||31|||4|||99|||54
+|||7|||5|||41|||54
.|||29|||8|||43|||54
n|||81|||10|||79|||54
0xf|||1|||24|||77|||54
;|||28|||5|||102|||55
SRSLTE_SIMD_CF_SIZE|||3|||9|||92|||55
num|||5|||11|||109|||55
num|||6|||11|||122|||55
doors|||5|||21|||124|||55
{|||1|||0|||15|||56
c|||1|||6|||17|||56
y|||4|||6|||21|||56
simd_f_t|||1|||9|||69|||56
i|||40|||9|||125|||56
*|||80|||14|||14|||56
[|||35|||19|||65|||56
(|||79|||16|||62|||57
.|||62|||17|||54|||57
if|||4|||2|||42|||58
,|||15|||4|||29|||58
,|||37|||9|||17|||58
major|||1|||16|||19|||58
*|||98|||17|||23|||58
i|||16|||4|||92|||59
]|||10|||4|||96|||59
fid|||3|||16|||95|||59
n|||159|||17|||85|||59
;|||108|||19|||87|||59
;|||109|||19|||91|||59
j|||26|||19|||93|||59
float|||36|||19|||98|||59
j|||27|||19|||103|||59
100|||3|||21|||99|||59
(|||121|||23|||97|||59
\|||206|||23|||103|||59
argb|||4|||24|||88|||59
0|||26|||24|||90|||59
->|||8|||25|||87|||59
(|||6|||1|||36|||60
,|||7|||3|||31|||60
int|||13|||4|||36|||60
i|||19|||5|||32|||60
+|||11|||6|||40|||60
x|||24|||8|||31|||60
n|||74|||10|||9|||60
*|||45|||11|||35|||60
(|||56|||11|||168|||60
x|||49|||15|||32|||60
VEC4|||3|||15|||36|||60
n|||155|||17|||32|||60
\|||198|||23|||43|||60
*|||132|||24|||29|||60
[|||18|||6|||63|||61
(|||34|||9|||53|||61
if|||15|||10|||62|||61
,|||20|||5|||7|||62
m1_rows|||1|||5|||9|||62
int|||16|||5|||11|||62
\|||32|||5|||29|||62
=|||18|||5|||33|||62
x|||13|||5|||36|||62
\|||33|||5|||46|||62
=|||19|||5|||50|||62
\|||34|||5|||53|||62
=|||25|||5|||144|||62
7,|||1|||5|||147|||62
+|||15|||8|||45|||62
&&|||3|||8|||57|||62
)|||28|||8|||61|||62
kernel|||1|||5|||176|||63
&|||2|||9|||108|||63
n|||71|||9|||165|||63
\|||68|||9|||167|||63
int|||9|||4|||8|||64
else|||2|||5|||78|||64
matrices|||1|||5|||123|||64
to|||1|||5|||177|||64
concatenate|||1|||5|||178|||64
\|||99|||12|||113|||64
Min|||1|||14|||80|||64
i|||17|||4|||95|||65
,|||53|||11|||46|||65
j|||19|||16|||45|||65
>|||4|||3|||48|||66
blockDim|||20|||15|||30|||66
,|||70|||15|||43|||66
for|||9|||16|||112|||66
{|||59|||19|||49|||66
*|||123|||21|||170|||66
;|||134|||25|||64|||66
{|||4|||1|||8|||67
,|||32|||7|||10|||67
idx|||4|||11|||95|||67
<|||22|||11|||108|||67
*|||49|||11|||121|||67
int|||92|||21|||11|||67
=|||94|||21|||41|||67
*|||134|||25|||9|||67
\|||1|||0|||16|||68
site_def|||1|||1|||4|||68
,|||31|||7|||7|||68
,|||120|||25|||121|||69
<|||1|||0|||38|||70
[|||30|||11|||181|||70
=|||53|||12|||30|||70
(|||70|||14|||38|||70
\|||208|||24|||34|||70
weightvg_update_vg|||1|||4|||2|||71
concat_matrix|||1|||5|||2|||71
check_udpdata|||1|||7|||2|||71
softmax_array|||1|||10|||2|||71
convert_coco_detections|||1|||11|||2|||71
write_graphics_kernel|||1|||16|||2|||71
zero_array|||1|||18|||2|||71
cube_s|||1|||20|||2|||71
float|||40|||22|||4|||71
ppcg_inner_iterations|||1|||25|||2|||71
threadIdx|||11|||9|||36|||72
settings|||3|||25|||45|||72
*|||2|||0|||24|||73
[|||3|||2|||61|||73
1|||2|||3|||150|||73
defgrp_idx|||2|||4|||115|||73
}|||6|||6|||77|||73
n|||51|||7|||52|||73
i|||32|||8|||54|||73
\|||74|||10|||60|||73
\|||95|||12|||71|||73
j|||17|||15|||59|||73
;|||88|||16|||136|||73
*|||101|||17|||56|||73
]|||35|||19|||114|||73
blockDim|||37|||25|||134|||73
x|||8|||2|||34|||74
2.0f|||1|||6|||73|||74
x|||33|||10|||34|||74
n|||135|||15|||35|||74
simd_f_t|||3|||9|||131|||75
)|||41|||9|||137|||75
num|||8|||11|||165|||75
(|||107|||19|||158|||75
side|||4|||11|||88|||76
n_y|||2|||13|||54|||76
y_size|||2|||13|||56|||76
>>|||1|||24|||63|||76
(|||60|||12|||61|||77
+|||33|||14|||30|||77
;|||101|||17|||146|||77
\|||155|||17|||149|||77
;|||128|||23|||84|||77
\|||219|||25|||77|||77
x|||12|||4|||58|||78
]|||11|||4|||109|||78
*|||48|||11|||77|||78
\|||82|||11|||81|||78
\|||84|||11|||99|||78
n|||94|||11|||112|||78
+|||22|||11|||140|||78
=|||51|||11|||157|||78
i|||5|||3|||19|||79
update_ghost_nodes|||1|||3|||27|||79
temp_sol|||2|||3|||37|||79
=|||17|||4|||103|||79
m|||6|||8|||91|||79
threadIdx|||14|||12|||39|||79
)|||68|||14|||75|||79
n|||181|||19|||156|||79
\|||186|||21|||140|||79
n__global__|||2|||21|||149|||79
void|||25|||21|||150|||79
(|||1|||0|||3|||80
=|||2|||0|||64|||80
side|||3|||11|||76|||80
j|||20|||16|||67|||80
blockDim|||25|||17|||74|||80
,|||2|||0|||11|||81
y|||1|||2|||13|||81
doors|||1|||21|||6|||81
\|||181|||21|||88|||81
,|||113|||23|||11|||81
0|||1|||1|||46|||82
y|||3|||2|||21|||82
int|||26|||6|||30|||82
\|||44|||6|||45|||82
(|||41|||9|||107|||82
simd_cf_t|||4|||9|||141|||82
largest|||1|||10|||46|||82
<|||34|||21|||31|||82
\|||199|||23|||48|||82
0x80|||1|||0|||65|||83
;|||12|||3|||69|||83
i|||28|||6|||69|||83
\|||69|||9|||172|||83
x|||36|||11|||66|||83
n|||174|||19|||60|||83
{|||64|||21|||61|||83
;|||127|||23|||71|||83
)|||34|||9|||70|||84
\|||63|||9|||115|||84
]|||23|||9|||126|||84
{|||27|||9|||171|||84
;|||44|||9|||176|||84
ushort|||2|||14|||60|||85
,|||115|||24|||8|||85
x|||86|||24|||32|||85
y|||5|||8|||40|||86
\|||65|||9|||139|||86
[|||31|||11|||189|||86
{|||37|||12|||89|||86
100000|||1|||19|||90|||86
.|||1|||0|||22|||87
UINT_MAX|||1|||14|||82|||87
i|||9|||3|||92|||88
)|||55|||12|||50|||88
\|||106|||12|||144|||88
\|||107|||12|||151|||88
\|||109|||13|||41|||89
\|||110|||13|||50|||89
+|||31|||13|||106|||89
;|||113|||19|||154|||89
)|||123|||25|||50|||89
)|||81|||16|||207|||90
x|||58|||17|||170|||90
,|||97|||17|||175|||90
;|||38|||9|||95|||91
)|||38|||9|||99|||91
+=|||2|||12|||110|||91
>|||8|||3|||64|||92
;|||14|||3|||83|||92
num|||2|||4|||66|||92
)|||18|||5|||60|||92
m|||2|||5|||64|||92
;|||30|||6|||74|||92
<|||29|||16|||68|||92
*|||93|||16|||75|||92
"|||1|||16|||86|||92
+|||38|||17|||60|||92
;|||106|||19|||68|||92
x|||71|||21|||69|||92
uint8_t|||2|||24|||57|||92
)|||115|||24|||65|||92
__syncthreads|||2|||25|||73|||92
\|||70|||10|||19|||93
FLT_MAX|||1|||10|||49|||93
<|||20|||10|||92|||93
0|||12|||12|||77|||93
*|||66|||12|||108|||93
;|||66|||12|||119|||93
n|||116|||12|||130|||93
\|||104|||12|||131|||93
\|||3|||0|||42|||94
n|||44|||6|||46|||94
=|||42|||10|||47|||94
)|||59|||12|||99|||94
n|||9|||1|||29|||95
)|||6|||2|||4|||95
blockDim|||4|||2|||32|||95
neighbors|||1|||3|||142|||95
\|||52|||8|||33|||95
NULL|||1|||16|||97|||95
;|||13|||3|||77|||96
i|||7|||3|||78|||96
col|||1|||11|||93|||96
;|||54|||11|||106|||96
=|||48|||11|||119|||96
(|||72|||14|||73|||97
uint|||2|||14|||74|||97
)|||4|||1|||7|||98
buffersize|||1|||7|||9|||98
float|||19|||10|||11|||98
Settings|||1|||25|||8|||98
do_add|||1|||4|||31|||99
\|||172|||21|||9|||99
i|||67|||21|||39|||99
j|||29|||21|||93|||99
bestDist|||1|||23|||32|||99
n|||229|||25|||78|||99
\|||18|||3|||40|||100
float|||5|||4|||71|||100
0|||8|||10|||41|||100
;|||63|||12|||70|||100
0|||16|||16|||174|||100
n|||16|||3|||17|||101
>|||3|||3|||35|||101
\|||57|||8|||89|||101
int|||104|||23|||40|||101
0xf0|||2|||24|||93|||101
n|||60|||8|||85|||102
.|||42|||12|||36|||102
(|||62|||12|||83|||102
fprintf|||4|||16|||211|||102
int|||88|||19|||83|||102
0|||22|||21|||42|||102
__global__|||1|||0|||0|||103
__global__|||2|||1|||0|||103
__global__|||3|||2|||0|||103
__global__|||6|||5|||0|||103
__global__|||7|||6|||0|||103
__global__|||8|||7|||0|||103
__global__|||9|||8|||0|||103
__global__|||11|||10|||0|||103
__global__|||13|||12|||0|||103
__global__|||15|||14|||0|||103
__global__|||16|||15|||0|||103
__global__|||17|||16|||0|||103
__global__|||19|||18|||0|||103
__global__|||21|||20|||0|||103
__global__|||22|||21|||0|||103
__global__|||23|||22|||0|||103
__global__|||25|||24|||0|||103
count|||1|||1|||44|||104
generate_u|||1|||3|||42|||104
i|||13|||4|||46|||104
float|||21|||10|||38|||104
\|||93|||12|||52|||104
printf|||1|||16|||102|||104
.|||71|||19|||34|||104
int|||8|||3|||117|||105
,|||19|||4|||114|||105
{|||30|||10|||95|||105
MRIvox|||1|||17|||128|||105
j|||28|||19|||113|||105
doors|||4|||21|||118|||105
\|||205|||23|||94|||105
)|||127|||25|||112|||105
chunks|||3|||25|||118|||105
y_sol|||1|||3|||99|||106
dws|||2|||4|||104|||106
(|||63|||12|||97|||106
ii|||5|||12|||98|||106
;|||64|||12|||105|||106
vol_flux_x_p|||2|||13|||82|||106
\|||221|||25|||95|||106
void|||4|||3|||1|||107
void|||5|||4|||1|||107
int|||11|||4|||21|||107
void|||28|||25|||1|||107
uint64_t|||1|||0|||9|||108
SqareDown|||1|||2|||2|||108
,|||64|||14|||9|||108
VEC4|||2|||15|||8|||108
*|||105|||18|||5|||108
int|||91|||21|||4|||108
sizeof|||2|||9|||67|||109
==|||6|||9|||76|||109
i|||39|||9|||111|||109
(|||42|||9|||121|||109
for|||6|||11|||101|||110
{|||33|||11|||114|||110
\|||86|||11|||126|||110
)|||52|||11|||166|||110
\|||201|||23|||55|||110
uint8_t|||1|||24|||12|||110
)|||10|||3|||53|||111
;|||26|||5|||52|||111
n|||106|||12|||53|||111
*|||75|||13|||108|||111
<|||27|||15|||55|||111
int|||107|||23|||57|||111
side|||7|||11|||133|||112
box_index|||1|||11|||156|||112
boxes|||2|||11|||180|||112
==|||9|||16|||173|||112
)|||37|||9|||81|||113
{|||42|||13|||81|||113
n|||149|||16|||138|||113
=|||75|||16|||198|||113
]|||42|||25|||91|||113
\|||223|||25|||125|||113
srslte_vec_div_cfc_simd|||1|||9|||2|||114
n|||63|||9|||41|||114
]|||22|||9|||112|||114
out|||1|||15|||6|||114
pixels|||1|||23|||10|||114
;|||126|||23|||52|||114
Chunk|||1|||25|||4|||115
=|||24|||5|||140|||116
j|||10|||8|||58|||116
n_x|||5|||13|||107|||116
mask|||1|||17|||142|||116
\|||154|||17|||147|||116
{|||77|||25|||51|||116
(|||68|||13|||62|||117
int|||66|||13|||63|||117
;|||117|||21|||78|||117
\|||180|||21|||79|||117
)|||1|||0|||14|||118
i|||2|||2|||9|||118
*|||26|||6|||20|||118
)|||27|||8|||14|||118
,|||51|||11|||33|||118
)|||54|||12|||19|||118
,|||60|||13|||16|||118
tp|||1|||14|||15|||118
,|||69|||15|||11|||118
int|||74|||16|||27|||118
{|||54|||17|||30|||118
\|||158|||18|||12|||118
long|||1|||19|||18|||118
)|||100|||20|||14|||118
)|||110|||22|||14|||118
n|||206|||23|||30|||118
(|||2|||0|||36|||119
n|||11|||1|||49|||119
x|||14|||5|||40|||119
.|||51|||15|||27|||119
n|||136|||15|||40|||119
<|||32|||19|||46|||119
blockIdx|||28|||21|||167|||119
*|||111|||19|||134|||120
int|||114|||25|||127|||120
cc|||4|||25|||128|||120
-|||1|||3|||149|||121
=|||37|||9|||119|||121
(|||43|||9|||135|||121
int|||59|||12|||146|||121
known_sum|||2|||12|||154|||121
&&|||9|||17|||156|||121
n|||5|||0|||50|||122
(|||123|||24|||37|||122
idx|||9|||24|||38|||122
\|||59|||9|||40|||123
\|||64|||9|||129|||123
time_step|||1|||3|||5|||124
*|||7|||3|||8|||124
n|||19|||3|||56|||124
->|||2|||3|||141|||124
[|||8|||3|||146|||124
mri|||5|||17|||168|||124
FindBestGray|||1|||23|||3|||124
m1|||2|||5|||70|||125
=|||21|||5|||95|||125
\|||38|||5|||103|||125
n|||38|||5|||104|||125
m1[]|||1|||5|||128|||125
1,|||1|||5|||182|||125
(|||13|||3|||66|||126
idx|||2|||11|||72|||126
num|||4|||11|||78|||126
n|||121|||13|||42|||126
data_cols|||2|||16|||69|||126
<<|||4|||23|||35|||126
.|||89|||23|||69|||126
Pixel|||3|||23|||105|||126
[|||45|||25|||58|||126
hi_val|||2|||17|||159|||127
(|||116|||21|||152|||127
int|||96|||21|||153|||127
*|||121|||21|||154|||127
\|||190|||21|||162|||127
n|||201|||21|||163|||127
idx|||6|||11|||137|||128
\|||87|||11|||143|||128
=|||86|||19|||73|||128
[|||36|||19|||75|||128
;|||107|||19|||78|||128
for|||12|||19|||81|||128
,|||117|||25|||7|||129
(|||8|||2|||43|||130
0|||3|||3|||95|||130
i|||10|||3|||101|||130
.|||16|||5|||35|||130
;|||32|||7|||41|||130
<|||14|||7|||47|||130
y|||7|||8|||48|||130
for|||5|||9|||174|||130
=|||69|||15|||51|||130
)|||105|||21|||103|||130
if|||6|||4|||62|||131
__alignof__|||1|||9|||52|||131
srslte_simd_f_rcp|||1|||9|||134|||131
=|||73|||16|||81|||131
=|||85|||19|||63|||131
\|||203|||23|||85|||131
index|||5|||0|||73|||132
=|||12|||3|||125|||132
if|||7|||5|||55|||132
x|||29|||9|||54|||132
i|||44|||10|||55|||132
n|||82|||10|||82|||132
\|||114|||13|||99|||132
mass_flux_x|||1|||13|||102|||132
,|||63|||13|||116|||132
i|||63|||19|||66|||132
.|||90|||23|||78|||132
c|||3|||7|||35|||133
)|||25|||7|||39|||133
n|||50|||7|||43|||133
;|||3|||0|||66|||134
=|||3|||1|||15|||134
x|||5|||1|||22|||134
+|||2|||0|||76|||135
*|||56|||11|||175|||135
1|||4|||12|||149|||135
;|||73|||13|||98|||135
UINT_MIN|||1|||14|||78|||135
rand_r|||2|||19|||74|||135
n|||176|||19|||80|||135
n|||177|||19|||97|||135
)|||99|||19|||162|||135
threadIdx|||1|||0|||29|||136
threadIdx|||4|||2|||36|||136
)|||21|||6|||26|||136
int|||33|||8|||35|||136
x|||32|||10|||30|||136
;|||60|||12|||25|||136
int|||61|||13|||13|||136
+|||35|||16|||37|||136
;|||133|||25|||29|||136
==|||5|||9|||66|||137
)|||35|||9|||75|||137
[|||24|||9|||110|||137
n|||67|||9|||116|||137
srslte_simd_f_load|||1|||9|||120|||137
n|||70|||9|||152|||137
*|||17|||4|||101|||138
{|||25|||9|||82|||138
\|||61|||9|||83|||138
i|||37|||9|||88|||138
int|||76|||16|||220|||138
=|||111|||25|||92|||138
\|||4|||0|||46|||139
>|||5|||3|||49|||139
(|||33|||9|||51|||139
.|||37|||11|||57|||139
int|||51|||11|||155|||139
n_y|||1|||13|||44|||139
;|||70|||13|||49|||139
blockDim|||22|||16|||51|||139
int|||2|||1|||13|||140
,|||16|||4|||32|||140
\|||47|||7|||15|||140
blockIdx|||8|||7|||20|||140
)|||44|||10|||17|||140
float|||24|||11|||26|||140
int|||64|||13|||26|||140
blockIdx|||16|||14|||23|||140
.|||49|||14|||32|||140
.|||50|||15|||23|||140
mri_mean|||1|||17|||24|||140
x|||67|||20|||31|||140
.|||86|||22|||26|||140
n|||222|||25|||14|||140
++|||3|||5|||67|||141
}|||5|||5|||108|||141
threadIdx|||8|||7|||28|||141
n|||58|||8|||64|||141
n|||76|||10|||37|||141
(|||50|||10|||84|||141
n|||83|||10|||88|||141
data_rows|||4|||16|||187|||141
tid|||7|||19|||27|||141
(|||101|||19|||82|||141
while|||2|||23|||96|||141
rem_thresh|||1|||4|||40|||142
\|||118|||14|||44|||142
int|||77|||17|||33|||142
(|||100|||19|||44|||142
n|||208|||23|||44|||142
blockIdx|||4|||2|||28|||143
n|||20|||3|||71|||143
threadIdx|||32|||25|||26|||143
fields_to_exchange|||1|||25|||88|||143
char|||4|||7|||38|||144
{|||5|||2|||5|||145
*|||25|||6|||16|||145
n|||52|||8|||10|||145
float|||25|||11|||29|||145
int|||55|||12|||16|||145
nelems|||1|||14|||11|||145
)|||71|||16|||23|||145
*|||99|||17|||27|||145
int|||81|||18|||8|||145
*|||108|||19|||15|||145
,|||108|||20|||10|||145
b|||6|||22|||10|||145
float|||15|||6|||19|||146
const|||5|||9|||4|||146
int|||62|||13|||17|||146
vol_flux_x|||1|||13|||79|||146
)|||65|||14|||16|||146
>=|||3|||17|||89|||146
|||||2|||17|||99|||146
\|||152|||17|||121|||146
i|||64|||19|||76|||146
n|||8|||1|||10|||147
unsigned|||2|||1|||12|||147
*|||5|||2|||14|||147
value|||1|||7|||12|||147
{|||18|||7|||14|||147
const|||7|||9|||18|||147
float|||20|||10|||14|||147
)|||121|||25|||11|||147
\|||212|||25|||13|||147
=|||7|||2|||27|||148
w|||1|||4|||72|||148
x|||20|||7|||26|||148
)|||30|||9|||21|||148
+|||18|||10|||27|||148
n|||103|||12|||22|||148
x|||88|||25|||24|||148
,|||78|||16|||142|||149
\|||146|||17|||82|||149
n|||214|||23|||88|||149
+|||26|||11|||191|||150
.|||83|||21|||172|||150
n|||203|||21|||189|||150
.|||6|||1|||25|||151
const|||4|||4|||25|||151
m|||1|||5|||26|||151
,|||30|||6|||22|||151
;|||31|||7|||31|||151
\|||90|||12|||21|||151
x|||44|||14|||25|||151
=|||71|||16|||29|||151
blockIdx|||24|||19|||29|||151
\|||171|||20|||33|||151
+|||49|||22|||28|||151
__global__|||24|||23|||0|||151
\|||23|||3|||106|||152
stencil_size|||1|||3|||130|||152
y2|||1|||19|||109|||152
float|||39|||19|||127|||152
.|||74|||20|||26|||152
*|||23|||6|||8|||153
int|||29|||7|||17|||153
+|||13|||7|||27|||153
buffersize|||2|||7|||48|||153
(|||37|||9|||68|||153
&|||3|||9|||122|||153
paddingSize|||1|||0|||13|||154
{|||20|||8|||15|||154
,|||65|||14|||12|||154
len|||3|||18|||9|||154
{|||61|||20|||15|||154
{|||70|||22|||15|||154
)|||120|||24|||94|||154
=|||16|||4|||84|||155
\|||35|||5|||62|||155
float|||9|||5|||127|||155
matrices\n|||1|||5|||180|||155
int|||42|||11|||20|||155
n|||126|||13|||100|||155
n|||101|||11|||173|||156
,|||95|||17|||171|||156
n|||72|||9|||168|||157
scale|||1|||11|||146|||157
data_rows|||3|||16|||151|||157
j|||23|||16|||205|||157
BUFTYPE|||1|||17|||123|||157
if|||27|||17|||151|||157
)|||96|||19|||143|||157
\|||25|||3|||120|||158
Define|||1|||5|||120|||158
n|||125|||13|||95|||158
temp|||2|||19|||128|||158
n|||196|||21|||135|||158
++|||2|||3|||133|||159
=|||13|||3|||139|||159
)|||23|||6|||71|||159
n|||97|||11|||127|||159
n|||138|||15|||63|||159
int|||94|||21|||64|||159
blockIdx|||30|||23|||64|||159
12|||1|||24|||74|||159
{|||2|||0|||41|||160
dataBlockSize|||3|||0|||55|||160
\|||13|||2|||23|||160
\|||30|||4|||79|||160
dw|||1|||4|||102|||160
=|||20|||5|||69|||160
+|||14|||8|||28|||160
int|||35|||9|||25|||160
SRSLTE_SIMD_CF_SIZE|||2|||9|||45|||160
i|||51|||12|||56|||160
threadIdx|||20|||17|||44|||160
x|||56|||17|||46|||160
;|||95|||17|||47|||160
n|||156|||17|||49|||160
int|||78|||17|||50|||160
;|||97|||17|||81|||160
<|||38|||24|||39|||160
i|||46|||10|||75|||161
;|||52|||11|||89|||161
++|||6|||13|||73|||161
int|||95|||21|||92|||161
>>|||2|||24|||73|||161
,|||28|||6|||14|||162
blockDim|||12|||8|||25|||162
.|||35|||10|||29|||162
thresh|||1|||11|||27|||162
&|||5|||17|||127|||162
n|||171|||19|||25|||162
best|||1|||23|||22|||162
]|||39|||23|||27|||162
30|||1|||23|||36|||162
\|||207|||24|||17|||162
uint64_t|||2|||0|||12|||163
n|||12|||2|||7|||163
int|||7|||3|||18|||163
(|||11|||3|||36|||163
,|||24|||5|||20|||163
,|||29|||6|||18|||163
int|||31|||8|||12|||163
n|||61|||8|||90|||163
*|||44|||11|||31|||163
,|||61|||13|||19|||163
uint|||1|||14|||13|||163
\|||127|||16|||25|||163
mri_std|||1|||17|||28|||163
)|||90|||18|||10|||163
rand_r|||1|||19|||16|||163
*|||115|||20|||12|||163
int|||99|||22|||12|||163
\|||197|||23|||38|||163
&|||9|||24|||92|||163
x|||4|||1|||18|||164
.|||9|||2|||20|||164
.|||22|||7|||21|||164
<|||18|||9|||178|||164
\|||122|||15|||17|||164
blockIdx|||25|||20|||21|||164
blockIdx|||29|||22|||21|||164
(|||26|||7|||3|||165
*|||35|||9|||6|||165
(|||47|||10|||3|||165
classes|||1|||11|||9|||165
(|||98|||18|||3|||165
(|||108|||20|||3|||165
(|||119|||22|||3|||165
;|||121|||21|||178|||166
m2_rows|||3|||5|||150|||167
idx|||7|||11|||169|||167
(|||95|||17|||167|||167
)|||124|||25|||63|||167
,|||25|||5|||23|||168
x|||17|||6|||39|||168
j|||9|||8|||36|||168
=|||41|||10|||40|||168
i|||49|||12|||29|||168
x|||46|||14|||33|||168
+|||41|||19|||36|||168
\|||174|||21|||35|||168
;|||122|||23|||28|||168
odefun|||1|||3|||2|||169
;|||9|||3|||24|||169
blockDim|||5|||3|||32|||169
;|||47|||10|||50|||169
4|||1|||11|||176|||169
*|||110|||19|||32|||169
=|||84|||19|||54|||169
temp|||3|||19|||159|||169
1.0f|||1|||19|||161|||169
//|||3|||5|||173|||170
(|||64|||12|||101|||171
++|||8|||16|||190|||171
data_cols|||4|||16|||203|||171
%d|||4|||16|||216|||171
(|||90|||16|||219|||171
)|||82|||16|||221|||171
i|||60|||16|||224|||171
}|||12|||12|||122|||172
\|||101|||12|||123|||172
n|||114|||12|||124|||172
}|||13|||12|||125|||172
n|||117|||12|||138|||172
int|||58|||12|||139|||172
if|||3|||0|||71|||173
[|||28|||10|||74|||173
(|||51|||10|||90|||173
n|||85|||11|||43|||173
=|||56|||12|||95|||173
&&|||7|||12|||100|||173
\|||108|||13|||24|||173
<|||31|||16|||202|||173
;|||94|||16|||204|||173
=|||88|||19|||100|||173
(|||106|||19|||151|||173
)|||107|||21|||130|||173
n|||218|||24|||35|||173
num_pixels|||2|||24|||40|||173
hv_sol|||1|||3|||108|||174
main|||2|||12|||133|||174
[|||38|||19|||112|||174
int|||110|||24|||9|||174
->|||9|||25|||107|||174
(|||139|||25|||117|||174
nint|||1|||5|||112|||175
//|||1|||5|||119|||175
y2|||2|||19|||123|||175
x_size|||3|||13|||70|||176
n|||158|||17|||83|||176
;|||2|||0|||45|||177
;|||36|||9|||39|||177
&&|||4|||9|||44|||177
[|||33|||15|||65|||177
(|||134|||25|||44|||177
settings|||8|||25|||120|||177
concat_matrix<<<dim3(1,|||1|||5|||181|||178
(|||46|||9|||175|||178
,|||59|||13|||11|||178
z|||9|||17|||100|||178
\|||46|||6|||75|||179
)|||43|||9|||162|||179
x|||72|||21|||73|||179
)|||106|||21|||114|||179
=|||105|||23|||107|||179
n|||18|||3|||41|||180
n|||39|||5|||107|||180
;|||50|||11|||50|||180
[|||29|||11|||149|||180
.|||45|||13|||34|||180
==|||8|||16|||96|||180
The|||1|||16|||105|||180
\n|||3|||16|||146|||180
if|||28|||19|||43|||180
n|||189|||21|||48|||180
int|||98|||21|||164|||180
*|||8|||3|||12|||181
i|||8|||3|||84|||181
]|||3|||3|||93|||181
n|||24|||3|||116|||181
n_x|||3|||13|||72|||181
y|||16|||17|||59|||181
if|||26|||17|||86|||181
}|||18|||17|||113|||181
\|||150|||17|||114|||181
>=|||2|||14|||40|||182
int|||75|||16|||44|||182
y|||20|||17|||172|||182
m2|||1|||5|||16|||183
=|||30|||7|||19|||183
*|||36|||9|||11|||183
int|||36|||10|||8|||183
,|||56|||12|||11|||183
data_rows|||1|||16|||13|||183
x|||68|||21|||16|||183
ushort|||1|||14|||54|||184
y|||13|||16|||57|||184
;|||83|||16|||58|||184
->|||7|||25|||46|||184
1|||12|||25|||122|||184
{|||74|||24|||42|||185
src|||2|||24|||49|||185
ncx_get_ushort_uint|||1|||14|||2|||186
x|||73|||21|||77|||186
float|||3|||4|||33|||187
(|||17|||4|||63|||187
largest|||2|||10|||69|||187
=|||43|||10|||72|||187
0|||11|||12|||64|||187
)|||70|||15|||60|||187
0.|||1|||15|||69|||187
x|||81|||23|||70|||187
,|||47|||11|||19|||188
=|||5|||1|||45|||189
{|||10|||4|||42|||189
\|||124|||15|||39|||189
(|||84|||16|||140|||189
tid|||8|||19|||45|||189
sinf|||2|||19|||135|||189
\|||177|||21|||50|||189
.|||8|||2|||16|||190
weights|||1|||4|||28|||190
blockIdx|||9|||8|||21|||190
z|||2|||9|||16|||190
output|||2|||10|||16|||190
*|||87|||15|||13|||190
int|||72|||16|||18|||190
hi_val|||1|||17|||20|||190
.|||59|||17|||37|||190
*|||131|||24|||13|||190
20|||1|||2|||46|||191
n|||15|||2|||54|||191
num|||1|||4|||18|||191
*|||61|||12|||34|||191
n|||105|||12|||44|||191
x|||41|||13|||31|||191
*|||71|||13|||36|||191
x|||43|||13|||39|||191
)|||66|||14|||42|||191
.|||95|||25|||19|||191
i|||35|||8|||93|||192
)|||61|||12|||135|||192
i|||69|||21|||83|||192
(|||20|||5|||56|||193
=|||27|||5|||155|||193
x|||62|||19|||31|||193
i|||62|||19|||53|||193
(|||133|||25|||33|||193
m1_rows|||4|||5|||100|||194
main|||1|||5|||113|||194
8};\n|||1|||5|||148|||194
the|||4|||5|||179|||194
\|||129|||16|||59|||194
n|||151|||16|||169|||194
cnt|||1|||21|||159|||194
i|||1|||1|||14|||195
)|||8|||3|||14|||195
nowait_example2|||1|||6|||2|||195
n|||48|||7|||16|||195
,|||105|||19|||13|||195
num_pixels|||1|||24|||10|||195
int|||112|||25|||15|||195
unsigned|||3|||1|||31|||196
)|||5|||1|||38|||196
real|||1|||3|||7|||196
\|||111|||13|||59|||196
{|||53|||16|||208|||196
(|||104|||19|||141|||196
*|||112|||19|||144|||196
.|||81|||21|||76|||196
}|||25|||25|||67|||196
a|||3|||9|||104|||197
n|||148|||16|||126|||197
=|||97|||21|||122|||197
;|||120|||21|||133|||197
,|||26|||6|||6|||198
blockIdx|||7|||6|||33|||198
z|||3|||9|||74|||198
a|||5|||20|||6|||198
*|||126|||22|||24|||198
;|||6|||1|||47|||199
,|||14|||4|||24|||199
(|||71|||14|||58|||199
=|||77|||17|||52|||199
int|||93|||21|||57|||199
\|||209|||24|||43|||199
add_thresh|||1|||4|||34|||200
\|||116|||14|||18|||201
n|||183|||20|||17|||201
n|||204|||22|||17|||201
n|||33|||5|||47|||202
n|||64|||9|||49|||202
\|||94|||12|||58|||202
,|||83|||16|||214|||202
z|||8|||17|||80|||202
float|||34|||19|||61|||202
{|||32|||11|||80|||203
;|||53|||11|||98|||203
++|||5|||11|||111|||203
num|||7|||11|||139|||203
dws|||3|||4|||106|||204
-|||3|||9|||91|||204
depth|||1|||17|||104|||204
%|||2|||21|||110|||204
0|||23|||21|||113|||204
n|||14|||2|||41|||205
,|||9|||3|||61|||205
]|||18|||6|||70|||205
n|||73|||9|||173|||205
rg|||1|||24|||58|||205
=|||113|||25|||129|||205
if|||1|||0|||35|||206
]|||1|||0|||63|||206
i|||12|||3|||144|||206
;|||40|||9|||128|||206
int|||48|||11|||92|||206
xpp|||2|||14|||64|||206
i|||56|||16|||63|||206
(|||105|||19|||146|||206
.|||80|||21|||72|||206
.|||88|||23|||65|||206
n|||226|||25|||66|||206
,|||22|||5|||13|||207
n|||37|||5|||89|||207
[|||16|||5|||97|||207
2;\n\n|||2|||5|||156|||207
*|||22|||5|||171|||207
ii|||2|||12|||54|||207
]|||7|||3|||148|||208
]|||27|||11|||151|||208
low_val|||2|||17|||155|||208
)|||13|||3|||134|||209
}|||17|||16|||124|||209
\|||14|||2|||40|||210
j|||2|||2|||48|||210
(|||9|||2|||56|||210
]|||12|||5|||68|||211
i|||21|||5|||72|||211
+|||8|||5|||84|||211
\|||40|||5|||109|||211
)|||20|||5|||115|||211
int|||24|||5|||153|||211
(m1_rows|||1|||5|||168|||211
the|||3|||5|||175|||211
z|||12|||17|||192|||211
dv|||2|||4|||113|||212
n|||112|||12|||114|||212
return|||3|||16|||120|||212
n|||161|||17|||112|||212
\|||166|||19|||106|||212
pp|||3|||25|||111|||212
.|||17|||5|||39|||213
(|||24|||6|||48|||213
\|||49|||7|||42|||213
y|||6|||8|||44|||213
)|||49|||11|||40|||213
x|||40|||12|||41|||213
blockIdx|||15|||13|||33|||213
n|||172|||19|||42|||213
\|||176|||21|||47|||213
n|||224|||25|||42|||213
the|||1|||5|||121|||214
side|||6|||11|||131|||214
;|||112|||19|||124|||214
\|||105|||12|||137|||215
"|||7|||16|||143|||215
\|||188|||21|||146|||215
{|||7|||3|||15|||216
calc_angles_RR_kernel|||1|||19|||2|||216
{|||58|||19|||23|||216
cosf|||1|||19|||140|||216
if|||29|||19|||157|||216
x_sol|||1|||3|||90|||217
[|||5|||3|||100|||217
n|||25|||3|||121|||217
i|||30|||7|||46|||217
.|||30|||8|||47|||217
+|||23|||11|||164|||217
=|||52|||11|||186|||217
threadIdx|||28|||21|||175|||217
for|||14|||25|||97|||217
,|||40|||10|||7|||218
int|||52|||12|||4|||218
MRI|||1|||17|||4|||218
rows|||1|||19|||5|||218
{|||62|||21|||8|||218
const|||12|||24|||4|||218
y|||10|||9|||123|||219
*|||76|||13|||112|||219
tmp|||2|||19|||152|||219
n|||160|||17|||108|||220
float|||37|||19|||108|||220
+|||4|||2|||18|||221
i|||31|||8|||19|||221
cf_t|||2|||9|||14|||221
)|||69|||15|||15|||221
data_cols|||1|||16|||16|||221
0|||27|||25|||102|||221
n|||47|||6|||76|||222
j|||12|||8|||79|||222
)|||56|||12|||65|||222
n|||108|||12|||72|||222
.|||79|||21|||68|||222
blockDim|||30|||21|||71|||222
+|||46|||21|||74|||222
threadIdx|||27|||21|||75|||222
=|||103|||23|||76|||222
&|||7|||24|||66|||222
n|||7|||0|||68|||223
(|||4|||0|||72|||223
m|||5|||8|||74|||223
]|||26|||10|||76|||223
tid|||5|||14|||70|||223
{|||49|||16|||71|||223
\|||145|||17|||65|||223
10|||1|||2|||50|||224
;|||16|||3|||105|||224
]|||5|||3|||111|||224
float|||4|||4|||39|||224
blockDim|||9|||5|||38|||224
+|||24|||11|||167|||224
\|||160|||19|||41|||224
num|||10|||23|||13|||224
predictions|||1|||11|||6|||225
side|||1|||11|||18|||225
,|||87|||17|||15|||225
n|||180|||19|||126|||225
<|||4|||2|||49|||226
time_step|||2|||3|||52|||226
{|||17|||6|||53|||226
(|||45|||9|||154|||226
n|||78|||10|||52|||226
num|||9|||11|||171|||226
j|||15|||15|||50|||226
j|||16|||15|||54|||226
\|||126|||15|||62|||226
n|||191|||21|||63|||226
\|||215|||25|||52|||226
(|||18|||4|||112|||227
(|||28|||7|||45|||227
\|||98|||12|||106|||227
{|||45|||14|||43|||227
*|||83|||14|||61|||227
mri|||4|||17|||102|||227
return|||4|||17|||109|||227
;|||98|||17|||110|||227
;|||102|||17|||178|||227
{|||8|||3|||87|||228
\|||22|||3|||97|||228
)|||36|||9|||80|||228
i|||42|||9|||177|||228
}|||11|||12|||90|||228
check_i_islarger2|||1|||12|||96|||228
|||||1|||17|||93|||228
=|||96|||21|||94|||228
[|||22|||8|||92|||229
"|||12|||16|||217|||229
>=|||4|||17|||95|||229
=|||87|||19|||85|||229
\|||165|||19|||96|||229
(|||137|||25|||80|||229
++|||1|||3|||85|||230
(|||48|||10|||54|||230
n|||79|||10|||57|||230
void|||26|||22|||1|||231
(|||120|||23|||4|||231
int|||15|||5|||8|||232
+|||9|||5|||169|||232
*|||57|||12|||5|||232
is_larger|||1|||12|||10|||232
,|||103|||19|||6|||232
[|||1|||0|||61|||233
{|||22|||8|||71|||233
=|||45|||11|||85|||233
(|||67|||13|||53|||233
<|||25|||13|||55|||233
threadIdx|||21|||17|||61|||233
.|||11|||2|||33|||234
i|||24|||6|||31|||234
=|||33|||8|||37|||234
.|||36|||10|||33|||234
mass_flux_x_p|||2|||13|||105|||234
;|||74|||14|||34|||234
\|||123|||15|||34|||234
.|||73|||20|||22|||234
x|||66|||20|||27|||234
.|||85|||22|||22|||234
+|||50|||23|||63|||234
<|||39|||25|||35|||234
.|||10|||2|||29|||235
(|||110|||21|||29|||235
n|||90|||11|||91|||236
n|||134|||15|||18|||236
*|||88|||15|||29|||236
i|||54|||15|||42|||236
n|||178|||19|||107|||236
+|||6|||4|||51|||237
n|||57|||8|||60|||237
classes|||3|||11|||163|||237
;|||62|||12|||57|||237
=|||66|||14|||57|||237
;|||80|||15|||53|||237
n|||211|||23|||56|||237
last_i|||3|||12|||85|||238
n|||111|||12|||107|||238
ii|||7|||12|||118|||238
\|||103|||12|||129|||238
n_y|||3|||13|||88|||238
;|||138|||25|||103|||238
pp|||2|||25|||104|||238
;|||139|||25|||109|||238
)|||40|||9|||127|||239
r|||1|||9|||142|||239
;|||42|||9|||150|||239
,|||81|||16|||159|||239
if|||25|||16|||170|||239
\|||157|||17|||179|||239
{|||68|||21|||161|||239
,|||34|||8|||11|||240
*|||43|||11|||30|||240
box|||1|||11|||34|||240
x_size|||1|||13|||18|||240
x_size|||2|||13|||48|||240
1|||8|||13|||115|||240
{|||57|||18|||11|||240
,|||106|||19|||17|||240
threadIdx|||24|||19|||37|||240
short|||2|||20|||11|||240
,|||111|||22|||11|||240
n|||207|||23|||39|||240
\|||41|||5|||111|||241
i|||43|||10|||22|||241
,|||45|||11|||13|||241
int|||40|||11|||14|||241
*|||54|||11|||161|||241
get_maxnodes|||1|||1|||35|||242
gridDim|||1|||3|||30|||242
,|||17|||4|||35|||242
x|||16|||6|||35|||242
if|||22|||14|||37|||242
.|||52|||15|||31|||242
(|||82|||16|||103|||242
z|||11|||17|||174|||242
(|||5|||1|||3|||243
test_omp_parallel_for_ordered|||1|||12|||2|||243
(|||69|||14|||3|||243
char|||5|||16|||4|||243
MRIaccumulateMaskedMeansAndVariancesKernel|||1|||17|||2|||243
(|||32|||9|||3|||244
+|||51|||24|||25|||244
i|||36|||9|||26|||245
x|||26|||9|||30|||245
*|||38|||9|||31|||245
threadIdx|||2|||1|||24|||246
>|||7|||3|||63|||246
*|||20|||5|||25|||246
n|||91|||11|||100|||246
)|||57|||12|||78|||246
)|||74|||16|||98|||246
was|||1|||16|||107|||246
,|||79|||16|||148|||246
width|||1|||17|||92|||246
{|||66|||21|||104|||246
blockDim|||33|||23|||68|||246
\|||115|||13|||117|||247
n|||166|||17|||148|||247
)|||108|||21|||160|||247
,|||102|||18|||7|||248
=|||82|||18|||16|||248
threadIdx|||6|||5|||42|||249
)|||22|||6|||52|||249
\|||73|||10|||51|||249
+|||27|||12|||38|||249
n|||129|||14|||36|||249
nelems|||2|||14|||41|||249
y|||12|||16|||53|||249
\|||175|||21|||44|||249
argb|||1|||24|||47|||249
;|||20|||3|||131|||250
;|||22|||4|||78|||250
<|||26|||13|||69|||250
*|||12|||4|||14|||251
,|||46|||11|||16|||251
double|||2|||13|||8|||251
n|||153|||16|||194|||251
*|||97|||17|||13|||251
)|||62|||13|||22|||252
x|||87|||25|||20|||252
=|||14|||4|||47|||253
int|||20|||5|||48|||253
x|||21|||7|||30|||253
\|||85|||11|||115|||253
.|||43|||12|||40|||253
+|||28|||13|||32|||253
n|||127|||13|||118|||253
data_cols|||5|||16|||226|||253
\|||161|||19|||50|||253
}|||19|||21|||46|||253
n__global__|||1|||21|||53|||253
\|||214|||25|||41|||253
i|||18|||4|||108|||254
(|||22|||5|||114|||254
n_x|||4|||13|||84|||254
)|||84|||17|||105|||254
blockDim|||1|||0|||25|||255
{|||16|||6|||27|||255
blockDim|||13|||8|||42|||255
*|||41|||10|||31|||255
\|||91|||12|||26|||255
*|||70|||13|||14|||255
tid|||1|||13|||27|||255
.|||47|||14|||24|||255
x|||47|||15|||24|||255
r_|||1|||15|||37|||255
threadIdx|||18|||16|||38|||255
;|||114|||20|||32|||255
x|||78|||22|||27|||255
\|||213|||25|||30|||255
unsigned|||1|||0|||4|||256
float|||1|||3|||4|||256
,|||3|||3|||6|||256
*|||79|||14|||7|||256
VP8LConvertBGRAToRGBA4444_C|||1|||24|||2|||256
+|||3|||1|||23|||257
float|||8|||5|||24|||257
blockIdx|||6|||5|||34|||257
0|||7|||5|||51|||257
,|||4|||3|||10|||258
float|||14|||6|||15|||258
<|||13|||6|||50|||258
int|||30|||8|||9|||258
\|||12|||2|||6|||259
int|||5|||2|||8|||259
{|||48|||16|||24|||259
i|||55|||16|||28|||259
MRI|||5|||17|||26|||259
)|||83|||17|||29|||259
\|||143|||17|||31|||259
+|||1|||0|||28|||260
\|||196|||23|||29|||260
;|||123|||23|||37|||260
x|||84|||24|||24|||260
index|||7|||3|||118|||261
,|||39|||9|||160|||261
int|||60|||12|||153|||261
"|||6|||16|||134|||261
(|||87|||16|||180|||261
=|||79|||17|||126|||261
threadIdx|||29|||22|||29|||261
(|||130|||24|||96|||261
argb|||5|||24|||98|||261
num_chunks_per_rank|||1|||25|||38|||261
{|||78|||25|||113|||261
int|||25|||6|||4|||262
)|||33|||9|||65|||262
*|||116|||20|||24|||262
blockIdx|||1|||0|||21|||263
.|||5|||1|||21|||263
.|||32|||9|||33|||263
,|||48|||11|||22|||263
tid|||6|||15|||20|||263
,|||88|||17|||18|||263
int|||82|||18|||14|||263
x|||61|||18|||23|||263
*|||109|||19|||20|||263
;|||115|||21|||25|||263
.|||96|||25|||23|||263
(|||57|||11|||187|||264
.|||84|||21|||176|||264
<<|||1|||3|||29|||265
)|||9|||3|||38|||265
blockIdx|||11|||9|||28|||265
threadIdx|||15|||13|||29|||265
*|||95|||17|||5|||265
mri_dof|||1|||17|||14|||265
{1,|||1|||5|||130|||266
,|||92|||17|||133|||266
,|||93|||17|||135|||266
;|||100|||17|||138|||266
;|||25|||5|||45|||267
i|||20|||5|||57|||267
<|||12|||5|||82|||267
i|||23|||5|||98|||267
n|||41|||5|||118|||267
2;\n|||1|||5|||137|||267
//|||2|||5|||157|||267
,|||71|||16|||7|||267
*|||91|||16|||33|||267
x|||51|||16|||36|||267
\|||131|||16|||78|||267
fid|||2|||16|||80|||267
n|||145|||16|||101|||267
,|||80|||16|||150|||267
{|||52|||16|||192|||267
pIndexed|||1|||23|||6|||267
b|||1|||6|||13|||268
m|||4|||8|||7|||268
rand_d|||1|||19|||12|||268
,|||107|||20|||7|||268
,|||110|||22|||7|||268
chunks|||1|||25|||6|||268
n|||65|||9|||84|||269
;|||41|||9|||138|||269
)|||42|||9|||149|||269
/|||1|||6|||72|||270
rcpb|||2|||9|||148|||270
threadIdx|||25|||20|||29|||270
n|||13|||2|||24|||271
x|||23|||8|||27|||271
threadIdx|||9|||8|||29|||271
int|||111|||24|||19|||271
]|||15|||5|||101|||272
(|||44|||9|||145|||272
tid|||2|||13|||46|||272
/|||4|||16|||110|||272
*|||94|||16|||225|||272
;|||56|||11|||125|||273
j|||22|||16|||201|||273
tmp|||1|||19|||119|||273
\|||168|||19|||125|||273
i|||52|||12|||62|||274
;|||76|||14|||65|||274
num|||11|||23|||100|||274
{|||9|||3|||135|||275
(|||19|||5|||3|||275
*|||18|||5|||5|||275
x|||15|||5|||44|||275
i|||22|||5|||81|||275
\|||42|||5|||117|||275
m1_cols|||2|||5|||139|||275
float|||10|||5|||142|||275
<|||6|||3|||43|||276
blockDim|||6|||3|||47|||276
=|||44|||11|||55|||276
.|||46|||13|||38|||276
blockDim|||23|||17|||40|||276
dr|||1|||23|||46|||276
kernel_language|||1|||25|||47|||276
*|||19|||5|||15|||277
\|||37|||5|||88|||277
(|||23|||6|||3|||277
n|||42|||6|||5|||277
float|||12|||6|||7|||277
a|||1|||6|||9|||277
float|||13|||6|||11|||277
*|||39|||10|||5|||277
.|||70|||19|||30|||277
int|||87|||19|||52|||277
\|||163|||19|||69|||277
)|||93|||19|||94|||277
=|||8|||3|||75|||278
dv|||1|||4|||83|||278
{|||13|||5|||61|||278
}|||9|||9|||169|||278
__syncthreads|||1|||10|||83|||278
<|||24|||12|||86|||278
;|||65|||12|||112|||278
=|||58|||12|||141|||278
,|||66|||14|||79|||278
data_range|||2|||16|||165|||278
)|||104|||21|||86|||278
&|||8|||24|||76|||278
)|||15|||4|||67|||279
n|||68|||9|||130|||279
rcpb|||1|||9|||132|||279
*|||77|||13|||114|||279
(|||3|||0|||52|||280
.|||13|||4|||49|||280
count|||2|||5|||49|||280
]|||17|||6|||65|||280
+|||19|||11|||63|||280
if|||19|||12|||60|||280
void|||24|||21|||54|||280
char|||2|||7|||4|||281
=|||6|||2|||10|||282
nodes|||3|||3|||140|||282
,|||27|||6|||10|||282
n|||139|||16|||26|||282
mri|||2|||17|||90|||282
n|||164|||17|||122|||282
const|||2|||1|||30|||283
site|||2|||1|||37|||283
)|||79|||16|||175|||283
<|||30|||16|||186|||283
"|||3|||16|||104|||284
||||2|||24|||95|||284
=|||28|||6|||32|||285
(|||27|||7|||37|||285
blockIdx|||10|||8|||38|||285
\|||117|||14|||35|||285
settings|||2|||25|||36|||285
)|||95|||19|||138|||286
}|||24|||21|||145|||286
blockIdx|||33|||25|||130|||286
,|||77|||16|||130|||287
[|||21|||8|||78|||288
(|||75|||14|||84|||288
.|||66|||17|||75|||288
numThreads|||1|||23|||75|||288
gridDim|||4|||23|||81|||288
||||1|||24|||69|||288
;|||140|||25|||124|||288
2,|||1|||5|||131|||289
n|||98|||11|||141|||289
i|||3|||2|||44|||290
)|||7|||2|||51|||290
n|||54|||8|||34|||290
.|||28|||8|||39|||290
x|||48|||15|||28|||290
0|||15|||15|||52|||290
blockDim|||21|||16|||34|||290
rows|||2|||19|||47|||290
+|||42|||19|||56|||290
x1|||1|||19|||62|||290
for|||2|||3|||122|||291
n|||43|||6|||29|||291
x|||65|||20|||23|||291
+|||44|||20|||28|||291
x|||69|||21|||20|||291
x|||77|||22|||23|||291
)|||60|||12|||104|||292
sum|||3|||12|||109|||292
;|||96|||17|||64|||292
{|||55|||17|||106|||292
[|||44|||24|||50|||292
n|||231|||25|||96|||292
\|||6|||0|||58|||293
++|||4|||5|||93|||293
]|||14|||5|||94|||293
n|||59|||8|||73|||293
]|||19|||8|||77|||293
;|||35|||8|||83|||293
\|||56|||8|||84|||293
\|||142|||16|||209|||293
n|||154|||16|||210|||293
int|||108|||23|||74|||293
argb|||2|||24|||62|||293
\|||7|||0|||67|||294
n|||35|||5|||63|||294
\|||55|||8|||72|||294
largest|||3|||10|||71|||294
{|||43|||13|||104|||294
]|||31|||15|||67|||294
for|||1|||3|||72|||295
==|||3|||9|||46|||295
side|||2|||11|||74|||295
const|||8|||13|||12|||295
*|||82|||14|||55|||295
tp|||2|||14|||68|||295
*|||14|||4|||27|||296
=|||34|||8|||81|||296
\|||76|||10|||81|||296
;|||49|||10|||86|||296
blockIdx|||17|||15|||26|||296
*|||102|||17|||73|||296
blockDim|||34|||23|||77|||296
)|||116|||24|||68|||296
.|||20|||6|||38|||297
x|||18|||6|||43|||297
)|||26|||7|||49|||297
sum|||1|||10|||39|||297
n|||77|||10|||44|||297
x|||52|||16|||40|||297
not|||1|||16|||108|||297
x|||63|||19|||35|||297
n|||30|||4|||80|||298
.|||67|||17|||79|||298
settings|||5|||25|||81|||298
x|||30|||9|||109|||299
}|||8|||9|||166|||299
const|||11|||14|||59|||299
return|||1|||0|||44|||300
{|||3|||0|||57|||300
dataBlockSize|||4|||0|||75|||300
\|||17|||3|||25|||300
idx|||10|||24|||51|||300
float|||30|||17|||118|||301
;|||99|||17|||120|||301
mri_mask|||2|||17|||130|||301
n|||165|||17|||140|||301
(|||97|||17|||185|||301
[|||14|||5|||71|||302
}|||4|||5|||105|||302
and|||1|||5|||125|||302
matrix|||1|||5|||163|||302
+|||32|||13|||110|||302
;|||45|||10|||35|||303
\|||71|||10|||36|||303
<|||19|||10|||56|||303
{|||35|||12|||51|||303
+|||36|||16|||54|||303
y1|||3|||19|||147|||303
n|||215|||23|||95|||303
n|||119|||12|||152|||304
(|||83|||16|||128|||304
\n|||2|||16|||133|||304
++|||9|||16|||206|||304
pmask|||1|||17|||125|||304
(|||93|||17|||129|||304
n|||232|||25|||115|||304
m2_rows)|||1|||5|||170|||305
MAT4|||1|||15|||12|||305
n|||185|||21|||10|||305
]|||36|||21|||40|||305
=|||54|||12|||55|||306
[|||12|||4|||107|||307
*|||47|||11|||75|||307
side|||5|||11|||97|||307
;|||55|||11|||110|||307
*|||52|||11|||138|||307
x|||37|||11|||185|||308
]|||29|||11|||193|||308
n|||152|||16|||178|||308
val|||3|||17|||164|||308
=|||81|||17|||165|||308
,|||101|||17|||194|||308
\|||191|||21|||179|||308
\|||192|||21|||188|||308
(|||118|||21|||191|||308
=|||26|||5|||151|||309
n|||49|||7|||33|||309
0|||13|||12|||142|||309
w|||3|||16|||87|||309
(|||85|||16|||157|||309
\|||139|||16|||168|||309
100|||4|||21|||185|||309
\|||9|||1|||28|||310
]|||28|||11|||183|||310
(|||109|||21|||3|||310
)|||102|||21|||33|||310
n|||192|||21|||80|||310
j|||33|||21|||120|||310
>|||1|||3|||33|||311
]|||6|||3|||145|||311
MDeformVert|||1|||4|||4|||311
\|||27|||4|||43|||311
blockDim|||8|||4|||56|||311
\|||28|||4|||60|||311
/|||3|||13|||47|||311
ptr_double|||2|||13|||101|||311
*|||78|||14|||6|||311
xpp|||1|||14|||8|||311
int|||67|||14|||20|||311
*|||85|||15|||5|||311
threadIdx|||30|||23|||60|||311
*|||128|||23|||67|||311
float|||23|||11|||4|||312
,|||44|||11|||10|||312
=|||47|||11|||104|||312
int|||49|||11|||117|||312
+|||21|||11|||136|||312
=|||50|||11|||147|||312
*|||53|||11|||159|||312
<|||3|||2|||45|||313
n|||45|||6|||51|||313
\|||79|||11|||42|||313
blockDim|||17|||12|||35|||313
blockDim|||18|||13|||37|||313
.|||48|||14|||28|||313
\|||128|||16|||42|||313
;|||130|||24|||33|||313
)|||125|||25|||75|||313
=|||23|||5|||136|||314
m2[]|||1|||5|||143|||314
{5,|||1|||5|||145|||314
]|||32|||19|||67|||314
a|||4|||9|||146|||315
,|||38|||9|||147|||315
i|||59|||16|||189|||315
{|||6|||2|||52|||316
[|||2|||2|||58|||316
<|||11|||5|||58|||316
n|||46|||6|||55|||316
=|||29|||6|||60|||316
int|||46|||11|||53|||316
\|||119|||14|||48|||316
;|||81|||15|||57|||316
tid|||9|||19|||57|||316
n|||190|||21|||51|||316
,|||33|||8|||8|||317
:|||2|||4|||110|||318
99|||1|||12|||49|||318
threadIdx|||19|||16|||55|||318
i|||72|||21|||183|||318
:|||1|||4|||94|||319
]|||34|||19|||104|||319
(|||102|||19|||131|||319
uint32_t|||2|||24|||46|||319
(|||129|||24|||87|||319
[|||7|||3|||143|||320
n|||29|||4|||70|||320
i|||34|||8|||76|||320
=|||67|||14|||72|||320
count_closed_doors|||1|||21|||151|||320
]|||40|||24|||52|||320
\|||39|||5|||106|||321
m2\n|||1|||5|||126|||321
,|||91|||17|||131|||321
if|||33|||21|||181|||321
)|||73|||16|||89|||322
y1|||1|||19|||99|||322
gray|||1|||23|||16|||322
int|||109|||23|||89|||322
0|||25|||23|||92|||322
;|||129|||23|||93|||322
Allocate|||1|||5|||158|||323
*|||1|||0|||6|||324
index|||1|||0|||19|||324
dataBlockSize|||2|||0|||39|||324
P|||2|||0|||60|||324
filename|||1|||16|||6|||324
;|||84|||16|||77|||324
n|||143|||16|||79|||324
"|||2|||16|||88|||324
\|||133|||16|||100|||324
)|||80|||16|||191|||324
for|||11|||16|||195|||324
srslte_simd_cf_mul|||1|||9|||144|||325
>=|||6|||17|||154|||325
{|||56|||17|||161|||325
=|||98|||21|||166|||325
)|||39|||9|||113|||326
simd_f_t|||2|||9|||117|||326
x1|||3|||19|||142|||326
cosf|||2|||19|||145|||326
=|||9|||3|||94|||327
0|||4|||3|||104|||327
index|||8|||3|||138|||327
j|||31|||21|||102|||327
int|||10|||4|||17|||328
*|||13|||4|||22|||328
threadIdx|||12|||10|||24|||328
,|||43|||11|||7|||328
,|||86|||17|||11|||328
z|||6|||17|||72|||328
float|||31|||17|||141|||328
;|||51|||11|||67|||329
\|||81|||11|||68|||329
)|||67|||14|||62|||329
n|||133|||14|||67|||329
.|||64|||17|||62|||329
x|||3|||0|||31|||330
,|||18|||4|||38|||330
*|||21|||5|||37|||330
\|||43|||6|||28|||330
*|||51|||11|||134|||330
*|||106|||18|||20|||330
;|||104|||19|||40|||330
.|||77|||21|||19|||330
int|||101|||23|||12|||330
.|||93|||24|||27|||330
(|||15|||3|||123|||331
predictions|||2|||11|||148|||331
{|||36|||12|||79|||331
n|||115|||12|||127|||331
*|||136|||25|||133|||331
x|||2|||0|||27|||332
.|||31|||9|||29|||332
blockIdx|||14|||12|||31|||332
=|||59|||12|||148|||332
if|||24|||16|||93|||332
(|||111|||21|||56|||332
\|||11|||1|||48|||333
]|||2|||2|||60|||333
;|||11|||3|||54|||333
[|||17|||6|||57|||333
\|||50|||7|||51|||333
(|||30|||8|||53|||333
n|||86|||11|||49|||333
}|||16|||14|||50|||333
++|||7|||15|||58|||333
)|||77|||16|||152|||333
blockIdx|||21|||17|||53|||333
(|||94|||17|||152|||333
n|||219|||24|||44|||333
m2_rows|||1|||5|||19|||334
int|||18|||5|||21|||334
last_i|||1|||12|||18|||334
{|||34|||12|||20|||334
n|||3|||0|||43|||335
)|||3|||0|||56|||335
else|||1|||0|||70|||335
>=|||1|||0|||74|||335
;|||8|||2|||39|||335
&&|||2|||2|||47|||335
if|||5|||2|||55|||335
=|||31|||7|||36|||336
value|||2|||7|||40|||336
toggle_doors|||1|||21|||55|||336
=|||95|||21|||66|||336
(|||117|||21|||182|||336
;|||4|||1|||27|||337
*|||27|||6|||24|||337
b|||2|||6|||67|||337
.|||24|||7|||29|||337
blockIdx|||12|||10|||28|||337
i|||45|||10|||66|||337
)|||47|||10|||85|||337
int|||56|||12|||23|||337
*|||62|||12|||66|||337
int|||86|||19|||26|||337
\|||19|||3|||55|||338
+|||12|||6|||66|||338
\|||162|||19|||59|||338
\|||164|||19|||79|||338
n|||167|||17|||150|||339
)|||97|||19|||148|||339
*|||113|||19|||149|||339
*|||3|||1|||5|||340
*|||10|||4|||12|||340
*|||81|||14|||26|||340
x|||45|||14|||29|||340
xp|||1|||14|||56|||340
.|||92|||24|||23|||340
blockDim|||35|||24|||30|||340
const|||13|||24|||45|||340
*|||9|||4|||5|||341
n|||28|||4|||61|||341
,|||50|||11|||28|||341
,|||52|||11|||37|||341
j|||13|||11|||47|||341
blockDim|||16|||11|||60|||341
side|||8|||11|||158|||341
,|||116|||24|||11|||341
0xf0|||1|||24|||67|||341
)|||119|||24|||91|||341
)|||14|||4|||41|||342
paddingChar|||1|||0|||2|||343
mset|||1|||8|||2|||343
door|||1|||21|||2|||343
copy0|||1|||22|||2|||343
nPixel|||1|||23|||2|||343
;|||7|||2|||22|||344
*|||30|||7|||23|||344
=|||110|||25|||17|||344
gridDim|||2|||3|||45|||345
n|||26|||3|||137|||345
.|||61|||17|||45|||345
\|||144|||17|||48|||345
y|||14|||17|||51|||345
\|||156|||17|||162|||345
x|||79|||23|||62|||345
blockIdx|||32|||25|||18|||345
C|||1|||25|||49|||345
]|||41|||25|||60|||345
)|||126|||25|||82|||345
n|||233|||25|||126|||345
m1_rows|||3|||5|||83|||346
-|||2|||5|||99|||346
*|||28|||6|||36|||346
n|||99|||11|||144|||346
if|||9|||6|||47|||347
x|||28|||9|||38|||347
#if|||1|||9|||42|||347
SRSLTE_SIMD_CF_SIZE|||1|||9|||43|||347
-|||4|||10|||48|||347
(|||59|||12|||46|||347
j|||14|||15|||44|||347
int|||106|||23|||50|||347
while|||3|||24|||36|||347
*m;\n|||1|||5|||166|||348
dim3(m1_rows|||1|||5|||184|||348
;|||59|||11|||177|||348
predictions|||3|||11|||188|||348
.|||87|||23|||61|||349
&|||10|||25|||56|||349
<|||40|||25|||105|||349
++|||12|||25|||110|||349
;|||1|||0|||32|||350
threadIdx|||5|||4|||48|||350
\|||45|||6|||54|||350
simd_cf_t|||2|||9|||79|||350
&|||4|||9|||155|||350
if|||14|||10|||53|||350
classes|||2|||11|||135|||350
+|||25|||11|||172|||350
\|||136|||16|||125|||350
blockDim|||26|||18|||21|||350
=|||89|||19|||110|||350
x|||85|||24|||28|||350
n|||221|||24|||81|||350
int|||19|||5|||31|||351
.|||41|||12|||32|||351
blockDim|||31|||21|||171|||351
i|||11|||3|||110|||352
n|||96|||11|||124|||352
1|||6|||13|||92|||352
;|||87|||16|||121|||352
ppcg_inner_steps|||1|||25|||108|||352
threadIdx|||3|||2|||19|||353
*|||50|||11|||132|||353
{|||46|||15|||16|||353
[|||41|||21|||125|||353
\|||16|||3|||16|||354
n|||17|||3|||26|||354
>|||2|||3|||34|||354
\|||24|||3|||115|||354
1),|||1|||5|||183|||354
[|||32|||14|||69|||354
\|||185|||21|||137|||354
4};\n|||1|||5|||133|||355
memory|||1|||5|||159|||355
Launch|||1|||5|||174|||355
{|||38|||12|||136|||355
>>|||3|||24|||89|||355
,|||10|||4|||7|||356
*|||11|||4|||13|||356
cf_t|||1|||9|||5|||356
,|||55|||12|||7|||356
update_halo_kernel3_minus_4_b_c_wrapper|||1|||13|||2|||356
,|||68|||15|||7|||356
,|||85|||17|||7|||356
start|||1|||19|||8|||356
*|||69|||13|||9|||357
;|||92|||16|||188|||357
sinf|||1|||19|||130|||357
void|||19|||17|||1|||358
MRIgetVoxVal|||1|||17|||166|||358
\|||194|||23|||1|||358
;|||67|||12|||143|||359
;|||68|||12|||150|||359
dataBlockSize|||1|||0|||10|||360
int|||17|||5|||18|||360
n|||53|||8|||17|||360
,|||36|||9|||13|||360
*|||59|||12|||13|||360
int|||71|||16|||15|||360
int|||102|||23|||15|||360
n|||205|||23|||20|||360
[|||43|||23|||25|||360
}|||2|||0|||69|||361
&&|||1|||0|||78|||361
if|||17|||11|||70|||361
argb|||3|||24|||72|||361
n|||21|||3|||89|||362
(|||40|||9|||86|||362
;|||37|||9|||87|||362
n|||110|||12|||92|||362
+|||29|||13|||83|||362
*|||73|||13|||89|||362
;|||89|||16|||153|||363
doors|||6|||21|||155|||363
(|||10|||3|||3|||364
(|||29|||8|||3|||364
int|||22|||5|||138|||365
last_i|||4|||12|||116|||365
fid|||4|||16|||129|||365
(|||92|||17|||87|||365
mri|||3|||17|||96|||365
>|||9|||3|||65|||366
float|||6|||5|||4|||366
(|||21|||5|||80|||366
FLT|||1|||8|||4|||366
{|||21|||8|||62|||366
threadIdx|||13|||11|||64|||366
\|||96|||12|||80|||366
ii|||4|||12|||87|||366
)|||94|||19|||133|||366
if|||31|||21|||81|||366
{|||65|||21|||87|||366
[|||40|||21|||119|||366
i|||71|||21|||165|||366
(|||136|||25|||74|||366
[|||20|||8|||75|||367
(|||35|||9|||58|||367
n|||88|||11|||69|||367
(|||53|||11|||71|||367
]|||30|||14|||71|||367
\|||202|||23|||72|||367
index|||6|||0|||79|||368
i|||6|||3|||74|||368
[|||23|||8|||95|||368
;|||48|||10|||77|||368
(|||74|||14|||81|||368
blockIdx|||22|||17|||70|||368
x2|||1|||19|||72|||368
]|||33|||19|||77|||368
\|||216|||25|||65|||368
blockDim|||7|||3|||62|||369
->|||1|||3|||81|||369
[|||4|||3|||91|||369
0|||5|||3|||113|||369
(|||128|||24|||86|||369
(|||138|||25|||98|||369
dataBlockSize|||5|||0|||81|||370
;|||23|||4|||97|||370
;|||72|||13|||71|||370
(|||66|||13|||3|||371
vol_flux_x_p|||1|||13|||6|||371
,|||58|||13|||7|||371
*|||90|||16|||9|||371
MRI|||3|||17|||12|||371
uint32_t|||1|||24|||5|||371
i|||58|||16|||185|||372
=|||102|||23|||59|||372
size_t|||1|||14|||10|||373
return|||2|||14|||46|||373
v|||1|||15|||10|||373
(|||77|||15|||49|||373
n|||182|||20|||9|||373
blockDim|||28|||20|||25|||373
threadIdx|||7|||6|||41|||374
i|||26|||6|||58|||374
+|||16|||9|||35|||374
;|||46|||10|||42|||374
n|||186|||21|||27|||374
if|||30|||21|||28|||374
{|||76|||25|||40|||374
halo_update_driver|||1|||25|||116|||374
\|||5|||0|||49|||375
*|||15|||4|||55|||375
n|||137|||15|||47|||375
"|||10|||16|||163|||375
.|||98|||25|||131|||375
generate_v|||1|||3|||57|||376
<|||8|||3|||79|||376
threadIdx|||10|||8|||46|||376
if|||16|||10|||89|||376
int|||69|||15|||41|||376
4|||2|||15|||56|||376
;|||77|||15|||33|||377
;|||79|||15|||45|||377
r_|||2|||15|||64|||377
j|||18|||15|||66|||377
rand_d|||2|||19|||64|||377
x|||80|||23|||66|||377
n|||212|||23|||73|||377
x|||82|||23|||79|||377
)|||117|||24|||75|||377
(|||16|||4|||3|||378
defgrp_idx|||1|||4|||9|||378
,|||21|||5|||10|||378
*|||31|||8|||5|||378
(|||52|||11|||3|||378
*|||58|||12|||9|||378
(|||78|||16|||3|||378
input|||5|||16|||10|||378
*|||96|||17|||9|||378
float|||32|||19|||10|||378
*|||124|||22|||5|||378
*|||130|||24|||6|||378
(|||132|||25|||3|||378
.|||76|||21|||15|||379
count|||4|||5|||92|||380
}|||26|||25|||70|||380
pp|||1|||25|||100|||380
.|||55|||16|||39|||381
data_range|||1|||16|||22|||382
*|||125|||22|||9|||382
blockDim|||32|||22|||25|||382
doors|||7|||21|||192|||383
n|||216|||23|||104|||383
__global__|||10|||9|||0|||384
__global__|||14|||13|||0|||384
__global__|||26|||25|||0|||384
probs|||1|||11|||32|||385
int|||63|||13|||20|||385
int|||103|||23|||31|||385
dist|||1|||23|||41|||385
;|||58|||11|||152|||386
cosf|||3|||19|||150|||386
j|||30|||21|||97|||386
;|||91|||16|||184|||387
height|||1|||17|||98|||387
y|||21|||17|||190|||387
void|||3|||2|||1|||388
,|||12|||4|||16|||388
void|||9|||8|||1|||388
m1_rows|||5|||5|||135|||389
=|||109|||24|||85|||389
in|||1|||8|||13|||390
*|||60|||12|||17|||390
n|||130|||14|||45|||390
n|||170|||18|||13|||390
int|||85|||19|||19|||390
b|||5|||20|||13|||390
nx|||1|||22|||13|||390
n|||66|||9|||102|||391
srslte_simd_cfi_store|||1|||9|||153|||391
const|||14|||24|||56|||391
cc|||2|||25|||34|||391
[|||9|||4|||75|||392
;|||27|||5|||74|||392
if|||12|||8|||65|||392
>|||10|||10|||68|||392
i|||53|||12|||75|||392
writing|||1|||16|||113|||392
\|||137|||16|||137|||392
j|||21|||16|||197|||392
<|||2|||0|||80|||393
0|||9|||11|||105|||393
index|||9|||11|||118|||393
*|||67|||12|||115|||393
\|||167|||19|||116|||393
n|||179|||19|||117|||393
1|||1|||0|||77|||394
internal_count|||1|||3|||82|||394
{|||11|||4|||68|||394
;|||34|||8|||49|||394
;|||39|||9|||114|||394
)|||51|||11|||113|||394
+|||30|||13|||87|||394
*|||103|||17|||124|||394
rand_r|||3|||19|||111|||394
)|||111|||23|||17|||394
*|||129|||23|||80|||394
16|||1|||24|||64|||394
n|||228|||25|||72|||394
x|||90|||25|||132|||394
x|||57|||17|||88|||395
val|||2|||17|||119|||395
z|||10|||17|||136|||395
<=|||1|||17|||158|||395
atomicAdd|||1|||17|||181|||395
(|||96|||17|||182|||395
MRIFvox|||1|||17|||184|||395
,|||99|||17|||189|||395
,|||100|||17|||191|||395
x|||7|||2|||30|||396
ii|||1|||12|||24|||396
is_larger|||2|||12|||94|||396
]|||37|||21|||121|||396
n|||197|||21|||138|||396
x|||74|||21|||169|||396
{|||71|||23|||18|||396
n|||220|||24|||55|||396
.|||97|||25|||27|||396
x|||89|||25|||28|||396
[|||15|||5|||91|||397
*|||72|||13|||85|||397
,|||8|||3|||46|||398
(|||12|||3|||51|||398
gridDim|||3|||3|||60|||398
n|||62|||9|||24|||398
\|||60|||9|||48|||398
.|||39|||11|||65|||398
int|||65|||13|||43|||398
n|||122|||13|||51|||398
if|||21|||13|||52|||398
m2|||2|||5|||96|||399
2;\n|||2|||5|||152|||399
{|||23|||8|||88|||399
\|||78|||10|||96|||399
<|||33|||19|||89|||399
\|||189|||21|||148|||399
}|||15|||13|||97|||400
=|||80|||17|||143|||400
=|||10|||3|||103|||401
j|||6|||3|||128|||401
<|||9|||3|||129|||401
%d|||1|||16|||144|||401
.|||82|||21|||168|||401
*|||6|||2|||31|||402
char|||3|||7|||34|||402
\|||102|||12|||126|||402
sum|||4|||12|||140|||402
;|||86|||16|||117|||402
fprintf|||3|||16|||156|||402
blockDim|||27|||19|||33|||402
start|||2|||19|||55|||402
>|||12|||19|||160|||402
*|||122|||21|||158|||402
0|||17|||16|||183|||403
&|||6|||17|||183|||403
n|||23|||3|||107|||404
int|||45|||11|||44|||404
opened|||1|||16|||111|||404
i|||65|||21|||12|||404
void|||2|||1|||1|||405
void|||6|||5|||1|||405
void|||7|||6|||1|||405
void|||8|||7|||1|||405
void|||10|||9|||1|||405
void|||11|||10|||1|||405
void|||12|||11|||1|||405
void|||13|||12|||1|||405
void|||14|||13|||1|||405
void|||15|||14|||1|||405
void|||18|||16|||1|||405
void|||20|||18|||1|||405
void|||21|||19|||1|||405
void|||22|||20|||1|||405
>|||6|||3|||50|||406
c|||2|||6|||56|||406
n|||56|||8|||56|||406
i|||48|||11|||45|||406
.|||57|||16|||52|||406
,|||90|||17|||25|||406
blockDim|||24|||17|||57|||406
.|||63|||17|||58|||406
(|||131|||24|||97|||406
for|||3|||5|||160|||407
=|||39|||9|||143|||407
\|||66|||9|||151|||407
\|||89|||11|||178|||407
(|||86|||16|||171|||407
for|||10|||16|||179|||407
<|||36|||21|||184|||407
*|||32|||8|||6|||408
n|||132|||14|||52|||408
,|||72|||16|||11|||408
a|||6|||22|||6|||408
j|||35|||22|||19|||408
buffer|||1|||7|||6|||409
only_objectness|||1|||11|||39|||409
miIndexedPtr|||1|||23|||5|||409
Pixel|||1|||23|||8|||409
.|||18|||5|||43|||410
.|||44|||13|||30|||410
n|||188|||21|||45|||410
*|||34|||8|||41|||411
box_index|||2|||11|||190|||411
\|||140|||16|||177|||411
n|||162|||17|||115|||411
)|||88|||17|||193|||411
{|||69|||21|||187|||411
j|||8|||3|||147|||412
{|||12|||5|||28|||412
.|||19|||6|||34|||412
.|||53|||16|||31|||412
n|||187|||21|||36|||412
int|||12|||4|||30|||413
MRI|||4|||17|||22|||413
=|||76|||17|||35|||413
)|||101|||21|||7|||413
n|||193|||21|||89|||413
]|||16|||6|||59|||414
a|||2|||6|||62|||414
.|||26|||8|||26|||414
<|||16|||8|||59|||414
n|||217|||24|||18|||414
;|||131|||24|||53|||414
(|||135|||25|||55|||414
if|||10|||7|||44|||415
\|||54|||8|||63|||415
\|||130|||16|||72|||415
int|||79|||17|||67|||415
z|||5|||17|||68|||415
=|||78|||17|||69|||415
;|||24|||4|||117|||416
=|||22|||5|||129|||416
,|||82|||16|||164|||417
n|||168|||17|||163|||417
i|||14|||4|||64|||418
]|||8|||4|||77|||418
)|||29|||8|||70|||418
[|||25|||9|||124|||418
\|||67|||9|||164|||418
)|||46|||10|||70|||418
/|||2|||11|||87|||418
Max|||1|||14|||76|||418
{|||47|||15|||61|||418
data_rows|||2|||16|||65|||418
(|||80|||16|||83|||418
;|||118|||21|||96|||418
\|||204|||23|||87|||418
=|||108|||24|||59|||418
)|||53|||11|||174|||419
*|||65|||12|||102|||419
is_larger|||3|||12|||103|||419
n|||169|||17|||180|||419
0|||21|||19|||86|||419
\|||169|||19|||155|||419
]|||21|||8|||94|||420
filename|||2|||16|||84|||420
,|||84|||16|||218|||420
x|||1|||0|||23|||421
blockIdx|||3|||2|||11|||421
j|||1|||2|||26|||421
val|||1|||3|||23|||421
.|||23|||7|||25|||421
\|||51|||8|||16|||421
y|||8|||9|||12|||421
x|||31|||10|||26|||421
int|||54|||12|||12|||421
,|||73|||16|||14|||421
\|||170|||20|||16|||421
*|||118|||21|||17|||421
\|||173|||21|||26|||421
\|||193|||22|||16|||421
*|||127|||23|||9|||421
,|||114|||23|||14|||421
pixels|||2|||23|||24|||421
defvert_find_index|||1|||4|||111|||422
<|||17|||9|||89|||422
fid|||6|||16|||158|||422
\|||148|||17|||107|||422
;|||110|||19|||105|||422
n|||195|||21|||117|||422
__global__|||4|||3|||0|||423
__global__|||5|||4|||0|||423
__global__|||12|||11|||0|||423
__global__|||18|||17|||0|||423
__global__|||20|||19|||0|||423
,|||13|||4|||19|||424
h|||1|||11|||24|||424
,|||49|||11|||25|||424
mass_flux_x_p|||1|||13|||10|||424
threadIdx|||17|||15|||22|||424
[|||34|||16|||223|||424
m2_cols|||1|||5|||22|||425
*|||33|||8|||24|||425
int|||34|||9|||19|||425
int|||57|||12|||28|||425
int|||73|||16|||21|||425
Pixel|||2|||23|||21|||425
0|||24|||23|||26|||425
{|||73|||24|||16|||425
x|||38|||12|||33|||426
\|||92|||12|||43|||426
threadIdx|||16|||14|||31|||426
blockIdx|||20|||17|||36|||426
[|||39|||21|||38|||426
==|||2|||8|||68|||427
input|||4|||10|||73|||427
(|||55|||11|||162|||427
n|||104|||12|||27|||427
n|||175|||19|||70|||427
x|||83|||23|||83|||427
blockIdx|||31|||24|||26|||427
n|||184|||20|||34|||428
square|||1|||11|||15|||429
int|||41|||11|||17|||429
mtx|||1|||15|||14|||429
"|||11|||16|||215|||430
+|||47|||21|||128|||430
\|||2|||0|||33|||431
n|||75|||10|||20|||431
.|||69|||18|||22|||431
+|||45|||21|||21|||431
int|||6|||2|||25|||432
,|||6|||3|||22|||432
blockDim|||11|||7|||24|||432
.|||27|||8|||30|||432
=|||106|||24|||21|||432
blockDim|||36|||25|||22|||432
;|||29|||6|||44|||433
float|||22|||10|||45|||433
;|||82|||16|||41|||433
)|||122|||25|||39|||433
float|||11|||5|||165|||434
cudaMalloc(&m,|||1|||5|||167|||434
sizeof(float));\n\n|||1|||5|||172|||434
(|||88|||16|||196|||434
)|||109|||21|||186|||434
j|||5|||3|||124|||435
i|||38|||9|||96|||435
\|||77|||10|||87|||435
int|||50|||11|||128|||435
p_index|||1|||11|||129|||435
is_larger|||4|||12|||147|||435
n|||144|||16|||92|||435
x2|||2|||19|||121|||435
if|||32|||21|||107|||435
[|||13|||5|||65|||436
count|||3|||5|||66|||436
]|||13|||5|||73|||436
P|||1|||0|||7|||437
m1|||1|||5|||6|||437
const|||6|||9|||9|||437
input|||2|||10|||6|||437
num|||3|||11|||12|||437
(|||58|||12|||3|||437
sum|||2|||12|||6|||437
const|||9|||14|||4|||437
*|||89|||16|||5|||437
(|||91|||17|||3|||437
mri|||1|||17|||6|||437
int|||83|||19|||4|||437
int|||84|||19|||7|||437
indices|||1|||4|||23|||438
MDeformVert|||2|||4|||81|||438
n|||109|||12|||81|||438
{|||41|||13|||75|||438
,|||67|||14|||83|||438
fid|||7|||16|||213|||438
input|||6|||16|||222|||438
n|||230|||25|||85|||438
=|||4|||1|||34|||439
n|||10|||1|||41|||439
weights|||2|||4|||74|||439
*|||92|||16|||50|||439
fields|||1|||13|||15|||440
n|||128|||14|||19|||440
float|||33|||19|||14|||440
)|||91|||19|||22|||440
=|||83|||19|||28|||440
int|||90|||20|||18|||440
.|||75|||20|||30|||440
void|||1|||0|||1|||441
,|||1|||0|||8|||441
SS3D_Mtx_Transform|||1|||15|||2|||441
VEC4|||1|||15|||4|||441
void|||27|||24|||1|||441
src|||1|||24|||7|||441
.|||94|||24|||31|||441
srslte_simd_cfi_load|||1|||9|||106|||442
i|||41|||9|||158|||442
r|||2|||9|||161|||442
;|||43|||9|||163|||442
)|||76|||16|||135|||442
i|||57|||16|||181|||442
=|||74|||16|||182|||442
(|||89|||16|||212|||442
val|||4|||17|||195|||442
x|||6|||1|||26|||443
)|||17|||5|||27|||443
\|||48|||7|||32|||443
;|||33|||8|||32|||443
boxes|||1|||11|||36|||443
x|||75|||21|||173|||443
n|||2|||0|||34|||444
if|||2|||0|||51|||444
\|||29|||4|||69|||444
blockDim|||10|||6|||37|||444
)|||63|||13|||57|||444
0|||14|||13|||66|||444
if|||8|||5|||79|||445
)|||19|||5|||86|||445
{|||14|||5|||87|||445
n|||40|||5|||110|||445
m1|||3|||5|||124|||445
+|||10|||5|||185|||445
)|||32|||9|||60|||446
&&|||5|||9|||61|||446
for|||7|||13|||61|||446
n|||225|||25|||53|||446
x|||22|||8|||23|||447
temp|||1|||10|||12|||447
,|||75|||16|||20|||447
*|||100|||17|||39|||447
doors|||2|||21|||37|||447
(|||113|||21|||91|||447
1|||11|||23|||34|||447
)|||113|||24|||15|||447
;|||135|||25|||76|||447
}|||1|||0|||48|||448
.|||14|||4|||53|||448
x|||11|||4|||54|||448
n|||34|||5|||54|||448
\|||125|||15|||46|||448
"|||9|||16|||160|||448
n|||210|||23|||54|||448
,|||96|||17|||173|||449
)|||87|||17|||177|||449
idx|||1|||11|||54|||450
cc|||3|||25|||59|||450
last_i|||2|||12|||67|||451
n|||87|||11|||52|||452
)|||92|||19|||48|||452
chunks|||2|||25|||57|||452
)|||2|||0|||40|||453
const|||1|||1|||11|||453
)|||24|||7|||13|||453
,|||42|||10|||13|||453
{|||75|||25|||12|||453
\|||53|||8|||50|||454
]|||24|||9|||159|||454
{|||29|||10|||59|||454
\|||75|||10|||78|||454
blockIdx|||19|||16|||47|||454
y|||15|||17|||55|||454
.|||65|||17|||71|||454
*|||119|||21|||58|||454
threadId|||1|||23|||58|||454
,|||23|||5|||17|||455
int|||37|||10|||21|||455
{|||44|||14|||17|||455
threadIdx|||26|||21|||22|||455
\|||195|||23|||19|||455
;|||124|||23|||42|||455
threadIdx|||31|||24|||22|||455
n|||55|||8|||51|||456
0|||10|||11|||192|||456
i|||50|||12|||47|||456
i|||70|||21|||111|||456
if|||34|||21|||190|||456
nodes|||1|||1|||33|||457
\|||10|||1|||40|||457
unsigned|||4|||1|||42|||457
else|||3|||8|||87|||457
const|||10|||14|||53|||457
\|||121|||14|||66|||457
.|||3|||0|||30|||458
.|||12|||2|||37|||458
x|||39|||12|||37|||458
=|||93|||21|||13|||458
x|||70|||21|||24|||458
;|||116|||21|||43|||458
tid|||3|||14|||21|||459
.|||68|||18|||18|||459
\|||159|||19|||24|||459
=|||92|||20|||20|||459
{|||63|||21|||34|||459
=|||99|||22|||20|||459
i|||73|||23|||90|||459
i|||15|||4|||76|||460
}|||7|||8|||86|||460
__alignof__|||2|||9|||62|||460
}|||10|||10|||80|||460
)|||50|||11|||79|||460
>|||11|||12|||76|||460
=|||62|||13|||65|||460
z|||7|||17|||76|||460
+|||39|||17|||77|||460
.|||91|||23|||82|||460
(|||126|||24|||70|||460
n|||123|||13|||60|||461
n_x|||2|||13|||68|||461
y|||17|||17|||63|||461
)|||85|||17|||137|||461
,|||94|||17|||169|||461
n|||227|||25|||69|||461
->|||4|||17|||97|||462
y|||19|||17|||134|||462
\|||153|||17|||139|||462
dvert|||1|||4|||6|||463
x|||10|||4|||50|||463
;|||21|||4|||59|||463
=|||15|||4|||73|||463
[|||10|||4|||87|||463
indices|||2|||4|||88|||463
]|||9|||4|||93|||463
n|||124|||13|||77|||463
const|||15|||24|||82|||463
blockDim|||3|||2|||15|||464
=|||32|||8|||20|||464
*|||37|||9|||15|||464
*|||40|||10|||15|||464
blockDim|||19|||14|||27|||464
,|||74|||16|||17|||464
float|||28|||17|||16|||464
+|||20|||11|||123|||465
*|||74|||13|||91|||465
fprintf|||2|||16|||139|||465
%|||3|||21|||131|||465
n|||198|||21|||141|||465
=|||1|||0|||20|||466
blockIdx|||2|||1|||20|||466
w|||2|||11|||21|||466
low_val|||1|||17|||17|||466
\|||36|||5|||75|||467
n|||36|||5|||76|||467
}|||3|||5|||77|||467
2;\n\n|||1|||5|||141|||467
int|||97|||21|||157|||467
<|||10|||4|||65|||468
;|||57|||11|||142|||468
=|||64|||13|||103|||468
(|||73|||14|||77|||468
&&|||8|||16|||66|||468
pmask|||2|||17|||145|||468
y|||2|||2|||17|||469
.|||25|||8|||22|||469
\n|||4|||16|||162|||469
x|||54|||17|||38|||469
.|||2|||0|||26|||470
)|||11|||3|||68|||470
SRSLTE_SIMD_F_SIZE|||1|||9|||47|||470
row|||1|||11|||84|||470
(|||61|||12|||74|||470
+|||34|||15|||25|||470
threadIdx|||22|||17|||78|||470
float|||35|||19|||71|||470
<|||15|||8|||55|||471
\|||80|||11|||51|||471
blockIdx|||13|||11|||56|||471
.|||38|||11|||61|||471
x|||35|||11|||62|||471
<|||23|||12|||48|||471
==|||11|||25|||48|||471
<<|||2|||3|||44|||472
if|||18|||12|||45|||472
;|||69|||13|||40|||472
created|||1|||16|||109|||472
\|||178|||21|||52|||472
n|||209|||23|||49|||472
\|||26|||3|||136|||473
,|||89|||17|||21|||473
100|||1|||21|||32|||473
=|||101|||23|||33|||473
dst|||1|||24|||14|||473
;|||10|||3|||39|||474
)|||45|||10|||58|||474
;|||75|||14|||47|||474
=|||72|||16|||46|||474
)|||114|||24|||41|||474
\|||20|||3|||70|||475
(|||14|||3|||73|||475
1|||5|||13|||86|||476
if|||35|||25|||32|||476
,|||118|||25|||61|||476
settings|||4|||25|||62|||476
true|||1|||25|||93|||476
;|||137|||25|||94|||476
=|||112|||25|||101|||476
,|||62|||13|||93|||477
\|||113|||13|||94|||477
,|||57|||12|||15|||478
{|||50|||16|||99|||478
<<|||3|||3|||59|||479
time_step|||3|||3|||67|||479
m1_rows|||2|||5|||59|||479
]|||25|||10|||67|||479
<|||21|||11|||73|||479
ii|||3|||12|||69|||479
)|||72|||16|||70|||479
*|||24|||6|||12|||480
i|||25|||6|||49|||480
else|||4|||9|||170|||480
xdim1_update_halo_kernel3_minus_4_b|||1|||13|||113|||480
->|||3|||17|||91|||480
>=|||5|||17|||101|||480
.|||40|||11|||184|||481
\|||182|||21|||105|||481
FIELD_SD|||1|||25|||90|||481
int|||23|||5|||149|||482
the|||2|||5|||161|||482
output|||1|||5|||162|||482
index|||4|||0|||62|||483
i|||27|||6|||64|||483
if|||13|||9|||50|||483
(|||49|||10|||63|||483
n|||107|||12|||59|||483
*|||84|||14|||63|||483
n|||141|||16|||60|||483
z|||1|||6|||25|||484
len|||1|||9|||20|||484
.|||34|||10|||25|||484
=|||65|||14|||22|||484
threadIdx|||23|||18|||25|||484
[|||26|||9|||157|||485
\|||88|||11|||153|||485
nint|||2|||12|||132|||485
n|||118|||12|||145|||485
(|||103|||19|||136|||485
\|||187|||21|||143|||485
[|||42|||21|||193|||485
*|||133|||25|||5|||486
+|||52|||25|||25|||486
->|||6|||25|||37|||486
\|||218|||25|||71|||486
[|||46|||25|||89|||486
int|||113|||25|||99|||486
)|||128|||25|||123|||486
int|||3|||1|||32|||487
;|||5|||1|||39|||487
*|||4|||1|||19|||488
,|||5|||3|||20|||488
<|||5|||3|||28|||488
.|||21|||6|||42|||488
x|||19|||7|||22|||488
.|||33|||9|||37|||488
blockDim|||15|||10|||32|||488
\|||72|||10|||43|||488
=|||60|||13|||28|||488
;|||78|||15|||38|||488
n|||140|||16|||43|||488
+|||37|||17|||43|||488
cc|||1|||25|||16|||488
\n|||1|||16|||114|||489
"|||4|||16|||115|||489
)|||78|||16|||166|||489
;|||90|||16|||167|||489
{|||51|||16|||176|||489
b|||4|||9|||136|||490
n|||69|||9|||140|||490
index|||10|||11|||182|||490
b|||3|||9|||118|||491
%d|||2|||16|||145|||491
x1|||2|||19|||132|||491
m|||3|||5|||90|||492
for|||4|||9|||85|||492
%|||1|||11|||96|||492
while|||1|||12|||82|||492
*|||64|||12|||93|||492
\|||112|||13|||76|||492
{|||60|||19|||95|||492
+|||5|||2|||35|||493
3,|||1|||5|||132|||493
[|||19|||6|||68|||493
float|||26|||11|||145|||493
=|||63|||13|||80|||493
1|||7|||13|||109|||493
i|||68|||21|||65|||493
}|||22|||21|||139|||493
x|||76|||21|||177|||493
if|||20|||12|||73|||494
\|||183|||21|||116|||494
update_global_node_set|||1|||1|||2|||495
x|||25|||9|||7|||495
int|||53|||12|||8|||495
double|||1|||13|||4|||495
*|||68|||13|||5|||495
MRI|||2|||17|||8|||495
,|||104|||19|||9|||495
{|||15|||5|||116|||496
input|||1|||5|||122|||496
int|||21|||5|||134|||496
(|||65|||12|||134|||496
MDeformWeight|||1|||4|||11|||497
n|||27|||4|||44|||497
int|||14|||4|||45|||497
MDeformWeight|||2|||4|||100|||498
m2_cols|||2|||5|||154|||498
m\n|||1|||5|||164|||498
n_y|||4|||13|||111|||498
n|||146|||16|||119|||498
n|||163|||17|||117|||498
0|||20|||17|||176|||498
n|||202|||21|||180|||498
sizeof|||1|||9|||57|||499
simd_cf_t|||1|||9|||59|||499
(|||36|||9|||63|||499
y|||9|||9|||64|||499
