void|||3|||2|||0|||0
void|||5|||4|||0|||0
void|||14|||15|||0|||0
void|||16|||18|||0|||0
void|||19|||22|||0|||0
static|||2|||23|||0|||0
void|||20|||24|||0|||0
&&|||6|||14|||19|||1
[|||14|||4|||90|||2
i|||29|||4|||91|||2
*|||32|||11|||105|||2
)|||77|||17|||96|||2
=|||95|||19|||89|||2
(|||38|||9|||53|||3
1|||6|||9|||61|||3
j|||30|||19|||68|||3
src_end|||1|||24|||20|||3
=|||31|||7|||32|||4
<|||8|||7|||36|||4
;|||89|||12|||68|||4
"|||3|||16|||53|||4
d|||1|||16|||92|||4
=|||79|||16|||127|||4
int|||57|||17|||0|||5
MRIaccumulateMaskedMeansAndVariances|||1|||17|||1|||5
(|||86|||17|||2|||5
MRI|||1|||17|||3|||5
*|||62|||17|||4|||5
,|||78|||17|||6|||5
mri_dof|||1|||17|||13|||5
float|||22|||17|||15|||5
)|||78|||17|||110|||5
(|||49|||11|||2|||6
int|||35|||11|||92|||6
]|||22|||11|||122|||6
num|||8|||11|||140|||6
uint64_t|||2|||0|||13|||7
=|||4|||1|||15|||7
i|||43|||8|||16|||7
d|||3|||16|||110|||7
;|||124|||16|||116|||7
{|||4|||2|||4|||8
{|||12|||5|||9|||8
int|||16|||7|||10|||8
in|||1|||8|||12|||8
int|||40|||12|||8|||8
int|||68|||21|||5|||8
,|||99|||22|||12|||8
uint64_t|||1|||0|||10|||9
=|||1|||0|||21|||9
-|||1|||0|||34|||9
int|||31|||11|||37|||9
=|||19|||4|||60|||10
i|||31|||5|||63|||10
{|||57|||21|||63|||10
CARD32|||1|||23|||55|||10
->|||7|||23|||59|||10
>>|||1|||24|||48|||10
]|||39|||25|||53|||10
{|||1|||0|||16|||11
=|||75|||15|||24|||11
;|||53|||9|||62|||12
,|||33|||9|||117|||12
restrict|||1|||13|||6|||12
fields_to_exchange|||1|||25|||79|||12
(|||60|||13|||48|||13
<|||23|||17|||77|||13
x2|||2|||19|||90|||14
<|||20|||15|||28|||15
j|||9|||3|||87|||16
&|||3|||9|||85|||16
-|||6|||14|||101|||16
"|||8|||16|||97|||16
softmax_array|||1|||10|||5|||17
sum|||2|||12|||6|||17
float|||26|||19|||13|||17
(|||100|||21|||50|||17
for|||3|||2|||15|||18
,|||28|||8|||17|||18
(|||31|||8|||21|||18
{|||40|||15|||12|||18
*|||9|||4|||25|||19
int|||14|||6|||27|||19
(|||41|||9|||96|||19
++|||22|||21|||22|||19
[|||36|||21|||27|||19
neighbors|||1|||3|||95|||20
for|||34|||17|||112|||20
i|||93|||19|||53|||20
0x80|||1|||0|||22|||21
[|||22|||10|||53|||21
*|||30|||11|||57|||21
{|||31|||13|||46|||21
n_x|||5|||13|||87|||22
(|||83|||16|||118|||22
get_maxnodes|||1|||1|||16|||23
val|||1|||3|||20|||23
{|||62|||24|||15|||23
*|||4|||3|||11|||24
{|||17|||8|||14|||24
nx|||1|||22|||14|||24
num|||9|||23|||12|||24
m2|||3|||5|||50|||25
(|||22|||5|||62|||25
x|||2|||9|||38|||25
<|||11|||10|||43|||25
count|||1|||1|||22|||26
;|||7|||1|||31|||26
;|||35|||5|||27|||26
m2|||2|||5|||36|||26
for|||19|||11|||78|||26
)|||43|||11|||90|||26
[|||26|||11|||156|||27
for|||26|||14|||149|||27
pixels|||3|||23|||52|||28
;|||163|||23|||54|||28
time_step|||1|||3|||4|||29
*|||5|||4|||4|||29
(|||33|||9|||2|||29
,|||65|||16|||6|||29
PPCG|||1|||25|||6|||29
unsigned|||1|||0|||5|||30
<|||16|||13|||40|||31
argb|||2|||24|||47|||31
indices|||3|||4|||75|||32
if|||4|||10|||50|||32
]|||20|||10|||55|||32
not|||1|||16|||60|||32
;|||132|||17|||63|||32
(|||95|||19|||57|||32
=|||92|||19|||60|||32
uint8_t|||2|||24|||42|||32
node_no|||1|||1|||21|||33
;|||14|||3|||21|||33
#if|||1|||9|||27|||33
int|||44|||13|||20|||33
4|||2|||15|||29|||33
i|||76|||12|||53|||34
&&|||5|||12|||66|||34
size_t|||1|||14|||9|||34
;|||93|||13|||53|||35
n_x|||3|||13|||58|||35
(|||54|||11|||154|||36
1|||12|||13|||89|||36
)|||59|||14|||105|||36
(|||114|||25|||21|||36
float|||5|||4|||58|||37
for|||9|||6|||37|||37
)|||82|||19|||69|||37
y1|||1|||19|||72|||37
)|||48|||12|||49|||38
=|||105|||23|||57|||38
hv_sol|||1|||3|||67|||39
depth|||3|||17|||68|||39
for|||32|||17|||70|||39
for|||37|||19|||56|||39
count|||2|||5|||13|||40
0|||14|||5|||15|||40
m|||2|||5|||20|||40
.|||2|||5|||25|||40
)|||18|||5|||59|||41
)|||21|||6|||69|||41
;|||52|||9|||54|||41
(|||47|||10|||51|||41
input|||3|||10|||61|||41
rand_d|||3|||19|||74|||41
v|||2|||23|||56|||41
argb|||3|||24|||57|||41
)|||96|||24|||60|||41
largest|||2|||10|||57|||42
=|||64|||13|||83|||42
else|||2|||14|||129|||42
data_range|||2|||16|||114|||43
;|||126|||16|||133|||43
;|||138|||17|||111|||43
=|||2|||0|||28|||44
<=|||1|||0|||32|||44
,|||14|||4|||33|||44
omp|||4|||12|||30|||44
j|||22|||15|||27|||44
;|||141|||19|||29|||44
u_int|||1|||1|||10|||45
;|||15|||3|||26|||45
++|||3|||3|||50|||45
)|||12|||3|||51|||45
-|||2|||3|||102|||45
;|||94|||13|||57|||45
classes|||3|||11|||132|||46
{|||44|||16|||123|||46
ii|||3|||12|||73|||47
"|||1|||16|||39|||47
++|||18|||17|||81|||47
j|||39|||22|||22|||47
pIndexed|||2|||23|||58|||47
z|||2|||9|||15|||48
len|||1|||9|||19|||48
i|||47|||9|||23|||48
&&|||3|||9|||40|||48
[|||20|||9|||87|||48
const|||5|||9|||17|||49
{|||18|||9|||21|||49
0|||19|||9|||25|||49
SRSLTE_IS_ALIGNED|||1|||9|||36|||49
srslte_simd_f_load|||1|||9|||83|||49
]|||18|||9|||89|||49
int|||9|||4|||28|||50
(|||28|||7|||30|||50
++|||8|||8|||31|||50
(|||53|||11|||137|||50
;|||114|||15|||26|||50
mri_mean|||1|||17|||23|||50
int|||49|||14|||41|||51
{|||56|||21|||48|||51
;|||20|||3|||59|||52
;|||59|||9|||127|||52
if|||10|||25|||61|||52
n_y|||4|||13|||72|||53
xdim0_update_halo_kernel3_minus_4_b|||1|||13|||74|||53
1|||11|||13|||76|||53
VEC4|||1|||15|||3|||53
,|||62|||15|||5|||53
v|||1|||15|||7|||53
;|||3|||0|||36|||54
j|||3|||2|||35|||54
<=|||4|||21|||42|||54
}|||2|||9|||122|||55
col|||2|||11|||162|||55
)|||46|||11|||163|||55
;|||96|||13|||99|||55
,|||2|||0|||12|||56
++|||4|||3|||88|||56
i|||88|||18|||15|||56
[|||35|||21|||7|||56
=|||96|||21|||15|||56
int|||75|||23|||14|||56
*|||77|||25|||12|||56
%|||1|||11|||75|||57
r_|||1|||15|||14|||57
j|||32|||19|||84|||57
omp|||2|||6|||36|||58
n|||6|||10|||44|||58
;|||67|||10|||72|||58
boxes|||1|||11|||35|||58
*|||25|||10|||18|||59
i|||55|||10|||23|||59
0|||27|||12|||27|||59
x_size|||1|||13|||21|||59
SIZEOF_USHORT|||1|||14|||22|||59
]|||34|||21|||29|||59
bestDist|||1|||23|||27|||59
fopen|||1|||16|||35|||60
=|||10|||2|||32|||61
++|||2|||2|||40|||61
int|||7|||4|||15|||61
*|||11|||4|||84|||61
=|||21|||4|||86|||61
&|||7|||24|||51|||61
weights|||2|||4|||61|||62
[|||16|||6|||61|||62
(|||37|||9|||47|||62
len|||3|||9|||130|||62
output|||1|||10|||19|||62
;|||84|||12|||24|||62
;|||101|||14|||50|||62
*|||52|||14|||57|||62
j|||27|||16|||144|||62
++|||21|||19|||67|||62
<=|||5|||21|||57|||62
rg|||1|||24|||43|||62
int|||5|||3|||74|||63
j|||8|||3|||83|||63
{|||16|||7|||42|||64
=|||40|||10|||32|||64
]|||12|||4|||81|||65
<|||10|||9|||129|||65
n|||7|||10|||75|||65
ptr_double|||1|||13|||62|||65
ba|||1|||24|||67|||65
=|||109|||24|||68|||65
]|||3|||2|||50|||66
,|||18|||5|||53|||66
+|||9|||11|||113|||66
;|||129|||17|||45|||66
ppcg_inner_steps|||1|||25|||97|||66
;|||5|||1|||20|||67
i|||6|||1|||28|||67
)|||75|||17|||28|||67
)|||99|||25|||35|||67
,|||106|||25|||55|||67
}|||14|||25|||71|||67
pp|||3|||25|||100|||67
)|||106|||25|||110|||67
=|||25|||5|||43|||68
=|||56|||12|||40|||68
int|||71|||21|||51|||68
src|||4|||24|||38|||68
float|||21|||11|||116|||69
box_index|||1|||11|||125|||69
,|||82|||17|||20|||69
MRI|||4|||17|||21|||69
*|||65|||17|||22|||69
BUFTYPE|||1|||17|||46|||69
->|||5|||17|||61|||69
int|||76|||23|||26|||69
;|||33|||5|||16|||70
.|||1|||5|||21|||70
cols|||2|||5|||26|||70
.|||8|||5|||51|||70
for|||13|||8|||33|||70
,|||32|||9|||106|||71
p_index|||1|||11|||102|||71
[|||25|||11|||148|||71
cf_t|||2|||9|||13|||72
;|||82|||12|||16|||72
parallel|||2|||12|||31|||72
int|||43|||13|||15|||72
7|||1|||14|||72|||72
tmp|||3|||14|||126|||72
16|||1|||24|||49|||72
n_y|||1|||13|||35|||73
for|||2|||1|||26|||74
generate_u|||1|||3|||27|||74
,|||13|||4|||30|||74
i|||32|||6|||28|||74
probs|||1|||11|||31|||74
;|||85|||12|||28|||74
nodes|||2|||1|||34|||75
*|||12|||5|||57|||75
for|||17|||10|||67|||75
0|||8|||3|||41|||76
i|||17|||3|||49|||76
0|||9|||3|||58|||76
n|||8|||11|||46|||76
;|||72|||11|||77|||76
n|||11|||11|||89|||76
int|||36|||11|||101|||76
+|||13|||11|||158|||76
rows|||2|||5|||34|||77
dist|||1|||23|||34|||77
;|||164|||24|||25|||77
(|||63|||14|||58|||78
#pragma|||7|||14|||141|||78
dv|||2|||4|||96|||79
x|||3|||9|||74|||79
)|||71|||16|||102|||79
"|||9|||16|||108|||79
i|||86|||16|||130|||80
zero_array|||1|||18|||1|||80
(|||97|||21|||2|||80
=|||113|||25|||116|||80
=|||18|||4|||47|||81
0|||13|||4|||48|||81
=|||44|||11|||51|||81
;|||91|||13|||38|||81
;|||48|||8|||25|||82
h|||1|||11|||23|||82
<|||12|||10|||74|||83
j|||17|||14|||83|||83
fid|||5|||16|||88|||83
{|||47|||17|||83|||83
[|||34|||19|||83|||83
doors|||4|||21|||79|||83
,|||98|||22|||7|||83
int|||4|||3|||15|||84
,|||101|||23|||10|||84
ppcg_inner_iterations|||1|||25|||9|||84
stencil_size|||1|||3|||85|||85
:|||2|||4|||93|||85
++|||1|||0|||38|||86
&&|||1|||1|||35|||86
if|||1|||2|||43|||86
{|||15|||7|||13|||87
0|||21|||10|||40|||87
is_larger|||1|||12|||9|||87
}|||4|||12|||75|||87
}|||5|||12|||76|||87
(|||9|||2|||44|||88
;|||49|||8|||29|||88
+|||8|||11|||109|||89
.|||9|||11|||151|||89
LOOPCNT|||2|||14|||93|||89
=|||71|||14|||125|||89
;|||161|||23|||38|||90
<|||4|||3|||44|||91
;|||100|||14|||45|||91
"|||10|||16|||112|||91
padding|||1|||0|||0|||92
matrix|||1|||5|||0|||92
+|||19|||13|||90|||92
(|||105|||23|||3|||92
1|||17|||23|||29|||92
i|||1|||0|||27|||93
omp|||1|||6|||31|||93
-|||3|||9|||58|||93
i|||59|||10|||54|||93
=|||42|||10|||60|||93
/|||2|||11|||68|||93
int|||34|||11|||71|||93
(|||57|||12|||63|||93
=|||62|||13|||51|||93
=|||68|||14|||68|||93
)|||69|||16|||71|||93
\n|||2|||16|||82|||93
rand_r|||3|||19|||82|||93
;|||152|||21|||32|||93
indices|||2|||4|||73|||94
{|||23|||10|||49|||94
{|||28|||12|||50|||94
;|||130|||17|||51|||94
;|||144|||19|||55|||94
,|||72|||16|||79|||95
)|||70|||16|||84|||95
;|||135|||17|||79|||95
mset|||1|||8|||1|||96
if|||9|||25|||37|||97
(|||115|||25|||38|||97
->|||11|||25|||78|||97
=|||53|||12|||18|||98
pixels|||2|||23|||21|||98
const|||9|||24|||16|||98
(|||113|||25|||10|||98
{|||26|||11|||91|||99
vol_flux_x|||1|||13|||63|||99
0|||32|||14|||81|||99
&&|||7|||14|||86|||99
=|||48|||11|||94|||100
n|||14|||11|||142|||100
num|||3|||11|||11|||101
,|||79|||17|||10|||101
*|||74|||24|||12|||102
settings|||1|||25|||17|||102
;|||12|||2|||34|||103
j|||12|||8|||35|||103
]|||2|||0|||46|||104
>=|||1|||2|||22|||104
[|||5|||3|||54|||104
j|||11|||8|||18|||104
1|||5|||8|||37|||104
(|||35|||9|||37|||104
known_sum|||1|||12|||12|||104
--|||2|||23|||45|||104
(|||117|||25|||49|||104
mri|||1|||17|||5|||105
,|||89|||17|||49|||105
z|||7|||17|||76|||105
depth|||4|||17|||78|||105
void|||8|||8|||0|||106
07267|||1|||10|||0|||106
int|||38|||12|||0|||106
void|||18|||21|||0|||106
int|||10|||4|||34|||107
,|||46|||11|||36|||107
y_size|||1|||13|||24|||107
{|||46|||17|||29|||107
int|||78|||23|||36|||107
;|||168|||25|||32|||107
float|||9|||6|||14|||108
)|||19|||6|||25|||108
float|||14|||10|||14|||108
for|||27|||15|||21|||108
)|||66|||16|||22|||108
,|||12|||4|||27|||109
i|||46|||8|||30|||109
(|||51|||11|||79|||109
,|||57|||14|||26|||109
rows|||3|||5|||38|||110
++|||7|||7|||40|||110
+|||6|||9|||133|||110
;|||66|||10|||65|||110
r_|||2|||15|||35|||110
[|||29|||15|||36|||110
schedule(static)|||1|||6|||38|||111
i|||36|||6|||56|||111
SIZEOF_USHORT|||2|||14|||75|||111
0|||5|||2|||13|||112
b|||1|||6|||12|||112
nelems|||1|||14|||10|||112
data_rows|||1|||16|||12|||112
(|||92|||18|||13|||112
rand_d|||1|||19|||11|||112
SRSLTE_SIMD_CF_SIZE|||3|||9|||59|||113
+=|||1|||9|||64|||113
simd_cf_t|||1|||9|||68|||113
rcpb|||2|||9|||107|||113
;|||87|||12|||46|||114
i|||75|||12|||47|||114
;|||142|||19|||35|||114
int|||66|||19|||58|||114
0|||44|||19|||61|||114
<|||27|||19|||64|||114
{|||54|||21|||4|||114
side|||3|||11|||58|||115
i|||73|||12|||39|||115
;|||143|||19|||47|||115
j|||33|||21|||52|||115
pixel|||1|||23|||49|||115
MDeformVert|||1|||4|||3|||116
,|||16|||5|||5|||116
char|||2|||7|||3|||116
*|||20|||8|||5|||116
float|||18|||11|||3|||116
i|||64|||11|||50|||116
(|||55|||12|||2|||116
filename|||1|||16|||5|||116
doors|||1|||21|||6|||116
]|||36|||22|||6|||116
j|||5|||2|||52|||117
)|||74|||16|||136|||117
0|||50|||25|||117|||117
x_size|||2|||13|||56|||118
(|||118|||25|||62|||118
(|||121|||25|||104|||118
;|||2|||0|||30|||119
*|||2|||1|||6|||119
(|||12|||3|||28|||119
;|||61|||10|||24|||119
len|||4|||18|||9|||119
do_rem|||1|||4|||35|||120
.|||4|||5|||33|||120
)|||38|||10|||20|||120
*|||29|||11|||34|||120
for|||22|||13|||30|||120
mri_std|||1|||17|||27|||120
y|||5|||17|||33|||120
width|||1|||17|||37|||120
=|||106|||24|||21|||120
)|||47|||12|||3|||121
(|||2|||0|||25|||122
m|||3|||5|||28|||122
;|||83|||12|||20|||122
=|||59|||12|||70|||122
;|||125|||16|||129|||122
;|||45|||7|||34|||123
(|||122|||25|||113|||124
,|||11|||4|||22|||125
,|||50|||13|||13|||125
{|||50|||19|||22|||125
uint32_t|||2|||24|||17|||125
0|||10|||3|||65|||126
<=|||2|||8|||27|||126
(|||91|||18|||2|||126
for|||36|||19|||23|||126
(|||103|||22|||2|||126
int|||73|||22|||17|||126
gray|||1|||23|||15|||126
(|||108|||24|||27|||127
{|||63|||24|||32|||127
n_x|||1|||13|||50|||128
)|||55|||14|||63|||128
1|||3|||3|||103|||129
*|||64|||17|||12|||129
y|||9|||17|||107|||129
,|||92|||17|||108|||129
i|||26|||4|||63|||130
)|||31|||9|||50|||130
+|||15|||12|||72|||130
=|||67|||14|||53|||130
#pragma|||8|||14|||145|||130
width|||3|||17|||56|||130
;|||134|||17|||75|||130
]|||30|||19|||54|||130
j|||31|||19|||76|||130
j|||35|||21|||61|||130
||||1|||24|||54|||130
else|||3|||25|||60|||130
[|||1|||0|||18|||131
i|||3|||0|||37|||131
j|||10|||3|||100|||131
,|||36|||10|||16|||131
;|||65|||10|||45|||131
)|||40|||10|||58|||131
i|||62|||10|||73|||131
,|||54|||13|||96|||131
long|||2|||14|||51|||131
(|||106|||23|||43|||131
{|||19|||9|||51|||132
float|||28|||19|||48|||132
100000|||1|||19|||65|||132
,|||94|||19|||5|||133
,|||95|||19|||8|||133
=|||89|||19|||27|||133
static|||1|||1|||1|||134
void|||6|||6|||0|||134
void|||7|||7|||0|||134
void|||15|||16|||0|||134
void|||17|||19|||0|||134
a|||6|||22|||4|||135
;|||157|||22|||19|||135
=|||22|||5|||14|||136
int|||41|||12|||11|||136
MRI|||3|||17|||11|||136
,|||102|||23|||13|||136
?|||2|||4|||88|||137
;|||36|||5|||39|||137
float|||16|||10|||25|||137
,|||83|||17|||24|||137
0|||45|||21|||31|||137
==|||4|||14|||88|||138
;|||105|||14|||90|||138
j|||18|||14|||91|||138
(|||56|||12|||38|||139
void|||4|||3|||0|||140
void|||11|||11|||0|||140
dataBlockSize|||2|||0|||19|||141
0|||6|||2|||23|||141
(|||27|||7|||24|||141
1|||4|||8|||24|||141
int|||30|||11|||22|||141
{|||35|||14|||16|||141
MAT4|||1|||15|||9|||141
int|||61|||18|||14|||141
i|||94|||21|||14|||141
*|||48|||14|||5|||142
index|||2|||3|||91|||143
val|||2|||3|||105|||143
num|||6|||11|||112|||143
realign|||3|||14|||109|||143
)|||60|||14|||110|||143
,|||61|||14|||118|||143
}|||8|||14|||128|||143
paddingChar|||1|||0|||3|||144
real|||1|||3|||6|||144
int|||13|||6|||3|||144
,|||19|||6|||5|||144
const|||3|||9|||3|||144
(|||61|||14|||2|||144
miIndexedPtr|||1|||23|||4|||144
(|||11|||3|||23|||145
nowait|||1|||6|||39|||145
#pragma|||6|||13|||27|||145
=|||78|||16|||34|||145
m|||1|||5|||18|||146
2.0f|||1|||6|||71|||146
<|||13|||11|||55|||146
side|||4|||11|||69|||146
=|||46|||11|||73|||146
n|||10|||11|||84|||146
1|||9|||12|||41|||146
n_y|||3|||13|||43|||146
,|||97|||19|||16|||146
(|||112|||24|||56|||146
(|||26|||7|||2|||147
=|||30|||7|||23|||147
)|||24|||7|||41|||147
!=|||1|||7|||46|||147
pp|||2|||25|||93|||147
function|||1|||13|||0|||148
MINLINE|||1|||20|||0|||148
of|||1|||25|||4|||148
i|||2|||0|||31|||149
[|||2|||0|||42|||149
=|||9|||2|||18|||149
r|||3|||23|||40|||149
src|||3|||24|||28|||149
i|||27|||4|||77|||150
}|||3|||10|||66|||150
P2|||1|||16|||81|||150
settings|||6|||25|||74|||150
{|||21|||9|||124|||151
;|||60|||9|||135|||151
x1|||1|||19|||41|||151
*|||69|||19|||14|||152
doors|||2|||21|||26|||152
;|||158|||23|||25|||152
data_cols|||3|||16|||146|||153
P|||1|||0|||8|||154
nrange|||2|||14|||87|||154
src|||1|||24|||6|||154
;|||46|||7|||38|||155
sum|||4|||12|||69|||155
for|||29|||16|||66|||155
fid|||6|||16|||106|||155
j|||26|||16|||140|||155
==|||7|||21|||69|||155
=|||100|||21|||77|||155
10|||1|||2|||37|||156
#pragma|||4|||12|||29|||156
{|||41|||15|||34|||156
rows|||7|||19|||34|||156
[|||17|||6|||66|||157
)|||97|||24|||63|||157
}|||12|||25|||59|||157
{|||7|||3|||14|||158
index|||3|||3|||109|||158
;|||79|||12|||7|||158
vol_flux_x_p|||1|||13|||7|||158
,|||49|||13|||8|||158
tp|||1|||14|||14|||158
,|||59|||14|||103|||158
,|||63|||15|||8|||158
argb|||1|||24|||35|||159
=|||107|||24|||36|||159
void|||1|||0|||2|||160
void|||2|||1|||2|||160
SqareDown|||1|||2|||1|||160
write_graphics|||1|||16|||1|||160
door|||1|||21|||1|||160
int|||20|||8|||15|||161
{|||30|||13|||26|||161
++|||20|||19|||36|||161
)|||89|||22|||15|||161
float|||1|||3|||3|||162
,|||3|||3|||5|||162
dvert|||1|||4|||5|||162
matrix|||3|||5|||6|||162
(|||23|||6|||2|||162
float|||7|||6|||6|||162
FLT|||1|||8|||3|||162
*|||26|||11|||4|||162
out|||1|||15|||4|||162
int|||59|||18|||3|||162
(|||93|||19|||2|||162
float|||32|||22|||3|||162
;|||107|||14|||123|||163
ushort|||3|||14|||134|||163
)|||62|||14|||136|||163
width|||4|||17|||120|||163
double|||1|||13|||4|||164
n_y|||2|||13|||39|||164
{|||33|||13|||65|||164
ptr_double|||2|||13|||81|||164
n_y|||5|||13|||91|||164
*|||46|||13|||92|||164
*|||14|||6|||11|||165
int|||80|||24|||8|||165
[|||18|||7|||48|||166
j|||13|||8|||39|||166
]|||27|||15|||38|||166
w|||3|||16|||40|||166
classes|||1|||11|||8|||167
*|||27|||11|||29|||167
*|||28|||11|||30|||167
=|||45|||11|||66|||167
i|||67|||11|||67|||167
num|||4|||11|||86|||167
+|||7|||11|||98|||167
predictions|||3|||11|||155|||167
)|||3|||1|||8|||168
,|||8|||4|||9|||168
)|||22|||7|||12|||168
9|||1|||0|||35|||169
*|||60|||16|||8|||169
(|||40|||9|||84|||170
i|||69|||11|||95|||170
+|||16|||13|||67|||170
xdim0_update_halo_kernel3_minus_4_b|||2|||13|||78|||170
kernel_language|||2|||25|||65|||170
;|||1|||0|||23|||171
n|||4|||8|||28|||171
(|||48|||10|||68|||171
j|||38|||22|||18|||171
;|||42|||7|||18|||172
*|||78|||25|||16|||172
->|||10|||25|||64|||172
)|||17|||5|||58|||173
<|||7|||6|||48|||173
=|||61|||13|||36|||173
.|||7|||5|||47|||174
)|||39|||10|||48|||174
num|||1|||4|||16|||175
void|||10|||10|||4|||175
*|||24|||10|||8|||175
0|||16|||6|||45|||176
-|||5|||10|||33|||176
int|||32|||11|||41|||176
j|||24|||15|||37|||176
z|||5|||17|||35|||176
,|||88|||17|||40|||176
;|||162|||23|||41|||176
)|||91|||23|||46|||176
*|||66|||17|||26|||177
,|||26|||8|||7|||178
pIndexed|||1|||23|||5|||178
=|||52|||11|||153|||179
}|||7|||13|||98|||179
;|||110|||14|||154|||179
=|||74|||14|||167|||179
=|||34|||9|||24|||180
for|||14|||9|||52|||180
;|||77|||11|||123|||181
;|||154|||21|||44|||181
,|||107|||25|||106|||181
]|||8|||3|||101|||182
*|||34|||11|||111|||182
{|||36|||14|||95|||182
data_rows|||2|||16|||101|||182
,|||91|||17|||106|||182
;|||8|||2|||9|||183
)|||26|||8|||32|||184
if|||8|||21|||64|||184
j|||25|||16|||31|||185
for|||39|||21|||34|||185
)|||95|||24|||53|||185
predictions|||1|||11|||5|||186
for|||18|||11|||48|||186
[|||41|||23|||22|||186
uint32_t|||1|||24|||4|||186
)|||92|||24|||14|||186
Settings|||1|||25|||15|||186
pp|||1|||25|||89|||187
<|||30|||25|||94|||187
->|||2|||3|||46|||188
)|||20|||6|||53|||188
run_ppcg_init|||1|||25|||46|||188
i|||24|||4|||50|||189
if|||2|||7|||43|||189
]|||19|||9|||116|||189
x|||4|||11|||152|||189
fprintf|||3|||16|||104|||189
for|||31|||16|||138|||189
mri_mask|||2|||17|||103|||189
{|||8|||3|||52|||190
=|||13|||3|||64|||190
sizeof|||1|||5|||54|||190
;|||40|||6|||50|||190
&|||4|||9|||112|||191
z|||4|||9|||113|||191
[|||21|||9|||114|||191
u_int|||2|||1|||13|||192
;|||81|||12|||13|||192
{|||60|||23|||17|||192
0|||3|||1|||30|||193
=|||17|||3|||106|||193
)|||35|||9|||98|||193
mri_mask|||1|||17|||9|||193
,|||103|||24|||7|||193
=|||112|||25|||90|||193
)|||105|||25|||101|||193
)|||34|||9|||90|||194
,|||48|||11|||45|||194
0|||28|||13|||37|||194
pmask|||1|||17|||48|||194
;|||63|||10|||35|||195
;|||160|||23|||35|||195
VEC4|||2|||15|||6|||196
*|||71|||23|||8|||196
largest|||1|||10|||31|||197
i|||57|||10|||42|||197
=|||43|||10|||70|||197
\n|||3|||16|||96|||197
<|||21|||16|||131|||197
{|||14|||6|||34|||198
;|||56|||9|||99|||198
f|||1|||10|||1|||198
,|||53|||13|||77|||198
n|||3|||8|||9|||199
=|||60|||12|||78|||199
long|||4|||19|||17|||199
101|||1|||21|||8|||199
;|||149|||21|||10|||199
100|||2|||21|||20|||199
b|||5|||22|||9|||199
buffersize|||2|||7|||37|||200
(|||72|||14|||168|||200
>|||1|||10|||56|||201
;|||102|||14|||66|||201
=|||58|||12|||61|||202
▁|||6|||16|||67|||202
,|||76|||16|||107|||202
i|||85|||16|||126|||202
=|||80|||16|||141|||202
j|||36|||21|||66|||202
0|||46|||21|||70|||202
[|||37|||21|||74|||202
(|||102|||21|||78|||202
i|||48|||9|||55|||203
<|||9|||9|||56|||203
;|||58|||9|||120|||203
++|||13|||13|||44|||203
++|||14|||13|||59|||203
fid|||4|||16|||78|||203
writing|||1|||16|||68|||204
,|||74|||16|||98|||204
,|||77|||16|||113|||204
==|||6|||16|||120|||204
data_rows|||3|||16|||132|||204
;|||10|||2|||20|||205
c|||3|||7|||20|||205
(|||29|||7|||44|||205
restrict|||2|||13|||11|||205
int|||51|||15|||16|||205
Performs|||1|||25|||0|||206
inner|||1|||25|||2|||206
0|||25|||11|||159|||207
*|||22|||9|||10|||208
if|||3|||9|||34|||208
=|||36|||9|||82|||208
ar|||1|||18|||4|||208
)|||79|||18|||10|||208
i|||4|||0|||45|||209
rem_thresh|||1|||4|||38|||209
(|||17|||4|||45|||209
c|||5|||7|||45|||209
FLT_MAX|||1|||10|||34|||209
;|||68|||11|||47|||209
;|||156|||21|||59|||209
int|||3|||2|||10|||210
)|||6|||2|||27|||210
i|||39|||7|||15|||210
,|||30|||9|||12|||210
int|||23|||10|||11|||210
thresh|||1|||11|||26|||210
data_cols|||1|||16|||15|||210
int|||64|||19|||18|||210
for|||38|||21|||11|||210
(|||10|||3|||2|||211
sum|||5|||12|||71|||211
)|||52|||13|||60|||211
=|||102|||23|||20|||212
int|||77|||23|||33|||212
int|||79|||23|||39|||212
num|||10|||23|||44|||212
i|||13|||2|||49|||213
i|||23|||4|||46|||213
+|||3|||5|||49|||213
=|||27|||6|||44|||213
i|||35|||6|||51|||213
0|||23|||11|||52|||213
val|||3|||17|||44|||213
cc|||4|||25|||52|||213
nodes|||1|||1|||14|||214
m2|||1|||5|||7|||214
i|||72|||12|||15|||214
;|||113|||15|||20|||214
int|||60|||18|||8|||214
c|||1|||6|||16|||215
y|||1|||6|||20|||215
ENDCOM|||2|||6|||40|||215
=|||28|||6|||58|||215
0|||26|||12|||19|||215
is_larger|||2|||12|||21|||215
=|||20|||4|||69|||216
dws|||2|||4|||87|||216
i|||25|||4|||54|||217
*|||10|||4|||67|||217
dw|||1|||4|||85|||217
defvert_find_index|||1|||4|||94|||217
;|||74|||11|||87|||217
n|||12|||11|||99|||217
characters|||1|||0|||1|||218
Pixel|||1|||23|||1|||218
i|||51|||9|||88|||219
=|||37|||9|||94|||219
*|||8|||4|||20|||220
x|||1|||9|||6|||220
,|||31|||9|||16|||220
;|||9|||2|||14|||221
,|||96|||19|||12|||221
,|||22|||6|||17|||222
,|||81|||17|||17|||222
*|||70|||19|||19|||222
(|||98|||21|||12|||222
{|||20|||9|||67|||223
known_sum|||2|||12|||77|||223
(|||88|||17|||85|||223
temp|||1|||10|||15|||224
;|||62|||10|||29|||224
float|||17|||10|||30|||224
w|||2|||11|||20|||224
,|||34|||10|||10|||225
0x00|||1|||0|||48|||226
[|||4|||2|||51|||226
=|||77|||15|||45|||226
side|||1|||11|||17|||227
side|||5|||11|||76|||227
++|||11|||11|||88|||227
;|||75|||11|||100|||227
y2|||1|||19|||80|||228
{|||3|||1|||9|||229
m1|||1|||5|||4|||230
m|||5|||8|||6|||230
test_omp_parallel_for_ordered|||1|||12|||1|||230
for|||35|||18|||12|||230
srslte_simd_f_rcp|||1|||9|||95|||231
=|||70|||14|||97|||231
int|||82|||25|||88|||231
dws|||1|||4|||13|||232
a|||1|||6|||8|||232
int|||25|||11|||7|||232
*|||49|||14|||6|||232
j|||6|||3|||18|||233
,|||6|||3|||19|||233
low_val|||1|||17|||16|||233
)|||98|||25|||18|||233
(|||36|||9|||42|||234
)|||37|||9|||119|||234
y_size|||2|||13|||41|||234
;|||92|||13|||42|||234
▁|||2|||16|||57|||234
width|||2|||17|||52|||234
(|||109|||24|||45|||234
*|||67|||17|||47|||235
=|||91|||19|||50|||235
temp_sol|||1|||3|||8|||236
,|||25|||7|||9|||236
,|||38|||11|||9|||236
,|||66|||16|||10|||236
time_step|||3|||3|||34|||237
ENDCOM|||1|||6|||33|||237
c|||2|||6|||54|||237
;|||159|||23|||32|||237
j|||7|||3|||79|||238
;|||24|||3|||82|||238
;|||27|||3|||111|||238
[|||39|||22|||5|||238
true|||1|||25|||84|||238
(|||45|||10|||6|||239
p_index|||2|||11|||121|||239
;|||116|||15|||41|||239
"|||7|||16|||90|||239
{|||48|||17|||97|||239
ii|||2|||12|||64|||240
%|||4|||16|||94|||240
,|||90|||17|||104|||240
0|||41|||17|||105|||240
;|||171|||25|||85|||240
for|||43|||25|||86|||240
*|||15|||6|||15|||241
float|||10|||6|||18|||241
i|||50|||9|||76|||242
side|||6|||11|||104|||242
n|||13|||11|||114|||242
ni|||2|||14|||96|||242
(|||120|||25|||87|||242
0|||49|||25|||91|||242
odefun|||1|||3|||1|||243
cf_t|||1|||9|||4|||243
,|||39|||11|||12|||243
start|||1|||19|||7|||243
copy0|||1|||22|||1|||243
++|||27|||25|||33|||244
int|||15|||7|||7|||245
(|||66|||14|||78|||245
=|||69|||14|||80|||245
;|||104|||14|||82|||245
nelems|||2|||14|||85|||245
,|||93|||18|||7|||245
realign|||2|||14|||67|||246
nelems|||3|||14|||100|||246
ni|||3|||14|||119|||246
=|||73|||14|||152|||246
i|||81|||14|||165|||246
+|||1|||0|||44|||247
ushort|||2|||14|||37|||247
;|||165|||24|||40|||247
int|||6|||4|||7|||248
;|||28|||4|||43|||248
for|||7|||4|||44|||248
FindBestGray|||1|||23|||2|||248
Pixel|||2|||23|||7|||248
Min|||1|||14|||98|||249
y|||6|||17|||86|||249
float|||31|||19|||87|||249
<|||24|||17|||91|||250
pmask|||2|||17|||98|||250
;|||29|||4|||49|||251
++|||6|||6|||52|||251
SRSLTE_SIMD_F_SIZE|||1|||9|||32|||251
i|||52|||9|||115|||251
sum|||1|||10|||26|||251
)|||41|||11|||39|||251
i|||79|||14|||155|||251
for|||28|||15|||42|||251
{|||45|||16|||137|||251
while|||2|||24|||26|||251
;|||95|||13|||80|||252
12|||1|||24|||59|||253
,|||64|||15|||18|||254
i|||21|||3|||97|||255
b|||3|||9|||81|||255
\n|||4|||16|||111|||255
check_udpdata|||1|||7|||1|||256
convert_coco_detections|||1|||11|||1|||256
)|||81|||19|||38|||256
;|||69|||11|||53|||257
i|||65|||11|||54|||257
rows|||1|||5|||30|||258
,|||58|||14|||28|||258
;|||97|||14|||30|||258
time_step|||2|||3|||29|||259
z|||3|||9|||48|||259
mri|||3|||17|||60|||259
height|||3|||17|||62|||259
=|||83|||17|||65|||259
->|||6|||17|||67|||259
y|||7|||17|||90|||259
i|||66|||11|||61|||260
MRI|||5|||17|||25|||260
r|||2|||9|||118|||261
(|||69|||14|||113|||261
++|||15|||14|||160|||261
update_global_node_set|||1|||1|||3|||262
the|||2|||25|||5|||262
<|||29|||25|||28|||262
settings|||4|||25|||56|||262
,|||60|||14|||115|||263
)|||29|||9|||44|||264
cube_s|||1|||20|||2|||264
short|||1|||20|||4|||264
a|||5|||20|||5|||264
)|||83|||20|||6|||264
[|||11|||4|||62|||265
;|||109|||14|||139|||265
dataBlockSize|||1|||0|||11|||266
dataBlockSize|||3|||0|||43|||266
MDeformWeight|||1|||4|||10|||266
float|||4|||4|||37|||266
b3d9c82c5f695f932c9f504d2b6a592|||1|||10|||3|||266
mri|||4|||17|||66|||267
;|||133|||17|||69|||267
z|||6|||17|||72|||267
<|||25|||17|||119|||267
{|||11|||4|||57|||268
<|||17|||13|||55|||268
int|||12|||5|||10|||269
matrix|||4|||5|||17|||269
m|||4|||5|||40|||269
rows|||5|||5|||52|||269
float|||6|||5|||56|||269
settings|||8|||25|||95|||269
site|||1|||1|||7|||270
,|||5|||3|||17|||270
int|||42|||12|||14|||270
dst|||1|||24|||13|||270
i|||7|||1|||32|||271
<|||1|||1|||33|||271
j|||4|||2|||39|||271
)|||50|||13|||25|||271
=|||3|||0|||47|||272
xp|||3|||14|||131|||272
Pixel|||4|||23|||48|||272
0|||18|||7|||33|||273
=|||57|||12|||52|||273
;|||88|||12|||54|||273
omp|||5|||12|||56|||273
ordered|||2|||12|||57|||273
ENDCOM|||5|||12|||58|||273
{|||29|||12|||59|||273
)|||49|||12|||65|||273
is_larger|||4|||12|||67|||273
(|||79|||16|||52|||273
buffer|||2|||7|||47|||274
;|||50|||8|||38|||274
i|||53|||9|||128|||274
uint|||2|||14|||169|||274
=|||101|||22|||23|||274
for|||25|||14|||77|||275
*|||58|||14|||137|||275
;|||131|||17|||57|||275
{|||9|||3|||90|||276
(|||19|||5|||2|||276
,|||17|||5|||12|||276
;|||34|||5|||19|||276
m1|||2|||5|||24|||276
calloc|||1|||5|||44|||276
;|||37|||5|||60|||276
ordered|||1|||12|||35|||276
if|||6|||16|||44|||276
i|||89|||19|||26|||276
{|||51|||19|||39|||276
rand_d|||2|||19|||43|||276
x2|||1|||19|||49|||276
}|||6|||13|||79|||277
z|||9|||17|||109|||277
chunks|||3|||25|||105|||277
*|||36|||11|||130|||278
+|||12|||11|||141|||278
"|||5|||16|||80|||279
=|||87|||17|||115|||279
i|||96|||21|||23|||279
;|||155|||21|||55|||279
{|||64|||25|||19|||279
int|||54|||16|||17|||280
major|||1|||16|||18|||280
)|||68|||16|||49|||280
created|||1|||16|||62|||280
(|||84|||16|||125|||280
)|||33|||9|||78|||281
(|||44|||9|||126|||281
;|||119|||16|||43|||282
▁|||5|||16|||65|||282
%|||3|||16|||91|||282
▁|||7|||16|||93|||282
i|||101|||21|||68|||282
]|||35|||21|||76|||282
;|||30|||4|||53|||283
=|||108|||24|||44|||283
1|||13|||13|||95|||284
xdim1_update_halo_kernel3_minus_4_b|||2|||13|||97|||284
++|||17|||16|||135|||284
<|||22|||16|||145|||284
;|||17|||3|||36|||285
const|||1|||4|||18|||285
)|||14|||4|||39|||285
private(i)|||1|||12|||34|||285
#if|||2|||14|||17|||285
)|||67|||16|||42|||285
const|||11|||24|||33|||285
x_sol|||1|||3|||53|||286
[|||6|||3|||61|||286
;|||21|||3|||66|||286
=|||14|||3|||71|||287
=|||16|||3|||92|||287
]|||11|||4|||78|||287
x|||5|||17|||31|||287
,|||85|||17|||34|||287
<<|||1|||23|||30|||287
;|||170|||25|||76|||287
[|||24|||11|||120|||288
?|||1|||4|||74|||289
ii|||1|||12|||51|||289
was|||1|||16|||58|||289
=|||81|||17|||53|||289
mri|||2|||17|||54|||289
,|||24|||7|||6|||290
[|||30|||18|||5|||290
(|||96|||20|||3|||290
[|||3|||2|||48|||291
nrange|||1|||14|||42|||291
]|||29|||19|||46|||291
;|||22|||3|||73|||292
->|||3|||3|||94|||292
temp_sol|||3|||3|||107|||292
for|||15|||9|||125|||292
;|||172|||25|||92|||292
{|||2|||0|||40|||293
omp|||6|||13|||28|||293
{|||5|||2|||28|||294
0|||11|||3|||72|||294
(|||15|||3|||78|||294
parallel|||1|||6|||32|||294
4|||1|||11|||145|||294
30|||1|||23|||31|||294
(|||3|||1|||4|||295
i|||5|||1|||11|||295
i|||8|||1|||36|||295
<|||2|||1|||37|||295
+|||11|||11|||136|||296
=|||72|||14|||132|||296
)|||63|||14|||161|||296
[|||28|||14|||164|||296
rows|||6|||19|||4|||297
0|||7|||2|||33|||298
;|||57|||9|||109|||298
int|||39|||12|||5|||298
*|||43|||13|||73|||298
*|||44|||13|||75|||298
const|||7|||14|||3|||299
ENDCOM|||7|||14|||23|||299
[|||27|||14|||33|||299
=|||65|||14|||43|||299
0|||30|||14|||44|||299
realign|||1|||14|||47|||299
long|||3|||14|||55|||299
(|||64|||14|||59|||299
)|||57|||14|||73|||299
;|||103|||14|||76|||299
(|||67|||14|||99|||299
;|||106|||14|||106|||299
*|||55|||14|||116|||299
shortloop|||1|||14|||147|||299
,|||41|||11|||18|||300
box|||1|||11|||33|||300
*|||40|||13|||10|||300
mass_flux_x_p|||1|||13|||12|||300
Pixel|||3|||23|||18|||300
;|||6|||1|||25|||301
do_add|||1|||4|||29|||301
{|||22|||10|||21|||301
last_i|||1|||12|||25|||301
i|||84|||16|||29|||301
i|||90|||19|||30|||301
src|||2|||24|||22|||301
+|||21|||24|||23|||301
settings|||2|||25|||29|||301
]|||1|||0|||20|||302
,|||45|||11|||32|||302
X_SIZEOF_USHORT|||1|||14|||20|||303
if|||5|||14|||107|||303
)|||15|||4|||56|||304
int|||47|||13|||49|||304
]|||32|||19|||85|||304
(|||119|||25|||73|||304
col|||1|||11|||72|||305
n_x|||2|||13|||54|||305
;|||148|||19|||86|||305
(|||111|||24|||55|||305
int|||2|||2|||5|||306
i|||16|||3|||43|||306
nodes|||3|||3|||45|||306
internal_count|||1|||3|||47|||306
;|||99|||14|||40|||306
int|||50|||14|||46|||306
SRSLTE_IS_ALIGNED|||2|||9|||41|||307
=|||66|||14|||48|||307
j|||34|||21|||56|||307
++|||25|||23|||53|||307
i|||70|||11|||110|||308
%|||5|||16|||109|||308
->|||12|||25|||96|||308
;|||173|||25|||98|||308
"|||4|||16|||70|||309
(|||4|||1|||17|||310
+|||2|||5|||35|||310
int|||24|||10|||22|||310
i|||60|||10|||63|||310
=|||55|||12|||26|||310
int|||45|||13|||23|||310
(|||59|||13|||33|||310
(|||80|||16|||77|||310
height|||1|||17|||39|||310
rand_r|||1|||19|||15|||310
int|||72|||22|||13|||310
}|||13|||25|||70|||310
n_x|||4|||13|||68|||311
;|||70|||11|||59|||312
*|||37|||11|||139|||312
]|||23|||11|||150|||312
+|||14|||11|||161|||312
)|||5|||2|||3|||313
int|||19|||8|||11|||313
]|||37|||22|||11|||313
)|||9|||3|||25|||314
char|||3|||7|||19|||314
float|||20|||11|||28|||314
=|||103|||23|||28|||314
;|||38|||6|||29|||315
c|||4|||7|||22|||315
0|||48|||25|||25|||315
+|||5|||9|||60|||316
i|||18|||3|||55|||317
]|||5|||3|||63|||317
(|||20|||5|||45|||317
=|||85|||17|||87|||317
i|||11|||2|||21|||318
]|||10|||4|||64|||318
;|||32|||4|||82|||318
;|||43|||7|||21|||318
=|||32|||8|||23|||318
;|||51|||9|||26|||318
(|||62|||14|||54|||318
depth|||2|||17|||64|||318
,|||52|||13|||22|||319
loopcnt=LOOPCNT|||1|||14|||143|||319
num_pixels|||2|||24|||24|||319
)|||13|||3|||89|||320
[|||9|||3|||99|||320
=|||49|||11|||103|||320
classes|||2|||11|||108|||320
;|||123|||16|||103|||320
++|||19|||17|||95|||320
(|||89|||17|||102|||320
0|||4|||2|||8|||321
;|||16|||3|||31|||321
(|||32|||8|||34|||321
--|||1|||2|||26|||322
401|||1|||10|||2|||322
{|||27|||12|||4|||322
int|||63|||19|||6|||322
P|||3|||0|||41|||323
rows|||4|||5|||48|||323
i|||33|||6|||43|||323
{|||34|||13|||84|||323
LOOPCNT|||1|||14|||34|||323
(|||74|||15|||22|||323
{|||42|||16|||23|||323
float|||24|||17|||43|||323
z|||8|||17|||80|||323
C|||1|||25|||43|||323
)|||104|||25|||75|||323
*|||1|||0|||7|||324
buffer|||1|||7|||5|||324
(|||107|||24|||2|||324
,|||104|||24|||10|||324
)|||7|||2|||41|||325
;|||118|||16|||32|||325
)|||84|||21|||3|||325
int|||69|||21|||13|||325
;|||153|||21|||40|||325
100|||4|||21|||58|||325
parallel|||3|||13|||29|||326
int|||46|||13|||34|||326
(|||75|||15|||43|||326
kernel_language|||1|||25|||41|||326
==|||8|||25|||42|||326
)|||4|||1|||19|||327
{|||13|||6|||26|||327
0|||35|||15|||25|||327
;|||122|||16|||85|||327
,|||105|||25|||14|||327
)|||101|||25|||54|||327
(|||1|||0|||4|||328
,|||4|||3|||9|||328
real|||2|||3|||10|||328
defgrp_idx|||1|||4|||8|||328
n|||1|||6|||4|||328
float|||8|||6|||10|||328
*|||18|||7|||4|||328
int|||26|||11|||10|||328
int|||52|||16|||11|||328
j|||1|||2|||11|||329
+|||20|||19|||33|||329
;|||19|||3|||48|||330
num|||2|||4|||52|||330
;|||71|||11|||70|||330
i|||68|||11|||74|||330
<|||14|||11|||85|||330
i|||91|||19|||37|||330
j|||29|||19|||63|||330
(|||99|||21|||35|||330
vals|||1|||5|||42|||331
i|||56|||10|||38|||331
(|||52|||11|||131|||331
;|||112|||15|||15|||331
depth|||1|||17|||41|||331
*|||38|||11|||144|||332
0|||38|||16|||142|||332
;|||73|||11|||83|||333
*|||35|||11|||128|||333
int|||74|||23|||11|||333
fid|||3|||16|||46|||334
0|||37|||16|||128|||334
(|||85|||16|||139|||334
(|||13|||3|||33|||335
SRSLTE_SIMD_CF_SIZE|||2|||9|||30|||335
==|||2|||9|||31|||335
float|||15|||10|||17|||335
for|||23|||13|||32|||335
{|||65|||25|||36|||335
)|||45|||11|||143|||336
if|||7|||16|||117|||336
i|||99|||21|||41|||336
int|||56|||16|||28|||337
fid|||2|||16|||33|||337
]|||17|||9|||77|||338
*|||33|||11|||107|||338
<|||6|||4|||51|||339
y|||3|||9|||43|||339
<|||15|||12|||44|||339
for|||24|||13|||47|||339
ni|||4|||14|||157|||339
▁|||3|||16|||59|||339
(|||116|||25|||47|||339
concat_matrix|||1|||5|||1|||340
matrix|||2|||5|||3|||340
)|||16|||5|||8|||340
MDeformVert|||2|||4|||66|||341
dv|||1|||4|||68|||341
]|||13|||4|||92|||341
pixels|||1|||23|||9|||341
only_objectness|||1|||11|||38|||342
,|||47|||11|||43|||342
ENDCOM|||6|||13|||31|||342
,|||87|||17|||38|||342
i|||20|||3|||69|||343
;|||26|||3|||104|||343
0|||22|||10|||71|||343
i|||87|||16|||134|||343
int|||33|||11|||64|||344
=|||47|||11|||81|||344
index|||4|||11|||93|||344
r|||1|||9|||101|||345
char|||5|||14|||60|||345
)|||102|||25|||57|||345
;|||169|||25|||58|||345
g_arrBackGroud|||1|||2|||47|||346
m1|||4|||5|||46|||346
=|||33|||8|||36|||346
=|||90|||19|||42|||346
float|||19|||11|||25|||347
restrict|||3|||13|||17|||347
fields|||1|||13|||18|||347
weightvg_update_vg|||1|||4|||1|||348
(|||16|||4|||2|||348
SS3D_Mtx_Transform|||1|||15|||1|||348
iterations|||1|||25|||3|||348
y|||2|||9|||11|||349
,|||67|||16|||13|||349
{|||59|||22|||16|||349
float|||23|||17|||18|||350
height|||2|||17|||58|||350
hist|||1|||19|||20|||350
j|||28|||19|||59|||350
y_sol|||1|||3|||60|||351
/|||1|||6|||70|||351
;|||41|||6|||72|||351
settings|||5|||25|||63|||351
=|||11|||3|||40|||352
[|||15|||6|||55|||352
;|||86|||12|||42|||352
1|||16|||21|||54|||352
(|||14|||3|||38|||353
ENDCOM|||3|||9|||33|||353
for|||16|||10|||36|||353
ENDCOM|||4|||12|||36|||353
mass_flux_x|||1|||13|||82|||354
j|||16|||14|||79|||354
SIZEOF_USHORT|||3|||14|||121|||354
srslte_simd_cfi_store|||1|||9|||110|||355
i|||78|||14|||151|||355
*|||76|||24|||37|||355
&&|||2|||9|||29|||356
<|||19|||14|||156|||356
,|||70|||16|||30|||356
for|||4|||2|||29|||357
;|||78|||11|||146|||357
&|||9|||25|||48|||357
cc|||5|||25|||115|||357
0|||1|||1|||0|||358
for|||33|||17|||84|||359
i|||97|||21|||28|||359
sum|||3|||12|||17|||360
for|||20|||12|||32|||360
*|||41|||13|||16|||360
)|||8|||3|||13|||361
.|||3|||5|||29|||361
,|||27|||8|||10|||361
ni|||1|||14|||29|||361
;|||121|||16|||74|||361
]|||28|||18|||6|||361
[|||33|||19|||75|||361
[|||40|||22|||10|||361
cc|||3|||25|||34|||361
FIELD_SD|||1|||25|||81|||361
++|||28|||25|||99|||361
(|||68|||14|||108|||362
xpp|||3|||14|||117|||362
=|||104|||23|||50|||362
++|||26|||24|||39|||362
]|||40|||25|||82|||362
the|||1|||25|||1|||363
paddingSize|||2|||0|||33|||364
=|||24|||5|||31|||364
*|||45|||13|||88|||364
ushort|||1|||14|||31|||364
*|||61|||16|||25|||364
for|||42|||25|||20|||364
add_thresh|||1|||4|||32|||365
i|||40|||7|||31|||365
i|||41|||7|||35|||365
=|||39|||10|||27|||365
j|||23|||15|||32|||365
i|||98|||21|||37|||365
side|||8|||11|||127|||366
side|||9|||11|||129|||366
major|||2|||16|||119|||366
)|||73|||16|||122|||366
{|||68|||25|||102|||367
input|||1|||10|||9|||368
(|||73|||15|||2|||368
*|||59|||16|||4|||368
int|||62|||19|||3|||368
P|||2|||0|||17|||369
]|||33|||21|||9|||369
;|||151|||21|||21|||369
i|||80|||14|||159|||370
{|||39|||14|||162|||370
+|||4|||6|||64|||371
)|||25|||8|||13|||371
=|||99|||21|||53|||371
*|||39|||13|||5|||372
vol_flux_x_p|||2|||13|||66|||372
;|||23|||3|||76|||373
(|||81|||16|||87|||373
uint8_t|||3|||24|||66|||373
i|||37|||6|||62|||374
xpp|||2|||14|||64|||374
j|||21|||15|||23|||374
}|||10|||16|||75|||374
)|||103|||25|||68|||374
(|||76|||16|||2|||375
char|||6|||16|||3|||375
,|||69|||16|||19|||375
*|||19|||8|||4|||376
for|||12|||8|||20|||376
(|||46|||10|||37|||376
,|||43|||11|||24|||376
j|||14|||11|||44|||376
(|||50|||11|||49|||376
(|||6|||2|||2|||377
float|||2|||4|||24|||377
nowait_example2|||1|||6|||1|||377
+|||10|||11|||133|||377
,|||51|||13|||19|||377
==|||3|||14|||21|||377
calc_angles_RR|||1|||19|||1|||377
[|||42|||25|||51|||377
FORTRAN|||1|||25|||67|||377
update_ghost_nodes|||1|||3|||22|||378
i|||44|||8|||22|||378
const|||6|||13|||14|||378
,|||55|||14|||8|||378
,|||71|||16|||38|||378
*|||75|||24|||18|||378
*|||56|||14|||120|||379
0|||42|||17|||116|||379
;|||139|||17|||117|||379
{|||53|||20|||7|||379
halo_update_driver|||1|||25|||103|||379
settings|||9|||25|||107|||379
<|||3|||2|||36|||380
{|||10|||4|||40|||380
#pragma|||2|||6|||35|||380
i|||54|||9|||136|||380
;|||76|||11|||115|||380
site_def|||1|||1|||5|||381
*|||3|||3|||7|||381
void|||12|||13|||1|||381
int|||67|||20|||1|||381
;|||11|||2|||24|||382
cols|||1|||5|||22|||382
=|||23|||5|||23|||382
)|||2|||0|||39|||383
weights|||1|||4|||26|||383
m1|||3|||5|||32|||383
*|||17|||6|||23|||383
simd_f_t|||1|||9|||80|||383
)|||58|||14|||94|||383
=|||76|||15|||39|||383
"|||2|||16|||41|||383
,|||86|||17|||36|||383
<|||26|||19|||31|||383
{|||55|||21|||25|||383
1|||15|||21|||39|||383
)|||93|||24|||31|||383
solver|||1|||25|||7|||383
*|||51|||14|||38|||384
*|||53|||14|||61|||384
*|||54|||14|||62|||384
(|||71|||14|||150|||384
cxp|||1|||14|||52|||385
file|||1|||16|||56|||385
->|||4|||17|||55|||385
float|||25|||19|||9|||386
start|||2|||19|||28|||386
i|||92|||19|||45|||386
char|||1|||0|||6|||387
,|||29|||9|||7|||387
void|||13|||14|||4|||387
const|||8|||24|||3|||387
=|||5|||1|||23|||388
0|||2|||1|||24|||388
j|||2|||2|||31|||388
int|||29|||11|||19|||388
cc|||2|||25|||27|||388
i|||10|||2|||17|||389
19|||1|||2|||19|||389
;|||47|||8|||19|||389
mtx|||1|||15|||10|||389
,|||68|||16|||16|||389
for|||41|||22|||20|||389
[|||19|||9|||75|||390
else|||1|||9|||123|||390
]|||25|||14|||35|||390
->|||8|||25|||30|||390
{|||52|||19|||70|||391
=|||93|||19|||73|||391
=|||94|||19|||81|||391
for|||11|||7|||29|||392
#pragma|||5|||12|||55|||392
printf|||1|||16|||51|||392
opened|||1|||16|||64|||392
}|||11|||21|||33|||392
%|||6|||21|||67|||392
j|||37|||21|||75|||392
#pragma|||3|||6|||73|||393
check_i_islarger2|||1|||12|||62|||393
&|||5|||14|||71|||393
fprintf|||1|||16|||76|||393
&|||8|||24|||61|||393
{|||67|||25|||69|||393
0|||12|||3|||81|||394
nodes|||4|||3|||93|||394
=|||111|||25|||83|||394
index|||1|||3|||75|||395
<|||5|||3|||84|||395
)|||51|||13|||45|||395
,|||7|||4|||6|||396
*|||7|||4|||12|||396
*|||13|||6|||7|||396
,|||20|||6|||9|||396
(|||30|||8|||2|||396
square|||1|||11|||14|||396
update_halo_kernel3_minus_4_b_c_wrapper|||1|||13|||2|||396
xpp|||1|||14|||7|||396
int|||53|||16|||14|||396
void|||21|||25|||8|||396
=|||41|||10|||39|||397
i|||58|||10|||47|||397
==|||5|||16|||47|||397
const|||12|||24|||41|||397
)|||100|||25|||44|||397
int|||81|||25|||22|||398
num_chunks_per_rank|||1|||25|||31|||398
{|||66|||25|||45|||398
,|||108|||25|||108|||398
side|||2|||11|||56|||399
(|||65|||14|||69|||399
cxp|||2|||14|||70|||399
0xf|||1|||24|||62|||399
const|||13|||24|||65|||399
i|||28|||4|||80|||400
SRSLTE_SIMD_CF_SIZE|||4|||9|||65|||400
(|||70|||14|||133|||400
xpp|||4|||14|||138|||400
float|||30|||19|||79|||400
reset_fields_to_exchange|||1|||25|||72|||400
boxes|||2|||11|||147|||401
,|||75|||16|||100|||401
)|||42|||11|||62|||402
row|||1|||11|||65|||402
0|||24|||11|||82|||402
;|||39|||6|||46|||403
i|||63|||11|||42|||403
for|||21|||12|||37|||403
*|||72|||23|||51|||403
,|||40|||11|||15|||404
i|||71|||11|||138|||404
index|||5|||11|||149|||404
box_index|||2|||11|||157|||404
]|||31|||19|||77|||405
;|||147|||19|||78|||405
(|||5|||1|||27|||406
(|||8|||2|||30|||406
float|||3|||4|||31|||406
&|||1|||4|||70|||406
(|||21|||5|||55|||406
i|||45|||8|||26|||406
return|||1|||16|||73|||406
;|||167|||25|||26|||406
1|||1|||0|||29|||407
int|||37|||11|||124|||407
paddingSize|||1|||0|||14|||408
d|||2|||16|||95|||408
i|||95|||21|||18|||408
,|||21|||6|||13|||409
Chunk|||1|||25|||11|||409
*|||16|||6|||19|||410
int|||17|||7|||14|||410
)|||64|||15|||11|||410
for|||40|||21|||49|||410
i|||9|||2|||6|||411
;|||80|||12|||10|||411
=|||82|||17|||59|||411
;|||137|||17|||93|||411
(|||42|||9|||104|||412
0|||29|||13|||52|||412
\n|||1|||16|||69|||412
=|||15|||3|||80|||413
;|||64|||10|||41|||413
i|||61|||10|||69|||413
scale|||1|||11|||117|||413
;|||90|||12|||74|||413
%|||2|||14|||74|||413
;|||166|||24|||64|||413
site|||3|||1|||38|||414
1|||2|||2|||45|||414
generate_v|||1|||3|||32|||414
.|||5|||5|||37|||414
i|||34|||6|||47|||414
,|||84|||17|||32|||414
0|||15|||5|||65|||415
b|||2|||6|||65|||415
]|||21|||10|||64|||415
}|||9|||14|||140|||415
==|||9|||25|||66|||415
(|||7|||2|||16|||416
=|||29|||7|||16|||416
;|||108|||14|||127|||417
cdir|||2|||14|||146|||417
const|||10|||24|||19|||417
++|||9|||10|||46|||418
input|||2|||10|||52|||418
++|||12|||12|||48|||418
[|||32|||19|||52|||418
=|||26|||5|||64|||419
]|||26|||14|||166|||419
x|||7|||17|||118|||419
)|||11|||3|||35|||420
buffersize|||1|||7|||8|||420
;|||54|||9|||79|||421
LOOPCNT|||3|||14|||104|||421
{|||37|||14|||111|||421
MRIvox|||1|||17|||101|||421
,|||23|||6|||21|||422
for|||10|||6|||41|||422
(|||25|||6|||59|||422
=|||54|||12|||22|||422
,|||15|||4|||36|||423
int|||11|||4|||41|||423
i|||22|||4|||42|||423
)|||86|||21|||47|||423
)|||87|||21|||62|||423
a|||4|||9|||105|||424
+|||18|||13|||86|||424
xdim1_update_halo_kernel3_minus_4_b|||1|||13|||93|||424
*|||47|||13|||94|||424
ENDCOM|||8|||14|||144|||424
void|||9|||9|||0|||425
*|||23|||9|||14|||425
int|||21|||9|||18|||425
int|||22|||9|||22|||425
SRSLTE_SIMD_CF_SIZE|||1|||9|||28|||425
(|||34|||9|||35|||425
)|||28|||9|||39|||425
&&|||4|||9|||45|||425
i|||49|||9|||63|||425
y|||4|||9|||86|||425
simd_f_t|||2|||9|||92|||425
)|||94|||24|||50|||425
=|||35|||9|||70|||426
*|||31|||11|||96|||426
*|||42|||13|||69|||426
a|||3|||9|||69|||427
&|||2|||9|||73|||427
w|||1|||4|||59|||428
simd_cf_t|||2|||9|||100|||428
)|||36|||9|||108|||428
input|||4|||16|||9|||429
data_cols|||2|||16|||99|||429
0|||36|||16|||121|||429
i|||38|||6|||67|||430
*|||21|||9|||5|||430
+=|||2|||9|||137|||430
(|||90|||17|||113|||430
;|||145|||19|||62|||430
,|||1|||0|||9|||431
,|||10|||4|||17|||431
(|||39|||9|||72|||431
[|||43|||25|||80|||431
[|||23|||10|||62|||432
>>|||2|||24|||58|||432
i|||77|||14|||25|||433
j|||15|||14|||27|||433
*|||68|||19|||10|||433
*|||50|||14|||13|||434
FILE|||1|||16|||24|||434
++|||24|||21|||60|||434
=|||110|||25|||24|||434
]|||6|||3|||70|||435
memcpy|||1|||14|||112|||435
tmp|||2|||14|||114|||435
cdir|||1|||14|||142|||435
++|||16|||15|||31|||435
&|||6|||17|||100|||435
tmp|||4|||19|||88|||435
)|||10|||3|||30|||436
for|||5|||3|||37|||436
=|||12|||3|||57|||436
[|||7|||3|||68|||436
;|||25|||3|||86|||436
[|||8|||3|||96|||436
,|||80|||17|||14|||436
)|||1|||0|||15|||437
;|||13|||2|||38|||437
i|||15|||3|||39|||437
{|||24|||11|||40|||437
schedule(static,1)|||1|||12|||33|||437
100|||1|||12|||45|||437
0|||31|||14|||49|||437
int|||58|||17|||30|||437
<=|||3|||21|||19|||437
while|||1|||23|||42|||437
{|||61|||23|||47|||437
for|||6|||3|||77|||438
dws|||3|||4|||89|||438
srslte_simd_cf_mul|||1|||9|||103|||438
1|||10|||13|||70|||438
+|||17|||13|||71|||438
)|||76|||17|||82|||438
settings|||7|||25|||77|||438
#pragma|||1|||6|||30|||439
(|||94|||19|||24|||439
;|||140|||17|||121|||440
1|||18|||25|||109|||440
VEC4|||3|||15|||13|||441
)|||90|||23|||16|||441
double|||2|||13|||9|||442
uint8_t|||1|||24|||11|||442
=|||8|||2|||12|||443
0|||17|||7|||17|||443
{|||49|||18|||11|||443
SRSLTE_IS_ALIGNED|||3|||9|||46|||444
0xf0|||1|||24|||52|||444
;|||18|||3|||42|||445
xp|||1|||14|||39|||445
;|||98|||14|||36|||446
100|||3|||21|||43|||446
src_end|||2|||24|||30|||446
uint32_t|||3|||24|||34|||446
n|||2|||6|||49|||447
const|||4|||9|||8|||447
SRSLTE_SIMD_CF_SIZE|||5|||9|||132|||447
=|||63|||13|||64|||447
hi_val|||1|||17|||19|||447
(|||87|||17|||71|||447
=|||84|||17|||73|||447
height|||4|||17|||92|||447
=|||86|||17|||99|||447
x|||6|||17|||114|||447
int|||1|||0|||26|||448
->|||1|||1|||39|||448
[|||13|||4|||76|||448
i|||74|||12|||43|||448
{|||32|||13|||61|||448
0|||43|||18|||17|||448
i|||100|||21|||45|||448
++|||23|||21|||46|||448
->|||9|||25|||40|||448
=|||7|||2|||7|||449
indices|||1|||4|||21|||450
n|||5|||10|||12|||450
_SX|||1|||14|||18|||450
int|||65|||19|||25|||450
ncx_getn_ushort_uint|||1|||14|||1|||451
{|||38|||14|||130|||451
tp|||2|||14|||163|||451
)|||32|||9|||66|||452
srslte_simd_cfi_load|||1|||9|||71|||452
mass_flux_x_p|||2|||13|||85|||452
for|||1|||0|||24|||453
temp_sol|||2|||3|||24|||453
++|||5|||4|||55|||453
,|||44|||11|||27|||453
long|||1|||14|||24|||453
step_sol|||1|||3|||12|||454
;|||55|||9|||91|||454
,|||56|||14|||11|||454
uint|||1|||14|||12|||454
,|||37|||11|||6|||455
float|||33|||22|||8|||455
filename|||2|||16|||37|||456
▁|||1|||16|||55|||456
(|||82|||16|||105|||456
int|||18|||8|||8|||457
int|||27|||11|||13|||457
fp|||1|||16|||7|||457
,|||100|||23|||6|||457
=|||51|||11|||126|||458
;|||150|||21|||17|||458
i|||19|||3|||62|||459
;|||120|||16|||72|||459
)|||54|||14|||56|||460
;|||128|||17|||42|||460
settings|||3|||25|||39|||460
*|||6|||4|||11|||461
srslte_vec_div_cfc_simd|||1|||9|||1|||461
float|||12|||9|||9|||461
VP8LConvertBGRAToRGBA4444_C|||1|||24|||1|||461
num_pixels|||1|||24|||9|||461
)|||23|||7|||26|||462
value|||2|||7|||27|||462
fid|||1|||16|||26|||462
NULL|||1|||16|||48|||462
▁|||4|||16|||61|||462
,|||73|||16|||89|||462
for|||30|||16|||124|||462
(|||101|||21|||65|||462
doors|||3|||21|||73|||462
(|||43|||9|||111|||463
1|||7|||9|||134|||463
0|||33|||14|||89|||464
+=|||3|||14|||92|||464
,|||9|||4|||14|||465
int|||8|||4|||19|||465
;|||31|||4|||65|||465
MDeformWeight|||2|||4|||83|||465
int|||70|||21|||36|||465
fprintf|||2|||16|||86|||466
site|||2|||1|||18|||467
const|||2|||4|||23|||467
char|||4|||7|||25|||467
tmp|||1|||14|||32|||467
;|||111|||14|||158|||467
i|||83|||15|||44|||467
)|||72|||16|||115|||467
0|||47|||23|||23|||467
is_larger|||3|||12|||60|||468
(|||77|||16|||36|||468
(|||78|||16|||45|||468
The|||1|||16|||54|||468
=|||38|||9|||102|||469
mask|||1|||17|||50|||469
<|||28|||24|||29|||469
(|||110|||24|||46|||469
,|||42|||11|||21|||470
)|||85|||21|||24|||470
i|||14|||3|||16|||471
float|||27|||19|||40|||471
[|||31|||19|||44|||471
0|||20|||10|||28|||472
]|||24|||11|||160|||472
j|||20|||15|||19|||472
)|||65|||15|||33|||472
=|||98|||21|||38|||472
]|||15|||6|||63|||473
largest|||3|||10|||59|||473
{|||25|||11|||63|||473
)|||56|||14|||65|||473
;|||146|||19|||66|||473
{|||58|||21|||72|||473
;|||127|||16|||143|||474
[|||38|||21|||80|||474
:|||1|||4|||79|||475
)|||44|||11|||135|||475
{|||6|||2|||42|||476
]|||9|||3|||110|||476
.|||6|||5|||41|||476
omp|||3|||6|||74|||477
]|||4|||3|||56|||478
float|||13|||10|||7|||478
rand_r|||2|||19|||51|||478
float|||29|||19|||71|||478
i|||30|||5|||11|||479
value|||1|||7|||11|||479
;|||115|||15|||30|||480
start|||3|||19|||32|||480
=|||97|||21|||30|||480
dvert|||2|||4|||71|||481
[|||12|||4|||72|||481
len|||2|||9|||57|||481
[|||10|||3|||108|||482
side|||7|||11|||106|||482
j|||19|||14|||102|||482
]|||16|||6|||68|||483
)|||30|||9|||49|||483
-|||4|||9|||131|||483
)|||88|||21|||71|||483
i|||82|||15|||17|||484
0.|||1|||15|||40|||484
x_sol|||2|||3|||112|||485
(|||18|||4|||95|||485
y|||8|||17|||94|||485
float|||11|||6|||22|||486
(|||24|||6|||42|||486
a|||2|||6|||60|||486
1|||8|||12|||23|||486
)|||53|||14|||15|||486
int|||48|||14|||0|||487
)|||61|||14|||122|||487
xp|||2|||14|||124|||487
*|||57|||14|||135|||487
ENDCOM|||9|||14|||148|||487
for|||8|||5|||61|||488
++|||10|||11|||60|||488
n|||9|||11|||80|||488
=|||50|||11|||118|||488
i|||12|||2|||25|||489
)|||27|||9|||20|||489
}|||1|||9|||121|||489
]|||38|||23|||24|||489
cc|||1|||25|||23|||489
(|||58|||13|||3|||490
MRI|||2|||17|||7|||490
*|||63|||17|||8|||490
0|||39|||17|||74|||490
0|||40|||17|||88|||490
;|||136|||17|||89|||490
*|||73|||24|||5|||490
<|||18|||14|||84|||491
0|||34|||14|||153|||491
;|||44|||7|||28|||492
i|||42|||7|||39|||492
int|||55|||16|||20|||492
data_range|||1|||16|||21|||492
;|||117|||16|||27|||492
{|||43|||16|||50|||492
/|||3|||16|||63|||492
z|||1|||6|||24|||493
,|||35|||10|||13|||493
"|||6|||16|||83|||493
)|||80|||19|||21|||493
dr|||1|||23|||37|||493
=|||6|||1|||29|||494
==|||1|||2|||46|||494
rcpb|||1|||9|||93|||495
b|||4|||9|||97|||495
num|||7|||11|||134|||495
;|||174|||25|||111|||495
for|||44|||25|||112|||495
int|||83|||25|||114|||495
int|||28|||11|||16|||496
predictions|||2|||11|||119|||496
]|||7|||3|||98|||497
num|||5|||11|||97|||497
]|||14|||6|||57|||498
chunks|||2|||25|||50|||498
;|||4|||1|||12|||499
=|||88|||18|||16|||499
1|||14|||21|||16|||499
(|||104|||22|||21|||499
best|||1|||23|||19|||499
chunks|||1|||25|||13|||499
