,|||8|||3|||46|||0
n|||32|||5|||30|||0
{|||24|||9|||22|||0
)|||31|||9|||55|||0
x|||41|||13|||31|||0
\|||109|||13|||41|||0
void|||16|||14|||5|||0
tid|||4|||14|||39|||0
/|||4|||16|||110|||0
"|||7|||16|||143|||0
n|||158|||17|||83|||0
(|||122|||24|||3|||0
uint32_t|||1|||24|||5|||0
idx|||8|||24|||20|||0
(|||124|||24|||60|||0
(|||32|||9|||3|||1
,|||115|||24|||8|||1
+|||51|||24|||25|||1
x|||86|||24|||32|||1
{|||6|||2|||52|||2
[|||2|||2|||58|||2
n|||23|||3|||107|||2
<|||11|||5|||58|||2
n|||46|||6|||55|||2
box_index|||2|||11|||190|||2
;|||81|||15|||57|||2
tid|||9|||19|||57|||2
x|||67|||20|||31|||2
blockIdx|||27|||21|||67|||2
=|||28|||6|||32|||3
\|||45|||6|||54|||3
)|||23|||6|||71|||3
<|||14|||7|||47|||3
x|||33|||10|||34|||3
if|||14|||10|||53|||3
n|||138|||15|||63|||3
+|||44|||20|||28|||3
int|||94|||21|||64|||3
)|||105|||21|||103|||3
.|||84|||21|||176|||3
blockIdx|||30|||23|||64|||3
settings|||2|||25|||36|||3
(|||138|||25|||98|||3
\|||8|||1|||9|||4
blockDim|||3|||2|||15|||4
int|||28|||7|||11|||4
blockIdx|||20|||17|||36|||4
{|||62|||21|||8|||4
[|||39|||21|||38|||4
for|||13|||21|||90|||4
settings|||1|||25|||10|||4
\|||219|||25|||77|||4
n|||20|||3|||71|||5
threadIdx|||32|||25|||26|||5
}|||25|||25|||67|||5
\|||48|||7|||32|||6
*|||121|||21|||154|||6
=|||8|||3|||75|||7
dv|||1|||4|||83|||7
i|||16|||4|||92|||7
n|||159|||17|||85|||7
)|||104|||21|||86|||7
->|||8|||25|||87|||7
i|||32|||8|||54|||8
)|||43|||9|||162|||8
\|||95|||12|||71|||8
x|||72|||21|||73|||8
)|||106|||21|||114|||8
blockDim|||37|||25|||134|||8
>|||9|||3|||65|||9
{|||31|||11|||41|||9
threadIdx|||13|||11|||64|||9
y_size|||1|||13|||21|||9
x|||42|||13|||35|||9
=|||68|||15|||21|||9
int|||77|||17|||33|||9
mask|||2|||17|||153|||9
)|||86|||17|||160|||9
(|||100|||19|||44|||9
i|||71|||21|||165|||9
n|||208|||23|||44|||9
m2_rows|||3|||5|||150|||10
2;\n|||2|||5|||152|||10
matrix|||1|||5|||163|||10
1),|||1|||5|||183|||10
*|||56|||11|||175|||11
n|||30|||4|||80|||12
idx|||1|||11|||54|||12
;|||58|||11|||152|||12
)|||59|||12|||99|||12
created|||1|||16|||109|||12
,|||78|||16|||142|||12
cosf|||3|||19|||150|||12
cc|||3|||25|||59|||12
int|||25|||6|||4|||13
,|||26|||6|||6|||13
)|||33|||9|||65|||13
z|||3|||9|||74|||13
a|||5|||20|||6|||13
-|||1|||3|||149|||14
i|||15|||4|||76|||14
indices|||3|||4|||90|||14
\|||31|||4|||98|||14
)|||50|||11|||79|||14
{|||42|||13|||81|||14
\|||132|||16|||91|||14
(|||126|||24|||70|||14
>>|||3|||24|||89|||14
]|||42|||25|||91|||14
n|||54|||8|||34|||15
blockDim|||21|||16|||34|||15
threadIdx|||11|||9|||36|||16
settings|||3|||25|||45|||16
generate_u|||1|||3|||42|||17
float|||11|||5|||165|||17
cudaMalloc(&m,|||1|||5|||167|||17
[|||21|||8|||78|||18
n|||60|||8|||85|||18
n|||84|||10|||93|||18
(|||62|||12|||83|||18
.|||66|||17|||75|||18
numThreads|||1|||23|||75|||18
gridDim|||4|||23|||81|||18
;|||91|||16|||184|||19
(|||109|||21|||3|||19
n|||192|||21|||80|||19
j|||33|||21|||120|||19
=|||1|||0|||20|||20
?|||2|||4|||105|||20
int|||19|||5|||31|||20
int|||20|||5|||48|||20
if|||9|||6|||47|||20
-|||4|||10|||48|||20
only_objectness|||1|||11|||39|||20
.|||41|||12|||32|||20
.|||43|||12|||40|||20
(|||59|||12|||46|||20
+|||28|||13|||32|||20
j|||14|||15|||44|||20
\|||161|||19|||50|||20
}|||19|||21|||46|||20
n__global__|||1|||21|||53|||20
int|||93|||21|||57|||20
20|||1|||2|||46|||21
n|||15|||2|||54|||21
n|||33|||5|||47|||21
\|||60|||9|||48|||21
n|||64|||9|||49|||21
\|||94|||12|||58|||21
float|||34|||19|||61|||21
int|||49|||11|||117|||22
+|||21|||11|||136|||22
*|||116|||20|||24|||22
*|||126|||22|||24|||22
(|||129|||24|||87|||22
dataBlockSize|||3|||0|||55|||23
=|||17|||4|||103|||23
threadIdx|||14|||12|||39|||23
<|||8|||3|||79|||24
)|||34|||9|||70|||24
]|||23|||9|||126|||24
if|||16|||10|||89|||24
n|||91|||11|||100|||25
predictions|||3|||11|||188|||25
}|||11|||12|||90|||26
check_i_islarger2|||1|||12|||96|||26
=|||96|||21|||94|||26
;|||23|||4|||97|||27
i|||50|||12|||47|||27
=|||55|||12|||68|||27
;|||72|||13|||71|||27
"|||6|||16|||134|||27
*|||120|||21|||70|||27
i|||70|||21|||111|||27
i|||74|||23|||98|||27
{|||78|||25|||113|||27
.|||6|||1|||25|||28
m|||1|||5|||26|||28
=|||71|||16|||29|||28
blockIdx|||24|||19|||29|||28
i|||7|||3|||78|||29
MDeformWeight|||1|||4|||11|||29
.|||87|||23|||61|||29
\|||221|||25|||95|||29
;|||15|||3|||96|||30
\|||23|||3|||106|||30
stencil_size|||1|||3|||130|||30
classes|||3|||11|||163|||30
;|||80|||15|||53|||30
rand_d|||3|||19|||101|||30
y2|||1|||19|||109|||30
.|||74|||20|||26|||30
;|||128|||23|||84|||30
=|||50|||11|||147|||31
\|||162|||19|||59|||31
\|||164|||19|||79|||31
]|||14|||5|||94|||32
\|||56|||8|||84|||32
n|||154|||16|||210|||32
get_maxnodes|||1|||1|||35|||33
int|||6|||2|||25|||33
x|||21|||7|||30|||33
.|||27|||8|||30|||33
.|||52|||15|||31|||33
int|||106|||23|||50|||33
=|||106|||24|||21|||33
blockDim|||36|||25|||22|||33
\|||24|||3|||115|||34
[|||14|||5|||71|||34
m2|||2|||5|||96|||34
}|||4|||5|||105|||34
and|||1|||5|||125|||34
=|||22|||5|||129|||34
n|||18|||3|||41|||35
n|||39|||5|||107|||35
;|||50|||11|||50|||35
[|||29|||11|||149|||35
.|||45|||13|||34|||35
==|||8|||16|||96|||35
The|||1|||16|||105|||35
\n|||3|||16|||146|||35
if|||28|||19|||43|||35
n|||189|||21|||48|||35
int|||98|||21|||164|||35
<|||6|||3|||43|||36
blockDim|||6|||3|||47|||36
int|||46|||11|||53|||36
=|||44|||11|||55|||36
]|||27|||11|||151|||36
\|||88|||11|||153|||36
.|||46|||13|||38|||36
n|||121|||13|||42|||36
n|||190|||21|||51|||36
[|||45|||25|||58|||36
0|||1|||1|||46|||37
m2_cols|||2|||5|||154|||37
int|||26|||6|||30|||37
i|||29|||7|||18|||37
n|||101|||11|||173|||37
n|||129|||14|||36|||37
nelems|||2|||14|||41|||37
fid|||6|||16|||158|||37
\|||208|||24|||34|||37
argb|||1|||24|||47|||37
)|||39|||9|||113|||38
simd_f_t|||2|||9|||117|||38
)|||124|||25|||63|||38
)|||9|||3|||38|||39
n|||105|||12|||44|||39
)|||62|||13|||22|||39
n|||120|||13|||25|||39
threadIdx|||15|||13|||29|||39
*|||71|||13|||36|||39
x|||43|||13|||39|||39
int|||65|||13|||43|||39
concatenate|||1|||5|||178|||40
fprintf|||4|||16|||211|||40
low_val|||2|||17|||155|||40
n|||168|||17|||163|||40
=|||97|||21|||122|||40
x|||36|||11|||66|||41
n|||104|||12|||27|||41
{|||39|||13|||23|||41
blockIdx|||31|||24|||26|||41
b|||3|||9|||118|||42
\|||137|||16|||137|||42
%d|||2|||16|||145|||42
;|||121|||21|||178|||42
side|||3|||11|||76|||43
&|||10|||25|||56|||43
<|||40|||25|||105|||43
++|||12|||25|||110|||43
=|||77|||17|||52|||44
(|||49|||10|||63|||45
n|||112|||12|||114|||45
(|||74|||14|||81|||45
\|||214|||25|||41|||45
*|||2|||0|||24|||46
<|||28|||16|||64|||46
*|||101|||17|||56|||46
n|||66|||9|||102|||47
)|||60|||12|||104|||47
;|||96|||17|||64|||47
const|||14|||24|||56|||47
cc|||2|||25|||34|||47
n|||231|||25|||96|||47
last_i|||4|||12|||116|||48
\n|||1|||16|||114|||48
fid|||4|||16|||129|||48
;|||89|||16|||153|||48
)|||78|||16|||166|||48
)|||79|||16|||175|||48
;|||18|||3|||119|||49
)|||16|||4|||116|||49
x|||37|||11|||185|||49
]|||29|||11|||193|||49
>|||11|||12|||76|||49
n_y|||3|||13|||88|||49
xdim0_update_halo_kernel3_minus_4_b|||1|||13|||90|||49
n|||152|||16|||178|||49
\|||151|||17|||116|||49
;|||111|||19|||115|||49
==|||10|||21|||112|||49
{|||67|||21|||115|||49
(|||118|||21|||191|||49
==|||11|||25|||48|||49
\|||222|||25|||114|||49
\|||223|||25|||125|||49
do_add|||1|||4|||31|||50
\|||172|||21|||9|||50
i|||67|||21|||39|||50
,|||14|||4|||24|||51
m2|||1|||5|||16|||51
buffer|||1|||7|||6|||51
*|||36|||9|||11|||51
int|||36|||10|||8|||51
w|||2|||11|||21|||51
,|||56|||12|||11|||51
data_rows|||1|||16|||13|||51
low_val|||1|||17|||17|||51
100|||2|||21|||85|||51
Pixel|||1|||23|||8|||51
*|||23|||6|||8|||52
int|||29|||7|||17|||52
+|||13|||7|||27|||52
buffersize|||2|||7|||48|||52
j|||19|||16|||45|||52
\|||22|||3|||97|||53
)|||36|||9|||80|||53
srslte_simd_f_rcp|||1|||9|||134|||53
num|||4|||11|||78|||53
)|||45|||10|||58|||54
;|||75|||14|||47|||54
)|||114|||24|||41|||54
if|||10|||7|||44|||55
(|||28|||7|||45|||55
)|||108|||21|||160|||55
n|||193|||21|||89|||56
;|||135|||25|||76|||56
n|||229|||25|||78|||56
c|||3|||7|||35|||57
)|||25|||7|||39|||57
n|||50|||7|||43|||57
}|||12|||12|||122|||57
n|||117|||12|||138|||57
int|||58|||12|||139|||57
n|||7|||0|||68|||58
(|||4|||0|||72|||58
*|||4|||1|||19|||58
i|||14|||4|||64|||58
)|||29|||8|||70|||58
m|||5|||8|||74|||58
]|||26|||10|||76|||58
tid|||5|||14|||70|||58
\|||145|||17|||65|||58
,|||95|||17|||171|||58
float|||35|||19|||71|||58
=|||108|||24|||59|||58
indices|||2|||4|||88|||59
i|||17|||4|||95|||59
\|||104|||12|||131|||59
n|||124|||13|||77|||59
n|||126|||13|||100|||59
;|||84|||16|||77|||59
n|||143|||16|||79|||59
"|||2|||16|||88|||59
;|||8|||2|||39|||60
\|||14|||2|||40|||60
&&|||2|||2|||47|||60
if|||5|||2|||55|||60
nPixel|||1|||23|||2|||60
)|||26|||7|||49|||61
[|||26|||9|||157|||61
n|||148|||16|||126|||61
,|||82|||16|||164|||61
n|||162|||17|||115|||61
int|||88|||19|||83|||61
{|||69|||21|||187|||61
unsigned|||2|||1|||12|||62
{|||18|||7|||14|||62
const|||7|||9|||18|||62
,|||75|||16|||20|||62
=|||94|||21|||41|||62
j|||29|||21|||93|||62
\|||212|||25|||13|||62
=|||76|||17|||35|||63
i|||43|||10|||22|||64
*|||54|||11|||161|||64
z|||6|||17|||72|||64
float|||31|||17|||141|||64
.|||70|||19|||30|||64
int|||87|||19|||52|||64
\|||163|||19|||69|||64
)|||93|||19|||94|||64
,|||47|||11|||19|||65
i|||66|||21|||30|||65
=|||100|||23|||23|||65
\|||20|||3|||70|||66
(|||14|||3|||73|||66
,|||53|||11|||46|||66
p_index|||2|||11|||150|||66
data_range|||1|||16|||22|||66
rows|||2|||19|||47|||66
*|||125|||22|||9|||66
*|||28|||6|||36|||67
;|||34|||8|||49|||67
)|||51|||11|||113|||67
+|||30|||13|||87|||67
rand_r|||3|||19|||111|||67
x|||76|||21|||177|||67
)|||111|||23|||17|||67
]|||12|||5|||68|||68
i|||21|||5|||72|||68
\|||40|||5|||109|||68
,|||31|||7|||7|||69
y|||8|||9|||12|||69
n|||74|||10|||9|||69
int|||54|||12|||12|||69
,|||73|||16|||14|||69
*|||118|||21|||17|||69
*|||127|||23|||9|||69
,|||12|||4|||16|||70
&|||1|||4|||85|||70
dvert|||2|||4|||86|||70
i|||18|||4|||108|||70
index|||5|||0|||73|||71
=|||12|||3|||125|||71
if|||7|||5|||55|||71
x|||29|||9|||54|||71
i|||44|||10|||55|||71
n|||82|||10|||82|||71
\|||114|||13|||99|||71
mass_flux_x|||1|||13|||102|||71
,|||63|||13|||116|||71
i|||63|||19|||66|||71
.|||90|||23|||78|||71
i|||52|||12|||62|||72
"|||11|||16|||215|||72
+|||47|||21|||128|||72
num|||11|||23|||100|||72
)|||22|||6|||52|||73
\|||73|||10|||51|||73
+|||20|||11|||123|||73
n|||140|||16|||43|||73
n|||146|||16|||119|||73
n|||195|||21|||117|||73
defvert_find_index|||1|||4|||111|||74
<|||16|||8|||59|||74
(|||61|||12|||74|||74
;|||93|||16|||200|||74
;|||110|||19|||105|||74
x2|||2|||19|||121|||74
<|||34|||21|||31|||74
;|||56|||11|||125|||75
num|||8|||11|||165|||75
,|||62|||13|||93|||75
\|||113|||13|||94|||75
n|||125|||13|||95|||75
+|||31|||13|||106|||75
j|||22|||16|||201|||75
n|||225|||25|||53|||75
blockIdx|||33|||25|||130|||75
side|||7|||11|||133|||76
)|||76|||16|||135|||76
&|||5|||17|||127|||76
val|||4|||17|||195|||76
(|||139|||25|||117|||76
input|||1|||5|||122|||77
int|||21|||5|||134|||77
Allocate|||1|||5|||158|||77
SRSLTE_SIMD_F_SIZE|||1|||9|||47|||77
n_y|||4|||13|||111|||77
;|||131|||24|||53|||77
__global__|||1|||0|||0|||78
__global__|||3|||2|||0|||78
__global__|||4|||3|||0|||78
__global__|||5|||4|||0|||78
__global__|||6|||5|||0|||78
__global__|||7|||6|||0|||78
__global__|||8|||7|||0|||78
__global__|||9|||8|||0|||78
__global__|||10|||9|||0|||78
__global__|||11|||10|||0|||78
__global__|||12|||11|||0|||78
__global__|||13|||12|||0|||78
__global__|||14|||13|||0|||78
__global__|||15|||14|||0|||78
ncx_get_ushort_uint|||1|||14|||2|||78
__global__|||16|||15|||0|||78
__global__|||17|||16|||0|||78
__global__|||18|||17|||0|||78
__global__|||20|||19|||0|||78
__global__|||22|||21|||0|||78
__global__|||25|||24|||0|||78
__global__|||26|||25|||0|||78
j|||7|||3|||132|||79
i|||24|||6|||31|||79
n|||96|||11|||124|||79
;|||87|||16|||121|||79
"|||9|||16|||160|||79
n|||191|||21|||63|||79
threadIdx|||28|||21|||175|||79
+|||50|||23|||63|||79
)|||15|||4|||67|||80
n|||63|||9|||41|||80
sizeof|||3|||9|||77|||80
n|||68|||9|||130|||80
rcpb|||1|||9|||132|||80
j|||25|||19|||88|||80
++|||10|||19|||92|||80
[|||37|||19|||102|||80
\|||4|||0|||46|||81
>|||5|||3|||49|||81
.|||37|||11|||57|||81
int|||51|||11|||155|||81
n_y|||1|||13|||44|||81
;|||70|||13|||49|||81
+|||35|||16|||37|||81
writing|||1|||16|||113|||81
j|||3|||2|||62|||82
(|||25|||6|||61|||82
if|||11|||8|||52|||82
<|||15|||8|||55|||82
n|||56|||8|||56|||82
(|||31|||8|||66|||82
n|||80|||10|||61|||82
largest|||2|||10|||69|||82
)|||70|||15|||60|||82
n|||149|||16|||138|||82
*|||1|||0|||6|||83
real|||1|||3|||7|||83
filename|||1|||16|||6|||83
)|||80|||16|||191|||83
for|||11|||16|||195|||83
miIndexedPtr|||1|||23|||5|||83
n|||47|||6|||76|||84
j|||12|||8|||79|||84
ii|||3|||12|||69|||84
n|||108|||12|||72|||84
0.|||1|||15|||69|||84
blockDim|||30|||21|||71|||84
+|||46|||21|||74|||84
threadIdx|||27|||21|||75|||84
=|||103|||23|||76|||84
sizeof(float));\n\n|||1|||5|||172|||85
\|||52|||8|||33|||85
*|||62|||12|||66|||85
int|||69|||15|||41|||85
.|||53|||16|||31|||85
{|||50|||16|||99|||85
printf|||1|||16|||102|||85
%d|||1|||16|||144|||85
.|||82|||21|||168|||85
]|||25|||10|||67|||86
int|||42|||11|||20|||87
(|||110|||21|||29|||87
.|||97|||25|||27|||87
[|||46|||25|||89|||87
.|||25|||8|||22|||88
(|||53|||11|||71|||88
x|||54|||17|||38|||88
,|||28|||6|||14|||89
;|||29|||6|||44|||89
,|||33|||8|||8|||89
blockDim|||12|||8|||25|||89
{|||28|||10|||18|||89
float|||22|||10|||45|||89
known_sum|||1|||12|||14|||89
x|||39|||12|||37|||89
=|||93|||21|||13|||89
x|||70|||21|||24|||89
;|||116|||21|||43|||89
)|||122|||25|||39|||89
len|||2|||9|||90|||90
1|||4|||12|||149|||90
n|||177|||19|||97|||90
\|||166|||19|||106|||90
i|||37|||9|||88|||91
1|||3|||9|||94|||91
;|||38|||9|||95|||91
&|||3|||9|||122|||91
y|||10|||9|||123|||91
a|||4|||9|||146|||91
,|||38|||9|||147|||91
else|||2|||5|||78|||92
{1,|||1|||5|||130|||92
int|||22|||5|||138|||92
=|||25|||5|||144|||93
7,|||1|||5|||147|||93
int|||24|||5|||153|||93
(m1_rows|||1|||5|||168|||93
the|||3|||5|||175|||93
;|||67|||12|||143|||93
+|||2|||0|||76|||94
i|||34|||8|||76|||94
;|||48|||10|||77|||94
i|||47|||10|||91|||94
=|||67|||14|||72|||94
,|||81|||16|||159|||94
(|||1|||0|||3|||95
=|||2|||0|||64|||95
j|||20|||16|||67|||95
blockDim|||25|||17|||74|||95
x|||89|||25|||28|||95
int|||4|||1|||43|||96
*|||66|||12|||108|||96
n|||116|||12|||130|||96
mri_mask|||1|||17|||10|||96
mri_mean|||2|||17|||186|||96
x|||59|||17|||188|||96
y|||21|||17|||190|||96
z|||12|||17|||192|||96
;|||103|||17|||197|||96
;|||139|||25|||109|||96
b|||2|||6|||67|||97
i|||45|||10|||66|||97
)|||47|||10|||85|||97
+|||1|||0|||28|||98
n|||3|||0|||43|||98
)|||3|||0|||56|||98
else|||1|||0|||70|||98
>=|||1|||0|||74|||98
(|||10|||3|||3|||98
,|||20|||5|||7|||99
m1_rows|||1|||5|||9|||99
int|||16|||5|||11|||99
\|||32|||5|||29|||99
+|||8|||5|||84|||99
(|||29|||8|||3|||99
.|||2|||0|||26|||100
threadIdx|||6|||5|||42|||100
.|||21|||6|||42|||100
\|||72|||10|||43|||100
+|||27|||12|||38|||100
=|||60|||13|||28|||100
*|||74|||13|||91|||100
+|||34|||15|||25|||100
;|||78|||15|||38|||100
y|||12|||16|||53|||100
threadIdx|||22|||17|||78|||100
=|||87|||19|||85|||100
blockIdx|||26|||21|||14|||100
\|||175|||21|||44|||100
cc|||1|||25|||16|||100
(|||137|||25|||80|||100
]|||3|||3|||93|||101
n|||24|||3|||116|||101
<|||20|||10|||92|||101
}|||18|||17|||113|||101
\|||150|||17|||114|||101
for|||2|||3|||122|||102
++|||2|||3|||133|||102
&|||4|||9|||155|||102
for|||5|||9|||174|||102
classes|||2|||11|||135|||102
(|||57|||11|||187|||102
.|||98|||25|||131|||102
*|||9|||4|||5|||103
n|||28|||4|||61|||103
,|||50|||11|||28|||103
,|||52|||11|||37|||103
j|||13|||11|||47|||103
blockDim|||16|||11|||60|||103
side|||8|||11|||158|||103
,|||116|||24|||11|||103
0xf0|||1|||24|||67|||103
)|||119|||24|||91|||103
0x80|||1|||0|||65|||104
<|||7|||3|||58|||104
n|||45|||6|||51|||104
i|||28|||6|||69|||104
\|||69|||9|||172|||104
;|||49|||10|||86|||104
%|||1|||11|||96|||104
num|||6|||11|||122|||104
{|||64|||21|||61|||104
)|||116|||24|||68|||104
predictions|||2|||11|||148|||105
+|||38|||17|||60|||105
n|||219|||24|||44|||105
uint8_t|||2|||24|||57|||105
)|||115|||24|||65|||105
{|||5|||2|||5|||106
*|||25|||6|||16|||106
n|||52|||8|||10|||106
float|||25|||11|||29|||106
int|||55|||12|||16|||106
nelems|||1|||14|||11|||106
int|||81|||18|||8|||106
*|||108|||19|||15|||106
,|||108|||20|||10|||106
b|||6|||22|||10|||106
*|||11|||4|||13|||107
square|||1|||11|||15|||107
int|||41|||11|||17|||107
dataBlockSize|||5|||0|||81|||108
1|||2|||3|||150|||108
,|||39|||9|||160|||108
int|||60|||12|||153|||108
(|||87|||16|||180|||108
(|||130|||24|||96|||108
n|||4|||0|||47|||109
tid|||1|||13|||27|||109
=|||61|||13|||45|||109
.|||60|||17|||41|||109
x|||55|||17|||42|||109
blockDim|||24|||17|||57|||109
val|||3|||17|||164|||109
=|||81|||17|||165|||109
->|||3|||17|||91|||110
>=|||5|||17|||101|||110
blockDim|||4|||2|||32|||111
generate_v|||1|||3|||57|||111
<|||9|||3|||129|||111
neighbors|||1|||3|||142|||111
j|||8|||3|||147|||111
;|||44|||9|||176|||111
site|||1|||1|||6|||112
int|||27|||7|||8|||112
float|||29|||17|||19|||112
}|||20|||21|||49|||112
[|||40|||21|||119|||112
P|||1|||0|||7|||113
m1|||1|||5|||6|||113
*|||31|||8|||5|||113
input|||2|||10|||6|||113
predictions|||1|||11|||6|||113
num|||3|||11|||12|||113
*|||89|||16|||5|||113
++|||8|||16|||190|||113
n|||153|||16|||194|||113
int|||83|||19|||4|||113
x|||2|||0|||27|||114
.|||31|||9|||29|||114
blockIdx|||14|||12|||31|||114
if|||24|||16|||93|||114
(|||111|||21|||56|||114
i|||1|||1|||14|||115
temp_sol|||1|||3|||9|||115
n|||48|||7|||16|||115
*|||86|||15|||9|||115
,|||105|||19|||13|||115
num_pixels|||1|||24|||10|||115
,|||117|||25|||7|||115
;|||14|||3|||83|||116
]|||10|||4|||96|||116
int|||48|||11|||92|||116
"|||1|||16|||86|||116
argb|||4|||24|||88|||116
\|||15|||2|||53|||117
i|||4|||2|||59|||117
>|||6|||3|||50|||117
<<|||3|||3|||59|||117
time_step|||3|||3|||67|||117
(|||17|||4|||63|||117
m1_rows|||2|||5|||59|||117
c|||2|||6|||56|||117
\|||129|||16|||59|||117
)|||72|||16|||70|||117
fopen|||1|||16|||82|||117
.|||63|||17|||58|||117
;|||105|||19|||58|||117
run_ppcg_init|||1|||25|||54|||117
reset_fields_to_exchange|||1|||25|||79|||117
[|||3|||2|||61|||118
index|||7|||3|||118|||118
defgrp_idx|||2|||4|||115|||118
\|||46|||6|||75|||118
n|||55|||8|||51|||118
0|||10|||11|||192|||118
j|||17|||15|||59|||118
;|||88|||16|||136|||118
]|||35|||19|||114|||118
if|||34|||21|||190|||118
0|||11|||12|||64|||119
)|||56|||12|||65|||119
y|||18|||17|||94|||119
j|||24|||19|||84|||119
.|||79|||21|||68|||119
x|||81|||23|||70|||119
\|||146|||17|||82|||120
void|||2|||1|||1|||121
void|||6|||5|||1|||121
void|||7|||6|||1|||121
void|||8|||7|||1|||121
void|||10|||9|||1|||121
void|||11|||10|||1|||121
void|||12|||11|||1|||121
void|||13|||12|||1|||121
void|||14|||13|||1|||121
void|||15|||14|||1|||121
void|||18|||16|||1|||121
void|||20|||18|||1|||121
void|||21|||19|||1|||121
void|||22|||20|||1|||121
float|||38|||19|||118|||122
x|||73|||21|||77|||122
,|||107|||20|||7|||123
chunks|||1|||25|||6|||123
*|||43|||11|||30|||124
box|||1|||11|||34|||124
int|||62|||13|||17|||124
x_size|||1|||13|||18|||124
int|||63|||13|||20|||124
int|||103|||23|||31|||124
z|||1|||6|||25|||125
.|||35|||10|||29|||125
tid|||10|||20|||19|||125
.|||15|||4|||57|||126
x|||12|||4|||58|||126
]|||11|||4|||109|||126
=|||51|||11|||157|||126
;|||6|||1|||47|||127
SRSLTE_SIMD_CF_SIZE|||1|||9|||43|||127
scale|||1|||11|||146|||127
\|||209|||24|||43|||127
idx|||10|||24|||51|||127
int|||2|||1|||13|||128
threadIdx|||3|||2|||19|||128
,|||16|||4|||32|||128
m2_cols|||1|||5|||22|||128
\|||47|||7|||15|||128
blockIdx|||8|||7|||20|||128
*|||33|||8|||24|||128
int|||34|||9|||19|||128
)|||44|||10|||17|||128
{|||46|||15|||16|||128
int|||73|||16|||21|||128
mri_mean|||1|||17|||24|||128
blockDim|||23|||17|||40|||128
i|||65|||21|||12|||128
{|||73|||24|||16|||128
n|||222|||25|||14|||128
\|||49|||7|||42|||129
=|||39|||9|||143|||129
\|||66|||9|||151|||129
\|||89|||11|||178|||129
<|||36|||21|||184|||129
y|||11|||16|||49|||130
"|||4|||16|||115|||130
,|||77|||16|||130|||130
{|||51|||16|||176|||130
(|||21|||5|||80|||131
\|||96|||12|||80|||131
ii|||4|||12|||87|||131
)|||94|||19|||133|||131
if|||31|||21|||81|||131
{|||65|||21|||87|||131
(|||136|||25|||74|||131
.|||10|||2|||29|||132
*|||47|||11|||75|||132
side|||5|||11|||97|||132
;|||55|||11|||110|||132
*|||52|||11|||138|||132
/|||3|||13|||47|||132
==|||5|||9|||66|||133
)|||35|||9|||75|||133
[|||24|||9|||110|||133
n|||67|||9|||116|||133
srslte_simd_f_load|||1|||9|||120|||133
n|||70|||9|||152|||133
threadIdx|||12|||10|||24|||133
paddingSize|||1|||0|||13|||134
int|||18|||5|||21|||134
float|||15|||6|||19|||134
in|||1|||8|||13|||134
probs|||1|||11|||32|||134
last_i|||1|||12|||18|||134
*|||80|||14|||14|||134
{|||57|||18|||11|||134
,|||106|||19|||17|||134
b|||5|||20|||13|||134
nx|||1|||22|||13|||134
dist|||1|||23|||41|||134
)|||120|||24|||94|||134
count|||3|||5|||66|||135
>>|||1|||24|||63|||135
&&|||6|||9|||71|||136
=|||72|||16|||46|||136
n|||141|||16|||60|||136
m1_cols|||1|||5|||12|||137
{|||21|||8|||62|||137
int|||38|||11|||8|||137
float|||27|||16|||8|||137
;|||92|||16|||188|||137
\|||141|||16|||193|||137
sinf|||1|||19|||130|||137
*|||114|||20|||5|||137
,|||112|||23|||7|||137
,|||5|||3|||20|||138
<|||5|||3|||28|||138
[|||22|||8|||92|||138
.|||33|||9|||37|||138
(|||70|||14|||38|||138
Max|||1|||14|||76|||138
"|||12|||16|||217|||138
%|||3|||21|||131|||138
n|||198|||21|||141|||138
val|||1|||3|||23|||139
,|||7|||3|||31|||139
\|||18|||3|||40|||139
*|||45|||11|||35|||139
n|||155|||17|||32|||139
*|||132|||24|||29|||139
n|||2|||0|||34|||140
if|||2|||0|||51|||140
\|||29|||4|||69|||140
blockDim|||10|||6|||37|||140
)|||63|||13|||57|||140
0|||14|||13|||66|||140
float|||37|||19|||108|||140
void|||26|||22|||1|||140
idx|||9|||24|||38|||140
box_index|||1|||11|||156|||141
\|||97|||12|||91|||141
=|||104|||23|||91|||141
<|||37|||23|||99|||141
{|||72|||23|||102|||141
pixel|||1|||23|||106|||141
srslte_simd_cfi_store|||1|||9|||153|||142
,|||17|||4|||35|||143
*|||16|||4|||82|||143
blockDim|||11|||7|||24|||143
x|||68|||21|||16|||143
{|||8|||3|||87|||144
?|||1|||4|||89|||144
|||||1|||17|||93|||144
while|||2|||23|||96|||145
x|||13|||5|||36|||146
\|||33|||5|||46|||146
=|||19|||5|||50|||146
\|||34|||5|||53|||146
&&|||3|||8|||57|||146
)|||28|||8|||61|||146
threadIdx|||25|||20|||29|||146
=|||107|||24|||48|||146
\|||210|||24|||54|||146
)|||21|||6|||26|||147
x|||32|||10|||30|||147
>|||10|||10|||68|||147
;|||60|||12|||25|||147
tid|||3|||14|||21|||147
.|||68|||18|||18|||147
\|||159|||19|||24|||147
=|||92|||20|||20|||147
=|||99|||22|||20|||147
0|||4|||3|||104|||148
+|||23|||11|||164|||148
num|||9|||11|||171|||148
j|||15|||15|||50|||148
j|||16|||15|||54|||148
)|||13|||3|||134|||149
for|||6|||11|||101|||149
{|||33|||11|||114|||149
(|||67|||13|||53|||149
<|||25|||13|||55|||149
threadIdx|||7|||6|||41|||150
i|||26|||6|||58|||150
+|||16|||9|||35|||150
;|||46|||10|||42|||150
n|||186|||21|||27|||150
if|||30|||21|||28|||150
rg|||1|||24|||58|||150
halo_update_driver|||1|||25|||116|||150
int|||15|||5|||8|||151
x|||25|||9|||7|||151
*|||57|||12|||5|||151
int|||53|||12|||8|||151
is_larger|||1|||12|||10|||151
(|||66|||13|||3|||151
double|||1|||13|||4|||151
vol_flux_x_p|||1|||13|||6|||151
*|||90|||16|||9|||151
i|||59|||16|||189|||151
*|||95|||17|||5|||151
MRI|||2|||17|||8|||151
mri_dof|||1|||17|||14|||151
,|||103|||19|||6|||151
,|||104|||19|||9|||151
n|||57|||8|||60|||152
blockDim|||19|||14|||27|||152
+|||33|||14|||30|||152
threadIdx|||16|||14|||31|||152
=|||66|||14|||57|||152
)|||67|||14|||62|||152
++|||3|||5|||67|||153
n|||58|||8|||64|||153
data_rows|||4|||16|||187|||153
y2|||2|||19|||123|||153
(|||107|||19|||158|||153
ushort|||2|||14|||60|||154
}|||2|||0|||69|||155
&&|||1|||0|||78|||155
\|||26|||3|||136|||155
the|||1|||5|||121|||155
;|||51|||11|||67|||155
\|||81|||11|||68|||155
if|||17|||11|||70|||155
side|||4|||11|||88|||155
side|||6|||11|||131|||155
n_y|||2|||13|||54|||155
y_size|||2|||13|||56|||155
\|||135|||16|||122|||155
argb|||3|||24|||72|||155
\|||211|||24|||80|||155
ba|||1|||24|||84|||155
thresh|||1|||11|||27|||156
i|||48|||11|||45|||156
\|||80|||11|||51|||156
blockIdx|||13|||11|||56|||156
x|||34|||11|||58|||156
x|||35|||11|||62|||156
uint64_t|||1|||0|||9|||157
b|||1|||6|||13|||157
m|||4|||8|||7|||157
int|||61|||13|||13|||157
,|||64|||14|||9|||157
VEC4|||2|||15|||8|||157
*|||105|||18|||5|||157
rand_d|||1|||19|||12|||157
{|||63|||21|||34|||157
,|||110|||22|||7|||157
int|||5|||2|||8|||158
n|||139|||16|||26|||158
i|||55|||16|||28|||158
MRI|||5|||17|||26|||158
)|||83|||17|||29|||158
\|||143|||17|||31|||158
;|||2|||0|||45|||159
(|||134|||25|||44|||159
n|||227|||25|||69|||159
r|||2|||9|||161|||160
(|||131|||24|||97|||160
time_step|||1|||3|||5|||161
*|||7|||3|||8|||161
n|||19|||3|||56|||161
=|||59|||12|||148|||162
*|||48|||11|||77|||163
;|||53|||11|||98|||163
\|||84|||11|||99|||163
++|||5|||11|||111|||163
n|||94|||11|||112|||163
sum|||3|||12|||109|||164
)|||84|||17|||105|||164
{|||55|||17|||106|||164
[|||44|||24|||50|||164
\|||59|||9|||40|||165
\|||118|||14|||44|||165
n|||130|||14|||45|||165
src|||1|||24|||7|||165
x|||56|||17|||46|||166
n|||156|||17|||49|||166
\|||202|||23|||72|||166
<|||38|||24|||39|||166
if|||25|||16|||170|||167
n|||8|||1|||10|||168
value|||1|||7|||12|||168
(|||113|||21|||91|||168
)|||121|||25|||11|||168
.|||32|||9|||33|||169
<|||10|||4|||65|||170
+=|||1|||9|||97|||170
(|||64|||12|||101|||170
int|||75|||16|||44|||170
data_cols|||4|||16|||203|||170
%d|||4|||16|||216|||170
)|||82|||16|||221|||170
int|||79|||17|||67|||170
y|||20|||17|||172|||170
,|||96|||17|||173|||170
)|||98|||19|||153|||170
1|||10|||21|||129|||170
>=|||2|||14|||40|||171
{|||45|||14|||43|||171
index|||2|||0|||37|||172
[|||11|||4|||91|||172
n|||31|||4|||99|||172
+|||7|||5|||41|||172
.|||29|||8|||43|||172
n|||81|||10|||79|||172
defgrp_idx|||1|||4|||9|||173
classes|||1|||11|||9|||173
sum|||2|||12|||6|||173
*|||58|||12|||9|||173
input|||5|||16|||10|||173
mri|||1|||17|||6|||173
*|||96|||17|||9|||173
int|||84|||19|||7|||173
float|||32|||19|||10|||173
*|||130|||24|||6|||173
>|||1|||3|||33|||174
*|||85|||15|||5|||174
threadIdx|||30|||23|||60|||174
*|||128|||23|||67|||174
uint32_t|||2|||24|||46|||174
}|||7|||8|||86|||175
=|||43|||10|||72|||175
}|||10|||10|||80|||175
)|||48|||10|||94|||175
z|||7|||17|||76|||175
+|||39|||17|||77|||175
.|||91|||23|||82|||175
,|||15|||4|||29|||176
,|||37|||9|||17|||176
major|||1|||16|||19|||176
*|||98|||17|||23|||176
x|||3|||0|||31|||177
}|||1|||0|||48|||177
\|||43|||6|||28|||177
=|||33|||8|||37|||177
;|||74|||14|||34|||177
\|||123|||15|||34|||177
\|||125|||15|||46|||177
*|||106|||18|||20|||177
.|||73|||20|||22|||177
.|||77|||21|||19|||177
j|||31|||21|||102|||177
.|||85|||22|||22|||177
)|||71|||16|||23|||178
*|||99|||17|||27|||178
x|||16|||6|||35|||179
)|||40|||9|||127|||179
idx|||3|||11|||86|||179
\|||83|||11|||90|||179
(|||54|||11|||102|||179
\|||85|||11|||115|||179
=|||10|||3|||103|||180
threadIdx|||10|||8|||46|||180
4|||2|||15|||56|||180
=|||112|||25|||101|||180
;|||47|||10|||50|||181
=|||86|||19|||73|||181
*|||10|||4|||12|||182
xp|||1|||14|||56|||182
\|||36|||5|||75|||183
n|||36|||5|||76|||183
}|||3|||5|||77|||183
\|||54|||8|||63|||183
n_x|||1|||13|||64|||183
xdim0_update_halo_kernel3_minus_4_b|||2|||13|||96|||183
}|||15|||13|||97|||183
=|||64|||13|||103|||183
\|||115|||13|||117|||183
z|||5|||17|||68|||183
=|||78|||17|||69|||183
}|||6|||6|||77|||184
threadIdx|||29|||22|||29|||184
=|||105|||23|||107|||184
argb|||5|||24|||98|||184
ptr_double|||2|||13|||101|||185
(|||92|||17|||87|||185
x|||57|||17|||88|||185
mri|||3|||17|||96|||185
->|||4|||17|||97|||185
float|||30|||17|||118|||185
val|||2|||17|||119|||185
y|||19|||17|||134|||185
z|||10|||17|||136|||185
\|||153|||17|||139|||185
<=|||1|||17|||158|||185
atomicAdd|||1|||17|||181|||185
(|||96|||17|||182|||185
MRIFvox|||1|||17|||184|||185
,|||99|||17|||189|||185
,|||100|||17|||191|||185
(|||8|||2|||43|||186
.|||16|||5|||35|||186
(|||27|||7|||37|||186
;|||32|||7|||41|||186
blockIdx|||10|||8|||38|||186
y|||7|||8|||48|||186
\|||117|||14|||35|||186
n|||135|||15|||35|||186
x|||65|||20|||23|||186
x|||77|||22|||23|||186
not|||1|||16|||108|||187
opened|||1|||16|||111|||187
\|||203|||23|||85|||187
||||1|||24|||69|||187
float|||3|||4|||33|||188
<|||21|||11|||73|||188
best|||1|||23|||22|||188
]|||39|||23|||27|||188
;|||122|||23|||28|||188
30|||1|||23|||36|||188
;|||125|||23|||47|||188
MDeformVert|||2|||4|||81|||189
dws|||2|||4|||104|||189
]|||15|||5|||101|||189
+|||9|||5|||169|||189
index|||10|||11|||182|||189
ii|||5|||12|||98|||189
z|||8|||17|||80|||189
{|||9|||3|||135|||190
;|||36|||9|||39|||191
&&|||4|||9|||44|||191
[|||33|||15|||65|||191
\|||37|||5|||88|||192
\|||41|||5|||111|||192
(|||23|||6|||3|||192
site|||2|||1|||37|||193
;|||5|||1|||39|||193
\|||10|||1|||40|||193
n|||10|||1|||41|||193
=|||18|||5|||33|||193
+|||15|||8|||45|||193
;|||54|||11|||106|||193
=|||48|||11|||119|||193
{|||15|||5|||116|||194
row|||1|||11|||84|||194
/|||2|||11|||87|||194
int|||50|||11|||128|||194
=|||37|||9|||119|||195
known_sum|||2|||12|||154|||195
&&|||9|||17|||156|||195
cnt|||1|||21|||159|||195
ushort|||1|||14|||54|||196
*|||82|||14|||55|||196
n|||133|||14|||67|||196
tp|||2|||14|||68|||196
if|||15|||10|||62|||197
\|||99|||12|||113|||197
Min|||1|||14|||80|||197
{|||76|||25|||40|||197
return|||1|||0|||44|||198
{|||3|||0|||57|||198
dataBlockSize|||4|||0|||75|||198
=|||29|||6|||60|||199
nint|||2|||12|||132|||199
)|||88|||17|||193|||199
(|||103|||19|||136|||199
;|||120|||21|||133|||199
\|||187|||21|||143|||199
kernel_language|||1|||25|||47|||199
;|||140|||25|||124|||199
.|||28|||8|||39|||200
0|||15|||15|||52|||200
+|||42|||19|||56|||200
x1|||1|||19|||62|||200
)|||103|||21|||60|||200
blockDim|||32|||22|||25|||200
,|||22|||5|||13|||201
n|||37|||5|||89|||201
[|||16|||5|||97|||201
-|||2|||5|||99|||201
=|||23|||5|||136|||201
m2[]|||1|||5|||143|||201
{5,|||1|||5|||145|||201
2;\n\n|||2|||5|||156|||201
*|||22|||5|||171|||201
srslte_vec_div_cfc_simd|||1|||9|||2|||202
(|||37|||9|||68|||202
{|||26|||9|||100|||202
i|||39|||9|||111|||202
]|||22|||9|||112|||202
settings|||4|||25|||62|||202
p_index|||1|||11|||129|||203
y|||17|||17|||63|||203
;|||99|||17|||120|||203
)|||85|||17|||137|||203
n|||165|||17|||140|||203
&|||6|||17|||183|||203
(|||97|||17|||185|||203
weights|||2|||4|||74|||204
;|||59|||11|||177|||204
*|||92|||16|||50|||204
width|||1|||17|||92|||204
{|||66|||21|||104|||204
(|||123|||24|||37|||204
\|||3|||0|||42|||205
<<|||2|||3|||44|||205
.|||18|||5|||43|||205
n|||44|||6|||46|||205
[|||18|||6|||63|||205
=|||42|||10|||47|||205
if|||18|||12|||45|||205
.|||44|||13|||30|||205
;|||69|||13|||40|||205
n|||188|||21|||45|||205
n|||214|||23|||88|||205
settings|||5|||25|||81|||205
n|||35|||5|||63|||206
\|||55|||8|||72|||206
]|||31|||15|||67|||206
a|||6|||22|||6|||207
j|||35|||22|||19|||207
len|||1|||9|||20|||208
.|||34|||10|||25|||208
=|||65|||14|||22|||208
threadIdx|||23|||18|||25|||208
n|||171|||19|||25|||208
\|||207|||24|||17|||208
n|||21|||3|||89|||209
m2_rows|||2|||5|||85|||209
)|||58|||12|||88|||209
n|||110|||12|||92|||209
MDeformVert|||1|||4|||4|||210
\|||27|||4|||43|||210
blockDim|||8|||4|||56|||210
\|||28|||4|||60|||210
=|||16|||4|||84|||210
[|||12|||4|||107|||210
)|||5|||1|||38|||211
else|||3|||8|||87|||211
0|||17|||16|||183|||211
MRIgetVoxVal|||1|||17|||166|||211
y1|||3|||19|||147|||211
.|||81|||21|||76|||211
n|||215|||23|||95|||211
fields_to_exchange|||1|||25|||88|||211
float|||7|||5|||14|||212
6,|||1|||5|||146|||212
x|||51|||16|||36|||212
\|||131|||16|||78|||212
,|||80|||16|||150|||212
{|||52|||16|||192|||212
n|||106|||12|||53|||213
n|||90|||11|||91|||214
*|||72|||13|||85|||214
SS3D_Mtx_Transform|||1|||15|||2|||214
VEC4|||1|||15|||4|||214
n|||134|||15|||18|||214
*|||88|||15|||29|||214
n|||178|||19|||107|||214
.|||94|||24|||31|||214
for|||3|||5|||160|||215
//|||3|||5|||173|||215
to|||1|||5|||177|||215
2;\n\n|||1|||5|||141|||216
=|||80|||17|||143|||216
pmask|||2|||17|||145|||216
n|||166|||17|||148|||216
=|||91|||19|||129|||216
{|||32|||11|||80|||217
n|||89|||11|||82|||217
int|||47|||11|||83|||217
blockIdx|||7|||6|||33|||218
/|||1|||6|||72|||218
tid|||7|||19|||27|||218
index|||6|||0|||79|||219
[|||23|||8|||95|||219
blockIdx|||22|||17|||70|||219
->|||5|||17|||103|||219
BUFTYPE|||1|||17|||123|||219
blockIdx|||4|||2|||28|||220
odefun|||1|||3|||2|||220
*|||133|||25|||5|||220
+|||52|||25|||25|||220
const|||1|||1|||11|||221
)|||24|||7|||13|||221
,|||42|||10|||13|||221
MAT4|||1|||15|||12|||221
n|||185|||21|||10|||221
]|||36|||21|||40|||221
int|||95|||21|||92|||221
uint8_t|||1|||24|||12|||221
{|||75|||25|||12|||221
settings|||8|||25|||120|||222
,|||120|||25|||121|||222
*|||6|||2|||31|||223
char|||3|||7|||34|||223
\|||102|||12|||126|||223
sum|||4|||12|||140|||223
;|||86|||16|||117|||223
fprintf|||3|||16|||156|||223
blockDim|||27|||19|||33|||223
start|||2|||19|||55|||223
>|||12|||19|||160|||223
*|||122|||21|||158|||223
;|||12|||3|||69|||224
blockIdx|||17|||15|||26|||224
\|||124|||15|||39|||224
tid|||8|||19|||45|||224
\|||177|||21|||50|||224
;|||68|||12|||150|||225
\|||179|||21|||62|||225
++|||11|||21|||101|||225
,|||109|||21|||156|||225
+|||48|||21|||174|||225
int|||44|||11|||38|||226
,|||54|||11|||48|||226
.|||38|||11|||61|||226
n|||92|||11|||103|||226
n|||95|||11|||116|||226
*|||53|||11|||159|||226
,|||1|||0|||8|||227
[|||15|||5|||91|||227
2,|||1|||5|||131|||227
i|||33|||8|||67|||227
j|||11|||8|||69|||227
]|||20|||8|||80|||227
in|||2|||8|||82|||227
n|||98|||11|||141|||227
void|||17|||15|||1|||227
0|||18|||16|||199|||227
)|||81|||16|||207|||227
x|||58|||17|||170|||227
*|||14|||4|||27|||228
.|||48|||14|||28|||228
>=|||6|||17|||154|||228
x|||8|||2|||34|||229
side|||9|||11|||160|||230
n|||115|||12|||127|||230
n|||119|||12|||152|||230
++|||9|||16|||206|||230
(|||94|||17|||152|||230
hi_val|||2|||17|||159|||230
(|||105|||19|||146|||230
(|||116|||21|||152|||230
i|||9|||3|||92|||231
]|||4|||3|||102|||231
height|||1|||17|||98|||231
;|||138|||25|||103|||231
pp|||2|||25|||104|||231
>|||8|||3|||64|||232
m|||2|||5|||64|||232
<|||24|||12|||86|||232
<|||29|||16|||68|||232
;|||106|||19|||68|||232
x|||71|||21|||69|||232
*|||136|||25|||133|||232
=|||36|||9|||105|||233
(|||43|||9|||135|||233
i|||41|||9|||158|||233
<|||18|||9|||178|||233
main|||2|||12|||133|||233
int|||59|||12|||146|||233
fprintf|||1|||16|||127|||233
=|||75|||16|||198|||233
,|||101|||17|||194|||233
=|||20|||5|||69|||234
float|||9|||5|||127|||234
output|||1|||5|||162|||234
matrices\n|||1|||5|||180|||234
+|||36|||16|||54|||234
threadIdx|||19|||16|||55|||234
{|||10|||4|||42|||235
SRSLTE_SIMD_CF_SIZE|||3|||9|||92|||235
=|||40|||10|||23|||235
*|||64|||12|||93|||235
}|||5|||5|||108|||236
(|||50|||10|||84|||236
\|||2|||0|||33|||237
n|||5|||0|||50|||237
threadIdx|||2|||1|||24|||237
>|||7|||3|||63|||237
*|||20|||5|||25|||237
dim3(m1_rows|||1|||5|||184|||237
n|||75|||10|||20|||237
n|||87|||11|||52|||237
)|||57|||12|||78|||237
.|||69|||18|||22|||237
+|||45|||21|||21|||237
blockDim|||33|||23|||68|||237
{|||74|||24|||42|||237
src|||2|||24|||49|||237
chunks|||2|||25|||57|||237
void|||23|||21|||1|||238
dws|||1|||4|||15|||239
const|||3|||4|||20|||239
;|||61|||12|||42|||239
99|||1|||12|||49|||239
blockDim|||29|||21|||18|||239
(|||112|||21|||82|||239
{|||2|||0|||41|||240
\|||13|||2|||23|||240
\|||30|||4|||79|||240
dw|||1|||4|||102|||240
+|||14|||8|||28|||240
int|||35|||9|||25|||240
SRSLTE_SIMD_CF_SIZE|||2|||9|||45|||240
i|||51|||12|||56|||240
;|||97|||17|||81|||240
*|||68|||13|||5|||241
.|||95|||25|||19|||241
x|||87|||25|||20|||241
*|||135|||25|||21|||241
;|||136|||25|||83|||241
\|||220|||25|||84|||241
n|||230|||25|||85|||241
>=|||3|||17|||89|||242
|||||2|||17|||99|||242
\|||152|||17|||121|||242
)|||109|||21|||186|||242
count|||4|||5|||92|||243
++|||4|||5|||93|||243
ii|||1|||12|||24|||243
is_larger|||2|||12|||94|||243
]|||37|||21|||121|||243
x|||74|||21|||169|||243
,|||48|||11|||22|||244
)|||49|||11|||40|||244
,|||88|||17|||18|||244
blockIdx|||5|||4|||52|||245
;|||28|||5|||102|||245
=|||34|||8|||81|||245
input|||4|||10|||73|||245
\|||76|||10|||81|||245
(|||55|||11|||162|||245
while|||1|||12|||82|||245
*|||102|||17|||73|||245
n|||174|||19|||60|||245
n|||175|||19|||70|||245
;|||127|||23|||71|||245
blockDim|||34|||23|||77|||245
x|||83|||23|||83|||245
)|||125|||25|||75|||245
x|||9|||2|||38|||246
[|||6|||3|||109|||246
*|||17|||4|||101|||246
{|||25|||9|||82|||246
*|||61|||12|||34|||246
n|||157|||17|||66|||246
x|||64|||19|||39|||246
=|||111|||25|||92|||246
+|||4|||2|||18|||247
x|||22|||8|||23|||247
*|||100|||17|||39|||247
int|||92|||21|||11|||247
->|||2|||3|||141|||248
[|||8|||3|||146|||248
(|||42|||9|||121|||248
\|||64|||9|||129|||248
*|||77|||13|||114|||248
*m;\n|||1|||5|||166|||249
)|||74|||16|||98|||249
was|||1|||16|||107|||249
,|||79|||16|||148|||249
n|||100|||11|||154|||250
x|||48|||15|||28|||250
"|||8|||16|||147|||250
int|||100|||22|||18|||250
dv|||2|||4|||113|||251
;|||42|||9|||150|||251
ii|||6|||12|||111|||251
n|||161|||17|||112|||251
)|||99|||19|||162|||251
pp|||3|||25|||111|||251
\|||25|||3|||120|||252
;|||22|||4|||78|||252
Define|||1|||5|||120|||252
*|||111|||19|||134|||252
n|||196|||21|||135|||252
int|||114|||25|||127|||252
(|||40|||9|||86|||253
;|||37|||9|||87|||253
+|||17|||9|||93|||253
simd_f_t|||3|||9|||131|||253
n|||69|||9|||140|||253
(|||44|||9|||145|||253
UINT_MAX|||1|||14|||82|||254
doors|||7|||21|||192|||254
n|||216|||23|||104|||254
if|||8|||5|||79|||255
)|||19|||5|||86|||255
{|||14|||5|||87|||255
m1_rows|||4|||5|||100|||255
n|||40|||5|||110|||255
main|||1|||5|||113|||255
m1|||3|||5|||124|||255
8};\n|||1|||5|||148|||255
the|||4|||5|||179|||255
+|||10|||5|||185|||255
}|||14|||12|||128|||256
0|||13|||12|||142|||256
fid|||1|||16|||76|||256
w|||3|||16|||87|||256
\|||134|||16|||118|||256
P2|||1|||16|||132|||256
(|||85|||16|||157|||256
100|||4|||21|||185|||256
n|||76|||10|||37|||257
n|||83|||10|||88|||257
,|||23|||5|||17|||258
nint|||1|||5|||112|||259
)|||20|||5|||115|||259
//|||1|||5|||119|||259
gridDim|||3|||3|||60|||260
y_sol|||1|||3|||99|||260
simd_cf_t|||1|||9|||59|||260
)|||32|||9|||60|||260
&&|||5|||9|||61|||260
(|||36|||9|||63|||260
y|||9|||9|||64|||260
n|||109|||12|||81|||260
,|||67|||14|||83|||260
dvert|||1|||4|||6|||261
rem_thresh|||1|||4|||40|||261
x|||10|||4|||50|||261
=|||102|||23|||59|||261
(|||5|||1|||3|||262
.|||64|||17|||62|||262
const|||12|||24|||4|||262
;|||7|||2|||22|||263
add_thresh|||1|||4|||34|||263
*|||30|||7|||23|||263
x|||23|||8|||27|||263
.|||76|||21|||15|||263
j|||30|||21|||97|||263
=|||110|||25|||17|||263
\|||1|||0|||16|||264
blockIdx|||3|||2|||11|||264
,|||30|||6|||22|||264
\|||90|||12|||21|||264
*|||109|||19|||20|||264
void|||1|||0|||1|||265
paddingChar|||1|||0|||2|||265
i|||58|||16|||185|||265
VEC4|||3|||15|||36|||266
]|||6|||3|||145|||267
:|||1|||4|||94|||267
idx|||7|||11|||169|||267
]|||34|||19|||104|||267
(|||102|||19|||131|||267
n|||1|||0|||17|||268
==|||1|||0|||54|||268
x|||6|||1|||26|||268
=|||7|||2|||27|||268
w|||1|||4|||72|||268
)|||17|||5|||27|||268
float|||16|||6|||23|||268
x|||20|||7|||26|||268
;|||33|||8|||32|||268
)|||30|||9|||21|||268
x|||27|||9|||34|||268
+|||18|||10|||27|||268
[|||27|||10|||65|||268
boxes|||1|||11|||36|||268
n|||103|||12|||22|||268
\|||116|||14|||18|||268
blockIdx|||18|||16|||30|||268
.|||56|||16|||48|||268
i|||61|||18|||15|||268
hist|||1|||19|||21|||268
n|||183|||20|||17|||268
;|||119|||21|||100|||268
x|||75|||21|||173|||268
n|||204|||22|||17|||268
x|||88|||25|||24|||268
*|||8|||3|||12|||269
y|||16|||17|||59|||269
rand_d|||2|||19|||64|||269
gray|||1|||23|||16|||269
*|||3|||1|||5|||270
*|||81|||14|||26|||270
x|||45|||14|||29|||270
.|||92|||24|||23|||270
blockDim|||35|||24|||30|||270
const|||13|||24|||45|||270
x|||18|||6|||43|||271
n|||77|||10|||44|||271
(|||75|||14|||84|||271
\|||140|||16|||177|||271
[|||41|||21|||125|||271
[|||42|||21|||193|||271
dr|||1|||23|||46|||271
Pixel|||3|||23|||105|||271
simd_cf_t|||3|||9|||103|||272
z|||4|||9|||156|||272
;|||77|||15|||33|||272
;|||79|||15|||45|||272
r_|||2|||15|||64|||272
j|||18|||15|||66|||272
x|||80|||23|||66|||272
n|||212|||23|||73|||272
x|||82|||23|||79|||272
=|||57|||12|||117|||273
)|||75|||16|||116|||273
"|||5|||16|||131|||273
n|||150|||16|||155|||273
.|||20|||6|||38|||274
*|||34|||8|||41|||274
sum|||1|||10|||39|||274
int|||57|||12|||28|||274
blockIdx|||16|||14|||23|||274
x|||52|||16|||40|||274
x|||63|||19|||35|||274
.|||86|||22|||26|||274
\|||50|||7|||51|||275
0|||8|||10|||41|||275
x|||44|||14|||25|||275
+|||49|||22|||28|||275
dataBlockSize|||1|||0|||10|||276
.|||7|||2|||12|||276
float|||2|||4|||26|||276
int|||17|||5|||18|||276
n|||53|||8|||17|||276
,|||36|||9|||13|||276
,|||41|||10|||10|||276
int|||43|||11|||23|||276
*|||59|||12|||13|||276
int|||71|||16|||15|||276
int|||102|||23|||15|||276
n|||205|||23|||20|||276
[|||43|||23|||25|||276
\|||17|||3|||25|||277
j|||6|||3|||128|||277
,|||44|||11|||10|||277
=|||47|||11|||104|||277
.|||4|||1|||17|||278
n|||132|||14|||52|||278
const|||10|||14|||53|||278
;|||76|||14|||65|||278
\|||121|||14|||66|||278
n|||16|||3|||17|||279
>|||3|||3|||35|||279
\|||57|||8|||89|||279
int|||104|||23|||40|||279
0xf0|||2|||24|||93|||279
j|||23|||16|||205|||280
data_cols|||5|||16|||226|||280
if|||27|||17|||151|||280
n_x|||3|||13|||72|||281
++|||6|||13|||73|||281
;|||1|||0|||32|||282
n|||43|||6|||29|||282
blockDim|||26|||18|||21|||282
x|||69|||21|||20|||282
num|||10|||23|||13|||282
\|||21|||3|||88|||283
n|||22|||3|||98|||283
x|||17|||6|||39|||283
{|||19|||7|||50|||283
blockDim|||13|||8|||42|||283
)|||37|||9|||81|||283
=|||41|||10|||40|||283
r_|||1|||15|||37|||283
+|||41|||19|||36|||283
;|||114|||20|||32|||283
x|||78|||22|||27|||283
test_omp_parallel_for_ordered|||1|||12|||2|||284
(|||69|||14|||3|||284
100|||1|||21|||32|||284
y|||2|||2|||17|||285
=|||109|||24|||85|||285
hv_sol|||1|||3|||108|||286
\|||191|||21|||179|||286
\|||192|||21|||188|||286
)|||102|||21|||33|||287
doors|||3|||21|||59|||287
2|||1|||21|||132|||287
}|||21|||21|||136|||287
}|||23|||21|||142|||287
n|||200|||21|||147|||287
n|||27|||4|||44|||288
int|||14|||4|||45|||288
for|||8|||15|||48|||288
cf_t|||1|||9|||5|||289
,|||35|||9|||8|||289
,|||40|||10|||7|||289
int|||52|||12|||4|||289
,|||55|||12|||7|||289
,|||68|||15|||7|||289
MRI|||1|||17|||4|||289
,|||85|||17|||7|||289
float|||28|||17|||16|||289
rows|||1|||19|||5|||289
start|||1|||19|||8|||289
unsigned|||3|||1|||31|||290
int|||3|||1|||32|||290
x|||7|||2|||30|||290
void|||5|||4|||1|||290
sizeof|||2|||9|||67|||290
void|||28|||25|||1|||290
if|||35|||25|||32|||290
,|||118|||25|||61|||290
true|||1|||25|||93|||290
==|||2|||8|||68|||291
\|||100|||12|||120|||291
sinf|||2|||19|||135|||291
+|||43|||19|||139|||291
doors|||5|||21|||124|||291
1|||1|||0|||77|||292
+|||5|||2|||35|||292
{|||11|||4|||68|||292
3,|||1|||5|||132|||292
=|||63|||13|||80|||292
1|||7|||13|||109|||292
*|||103|||17|||124|||292
}|||22|||21|||139|||292
*|||129|||23|||80|||292
16|||1|||24|||64|||292
n|||228|||25|||72|||292
\|||7|||0|||67|||293
blockIdx|||2|||1|||20|||293
=|||30|||7|||19|||293
if|||22|||14|||37|||293
;|||101|||17|||146|||294
\|||155|||17|||149|||294
;|||112|||19|||124|||294
float|||39|||19|||127|||294
\|||51|||8|||16|||295
int|||82|||18|||14|||295
\|||170|||20|||16|||295
\|||193|||22|||16|||295
(|||120|||23|||4|||296
site_def|||1|||1|||4|||297
const|||4|||4|||25|||297
blockIdx|||21|||17|||53|||297
__global__|||24|||23|||0|||297
(|||18|||4|||112|||298
,|||84|||16|||218|||298
(|||90|||16|||219|||298
[|||34|||16|||223|||298
i|||60|||16|||224|||298
return|||4|||17|||109|||298
;|||98|||17|||110|||298
)|||87|||17|||177|||298
;|||102|||17|||178|||298
(|||114|||21|||108|||298
idx|||6|||11|||137|||299
[|||36|||19|||75|||299
;|||107|||19|||78|||299
for|||12|||19|||81|||299
fields|||1|||13|||15|||300
size_t|||1|||14|||10|||300
n|||128|||14|||19|||300
v|||1|||15|||10|||300
float|||33|||19|||14|||300
n|||182|||20|||9|||300
n|||9|||1|||29|||301
count|||1|||1|||44|||301
i|||13|||4|||46|||301
{|||12|||5|||28|||301
*|||27|||6|||24|||301
.|||19|||6|||34|||301
<|||13|||6|||50|||301
.|||24|||7|||29|||301
float|||21|||10|||38|||301
\|||93|||12|||52|||301
.|||71|||19|||34|||301
rcpb|||2|||9|||148|||302
)|||42|||9|||149|||302
,|||98|||17|||187|||302
)|||117|||24|||75|||302
const|||15|||24|||82|||302
0|||12|||12|||77|||303
ii|||7|||12|||118|||303
;|||66|||12|||119|||303
\|||103|||12|||129|||303
.|||58|||16|||56|||303
float|||1|||3|||4|||304
,|||3|||3|||6|||304
*|||24|||6|||12|||305
i|||25|||6|||49|||305
else|||4|||9|||170|||305
FLT_MAX|||1|||10|||49|||305
=|||58|||12|||141|||306
j|||26|||19|||93|||306
\|||205|||23|||94|||306
(|||121|||23|||97|||306
]|||2|||2|||60|||307
[|||17|||6|||57|||307
(|||30|||8|||53|||307
}|||16|||14|||50|||307
++|||7|||15|||58|||307
;|||115|||21|||25|||307
.|||80|||21|||72|||307
=|||4|||1|||34|||308
++|||1|||3|||85|||308
(|||48|||10|||54|||308
y|||13|||16|||57|||308
(|||101|||19|||82|||308
i|||35|||8|||93|||309
]|||21|||8|||94|||309
)|||61|||12|||135|||309
(|||73|||14|||77|||309
&&|||8|||16|||66|||309
\|||130|||16|||72|||309
filename|||2|||16|||84|||309
\|||194|||23|||1|||310
pixels|||1|||23|||10|||310
;|||126|||23|||52|||310
x|||84|||24|||24|||310
char|||1|||0|||5|||311
update_global_node_set|||1|||1|||2|||311
i|||36|||9|||26|||311
=|||35|||9|||27|||311
blockIdx|||11|||9|||28|||311
x|||26|||9|||30|||311
*|||38|||9|||31|||311
blockDim|||14|||9|||32|||311
char|||5|||16|||4|||312
)|||10|||3|||53|||313
=|||69|||15|||51|||313
<|||27|||15|||55|||313
==|||6|||9|||76|||314
(|||39|||9|||78|||314
\|||62|||9|||101|||314
=|||38|||9|||133|||314
\|||38|||5|||103|||315
+|||26|||11|||191|||315
0|||23|||21|||113|||315
n|||203|||21|||189|||315
\|||105|||12|||137|||316
fid|||7|||16|||213|||316
,|||83|||16|||214|||316
)|||95|||19|||138|||316
)|||97|||19|||148|||316
*|||113|||19|||149|||316
}|||24|||21|||145|||316
\|||188|||21|||146|||316
for|||10|||16|||179|||317
\|||167|||19|||116|||317
\|||206|||23|||103|||317
0|||26|||24|||90|||317
n|||232|||25|||115|||317
i|||23|||5|||98|||318
n|||41|||5|||118|||318
2;\n|||1|||5|||137|||318
//|||2|||5|||157|||318
if|||29|||19|||157|||318
;|||95|||17|||47|||319
int|||78|||17|||50|||319
<|||1|||0|||38|||320
y|||3|||2|||21|||320
]|||8|||4|||77|||320
MDeformWeight|||2|||4|||100|||320
\|||44|||6|||45|||320
a|||2|||6|||62|||320
x|||19|||7|||22|||320
.|||26|||8|||26|||320
blockDim|||15|||10|||32|||320
largest|||1|||10|||46|||320
)|||46|||10|||70|||320
[|||30|||11|||181|||320
=|||53|||12|||30|||320
n|||144|||16|||92|||320
+|||37|||17|||43|||320
;|||118|||21|||96|||320
\|||199|||23|||48|||320
\|||204|||23|||87|||320
n|||217|||24|||18|||320
;|||20|||3|||131|||321
=|||24|||5|||140|||321
;|||64|||12|||105|||321
+=|||2|||12|||110|||321
*|||76|||13|||112|||321
)|||66|||14|||42|||321
int|||76|||16|||220|||321
input|||6|||16|||222|||321
*|||94|||16|||225|||321
n|||160|||17|||108|||321
\|||154|||17|||147|||321
n|||167|||17|||150|||321
temp|||2|||19|||128|||321
tmp|||2|||19|||152|||321
;|||113|||19|||154|||321
x|||1|||0|||23|||322
.|||17|||5|||39|||322
x|||31|||10|||26|||322
n|||172|||19|||42|||322
threadIdx|||26|||21|||22|||322
,|||114|||23|||14|||322
\|||195|||23|||19|||322
pixels|||2|||23|||24|||322
const|||5|||9|||4|||323
simd_f_t|||1|||9|||69|||323
i|||40|||9|||125|||323
x_size|||2|||13|||48|||323
ptr_double|||1|||13|||78|||323
vol_flux_x|||1|||13|||79|||323
1|||8|||13|||115|||323
threadIdx|||24|||19|||37|||323
[|||35|||19|||65|||323
i|||64|||19|||76|||323
srslte_simd_cfi_load|||1|||9|||106|||324
;|||43|||9|||163|||324
&&|||7|||12|||100|||325
threadIdx|||21|||17|||61|||325
(|||106|||19|||151|||325
argb|||2|||24|||62|||325
n|||59|||8|||73|||326
]|||19|||8|||77|||326
;|||35|||8|||83|||326
uint|||2|||14|||74|||326
\|||142|||16|||209|||326
n|||197|||21|||138|||326
for|||9|||16|||112|||327
,|||60|||13|||16|||328
\|||196|||23|||29|||328
n|||206|||23|||30|||328
<|||17|||9|||89|||329
i|||38|||9|||96|||329
[|||25|||9|||124|||329
simd_cf_t|||4|||9|||141|||329
>=|||4|||17|||95|||329
\|||148|||17|||107|||329
n|||163|||17|||117|||329
0|||20|||17|||176|||329
\|||165|||19|||96|||329
if|||32|||21|||107|||329
n|||202|||21|||180|||329
x|||15|||5|||44|||330
(|||20|||5|||56|||330
i|||62|||19|||53|||330
,|||58|||13|||7|||331
for|||7|||13|||61|||331
(|||68|||13|||62|||331
int|||66|||13|||63|||331
<|||26|||13|||69|||331
x_size|||3|||13|||70|||331
vol_flux_x_p|||2|||13|||82|||331
+|||29|||13|||83|||331
*|||73|||13|||89|||331
i|||8|||3|||84|||332
]|||9|||4|||93|||332
if|||26|||17|||86|||332
y1|||1|||19|||99|||332
0|||25|||23|||92|||332
;|||129|||23|||93|||332
==|||3|||9|||46|||333
,|||43|||11|||7|||333
\|||87|||11|||143|||333
n|||99|||11|||144|||333
int|||109|||23|||89|||333
\|||138|||16|||154|||334
;|||90|||16|||167|||334
gridDim|||2|||3|||45|||335
.|||61|||17|||45|||335
x|||79|||23|||62|||335
blockIdx|||32|||25|||18|||335
]|||41|||25|||60|||335
\|||35|||5|||62|||336
\|||39|||5|||106|||336
m2\n|||1|||5|||126|||336
n|||14|||2|||41|||337
<|||4|||2|||49|||337
time_step|||2|||3|||52|||337
,|||9|||3|||61|||337
i|||11|||3|||110|||337
\|||215|||25|||52|||337
=|||113|||25|||129|||337
1|||5|||13|||86|||338
;|||137|||25|||94|||338
\|||6|||0|||58|||339
,|||45|||11|||13|||339
)|||92|||19|||48|||339
{|||71|||23|||18|||339
n|||220|||24|||55|||339
(|||15|||3|||123|||340
)|||18|||5|||60|||340
MRIvox|||1|||17|||128|||340
\|||173|||21|||26|||340
chunks|||3|||25|||118|||340
\|||5|||0|||49|||341
*|||15|||4|||55|||341
+|||25|||11|||172|||341
n|||137|||15|||47|||341
\|||136|||16|||125|||341
"|||10|||16|||163|||341
const|||11|||14|||59|||342
blockDim|||18|||13|||37|||343
(|||84|||16|||140|||343
=|||98|||21|||166|||343
,|||13|||4|||19|||344
double|||2|||13|||8|||344
mass_flux_x_p|||1|||13|||10|||344
*|||97|||17|||13|||344
\|||171|||20|||33|||345
;|||25|||5|||45|||346
i|||20|||5|||57|||346
<|||12|||5|||82|||346
,|||71|||16|||7|||346
*|||91|||16|||33|||346
fid|||2|||16|||80|||346
n|||145|||16|||101|||346
calc_angles_RR_kernel|||1|||19|||2|||346
{|||58|||19|||23|||346
cosf|||1|||19|||140|||346
(|||22|||5|||114|||347
do_rem|||1|||4|||37|||348
int|||32|||8|||18|||348
num|||5|||11|||109|||348
x|||53|||17|||34|||348
{|||56|||17|||161|||348
.|||72|||19|||38|||348
int|||105|||23|||45|||348
.|||9|||2|||20|||349
,|||25|||5|||23|||349
.|||22|||7|||21|||349
j|||9|||8|||36|||349
__alignof__|||2|||9|||62|||349
*|||41|||10|||31|||349
i|||49|||12|||29|||349
<|||23|||12|||48|||349
\|||122|||15|||17|||349
;|||82|||16|||41|||349
x|||60|||18|||19|||349
blockIdx|||25|||20|||21|||349
blockIdx|||29|||22|||21|||349
n|||26|||3|||137|||350
C|||1|||25|||49|||350
)|||126|||25|||82|||350
n|||233|||25|||126|||350
weightvg_update_vg|||1|||4|||2|||351
MRIaccumulateMaskedMeansAndVariancesKernel|||1|||17|||2|||351
ppcg_inner_iterations|||1|||25|||2|||351
=|||5|||1|||45|||352
<|||3|||2|||45|||352
g_arrBackGroud|||1|||2|||57|||352
y|||5|||8|||40|||352
[|||31|||11|||189|||352
blockDim|||17|||12|||35|||352
=|||26|||5|||151|||353
<|||30|||16|||186|||353
\|||82|||11|||81|||354
num|||7|||11|||139|||354
+|||22|||11|||140|||354
(|||45|||9|||154|||355
1|||6|||13|||92|||355
mass_flux_x_p|||2|||13|||105|||355
\|||126|||15|||62|||355
last_i|||2|||12|||67|||356
return|||2|||14|||46|||356
(|||77|||15|||49|||356
)|||91|||19|||22|||356
=|||83|||19|||28|||356
int|||90|||20|||18|||356
blockDim|||28|||20|||25|||356
.|||75|||20|||30|||356
concat_matrix|||1|||5|||2|||357
check_udpdata|||1|||7|||2|||357
softmax_array|||1|||10|||2|||357
convert_coco_detections|||1|||11|||2|||357
write_graphics_kernel|||1|||16|||2|||357
cube_s|||1|||20|||2|||357
float|||40|||22|||4|||357
FindBestGray|||1|||23|||3|||357
index|||8|||3|||138|||358
x|||11|||4|||54|||358
n|||34|||5|||54|||358
]|||18|||6|||70|||358
n|||73|||9|||173|||358
x|||66|||20|||27|||358
(|||3|||0|||52|||359
.|||13|||4|||49|||359
{|||29|||10|||59|||359
n|||86|||11|||49|||359
(|||56|||11|||168|||359
blockIdx|||19|||16|||47|||359
threadId|||1|||23|||58|||359
h|||1|||11|||24|||360
,|||49|||11|||25|||360
threadIdx|||17|||15|||22|||360
x_sol|||1|||3|||90|||361
[|||5|||3|||100|||361
=|||11|||3|||112|||361
n|||25|||3|||121|||361
*|||51|||11|||134|||361
=|||52|||11|||186|||361
(|||127|||24|||71|||361
;|||132|||24|||79|||361
uint8_t|||3|||24|||83|||361
for|||14|||25|||97|||361
{|||16|||6|||27|||362
.|||47|||14|||24|||362
x|||46|||14|||33|||362
n|||131|||14|||49|||362
x|||47|||15|||24|||362
int|||112|||25|||15|||362
\|||58|||9|||23|||363
n|||62|||9|||24|||363
==|||4|||9|||56|||363
sizeof|||1|||9|||57|||363
if|||21|||13|||52|||363
(|||125|||24|||61|||363
.|||14|||4|||53|||364
;|||26|||5|||52|||364
=|||89|||19|||110|||364
int|||107|||23|||57|||364
\|||101|||12|||123|||365
n|||114|||12|||124|||365
}|||13|||12|||125|||365
*|||32|||8|||6|||366
(|||76|||15|||3|||366
;|||27|||5|||74|||367
if|||12|||8|||65|||367
i|||53|||12|||75|||367
j|||21|||16|||197|||367
x1|||2|||19|||132|||367
>|||4|||3|||48|||368
char|||4|||7|||38|||368
blockDim|||20|||15|||30|||368
,|||70|||15|||43|||368
{|||59|||19|||49|||368
*|||123|||21|||170|||368
;|||134|||25|||64|||368
10|||1|||2|||50|||369
]|||5|||3|||111|||369
float|||4|||4|||39|||369
threadIdx|||5|||4|||48|||369
blockDim|||9|||5|||38|||369
simd_cf_t|||2|||9|||79|||369
\|||160|||19|||41|||369
x|||85|||24|||28|||369
uint64_t|||2|||0|||12|||370
n|||12|||2|||7|||370
int|||7|||3|||18|||370
,|||24|||5|||20|||370
,|||29|||6|||18|||370
int|||31|||8|||12|||370
*|||44|||11|||31|||370
,|||61|||13|||19|||370
uint|||1|||14|||13|||370
\|||127|||16|||25|||370
mri_std|||1|||17|||28|||370
)|||90|||18|||10|||370
rand_r|||1|||19|||16|||370
*|||115|||20|||12|||370
int|||99|||22|||12|||370
j|||2|||2|||48|||371
(|||9|||2|||56|||371
int|||11|||4|||21|||371
)|||55|||12|||50|||371
if|||20|||12|||73|||371
\|||106|||12|||144|||371
\|||107|||12|||151|||371
n_x|||4|||13|||84|||371
\|||183|||21|||116|||371
mset|||1|||8|||2|||372
zero_array|||1|||18|||2|||372
door|||1|||21|||2|||372
<|||35|||21|||84|||372
copy0|||1|||22|||2|||372
(|||11|||3|||36|||373
n|||61|||8|||90|||373
\|||197|||23|||38|||373
{|||13|||5|||61|||374
\|||120|||14|||51|||374
(|||93|||17|||129|||374
n|||179|||19|||117|||374
int|||96|||21|||153|||374
.|||1|||0|||22|||375
(|||79|||16|||62|||375
.|||62|||17|||54|||375
\|||144|||17|||48|||376
y|||14|||17|||51|||376
\|||156|||17|||162|||376
]|||7|||3|||148|||377
i|||42|||9|||177|||377
m1[]|||1|||5|||128|||378
input|||3|||10|||64|||378
if|||23|||16|||61|||378
\n|||2|||16|||133|||378
n|||224|||25|||42|||378
;|||3|||0|||66|||379
=|||3|||1|||15|||379
x|||5|||1|||22|||379
\|||19|||3|||55|||380
nodes|||3|||3|||140|||380
+|||12|||6|||66|||380
(|||46|||9|||175|||380
,|||59|||13|||11|||380
mri|||2|||17|||90|||380
z|||9|||17|||100|||380
n|||164|||17|||122|||380
)|||53|||11|||174|||381
threadIdx|||20|||17|||44|||381
.|||67|||17|||79|||381
0|||21|||19|||86|||381
*|||70|||13|||14|||382
,|||11|||4|||10|||383
float|||6|||5|||4|||383
*|||29|||7|||5|||383
FLT|||1|||8|||4|||383
float|||17|||9|||10|||383
*|||42|||11|||5|||383
int|||39|||11|||11|||383
*|||69|||13|||9|||383
int|||70|||16|||12|||383
(|||99|||19|||3|||383
*|||107|||19|||11|||383
*|||35|||9|||6|||384
(|||58|||12|||3|||384
const|||9|||14|||4|||384
(|||91|||17|||3|||384
(|||98|||18|||3|||384
(|||108|||20|||3|||384
i|||69|||21|||83|||384
(|||119|||22|||3|||384
blockDim|||7|||3|||62|||385
->|||1|||3|||81|||385
[|||4|||3|||91|||385
i|||10|||3|||101|||385
0|||5|||3|||113|||385
*|||75|||13|||108|||385
]|||1|||0|||63|||386
count|||2|||5|||49|||386
]|||17|||6|||65|||386
}|||9|||9|||169|||386
*|||119|||21|||58|||386
n|||226|||25|||66|||386
blockDim|||1|||0|||25|||387
.|||3|||0|||30|||387
.|||12|||2|||37|||387
\|||91|||12|||26|||387
threadIdx|||18|||16|||38|||387
.|||57|||16|||52|||387
,|||90|||17|||25|||387
\|||174|||21|||35|||387
\|||213|||25|||30|||387
.|||11|||2|||33|||388
nodes|||2|||3|||80|||388
=|||9|||3|||94|||388
.|||30|||8|||47|||388
1,|||1|||5|||182|||389
*|||67|||12|||115|||389
(|||86|||16|||171|||389
doors|||4|||21|||118|||389
\|||190|||21|||162|||389
n|||201|||21|||163|||389
.|||83|||21|||172|||389
*|||63|||12|||84|||390
y1|||2|||19|||137|||390
1|||9|||21|||95|||390
n|||194|||21|||106|||390
(|||115|||21|||123|||390
j|||34|||21|||126|||390
]|||38|||21|||127|||390
\|||184|||21|||134|||390
n|||199|||21|||144|||390
n|||213|||23|||86|||390
)|||118|||24|||78|||390
0|||3|||3|||95|||391
;|||16|||3|||105|||391
=|||13|||3|||139|||391
+|||24|||11|||167|||391
[|||13|||5|||65|||392
]|||13|||5|||73|||392
int|||23|||5|||149|||392
the|||2|||5|||161|||392
weights|||1|||4|||28|||393
hi_val|||1|||17|||20|||393
side|||1|||11|||18|||394
,|||87|||17|||15|||394
n|||180|||19|||126|||394
int|||10|||4|||17|||395
*|||13|||4|||22|||395
*|||19|||5|||15|||395
n|||42|||6|||5|||395
float|||12|||6|||7|||395
a|||1|||6|||9|||395
float|||13|||6|||11|||395
*|||39|||10|||5|||395
int|||40|||11|||14|||395
,|||86|||17|||11|||395
)|||112|||23|||101|||396
output|||2|||10|||16|||397
)|||69|||15|||15|||397
MRI|||4|||17|||22|||397
=|||62|||13|||65|||398
[|||38|||19|||112|||398
->|||9|||25|||107|||398
{|||1|||0|||15|||399
y|||4|||6|||21|||399
{|||20|||8|||15|||399
{|||34|||12|||20|||399
)|||65|||14|||16|||399
n|||170|||18|||13|||399
int|||85|||19|||19|||399
{|||61|||20|||15|||399
{|||70|||22|||15|||399
int|||12|||4|||30|||400
cf_t|||2|||9|||14|||400
float|||20|||10|||14|||400
*|||87|||15|||13|||400
data_cols|||1|||16|||16|||400
bestDist|||1|||23|||32|||400
*|||131|||24|||13|||400
,|||2|||0|||11|||401
)|||4|||1|||7|||401
y|||1|||2|||13|||401
buffersize|||1|||7|||9|||401
float|||19|||10|||11|||401
doors|||1|||21|||6|||401
\|||181|||21|||88|||401
,|||113|||23|||11|||401
Settings|||1|||25|||8|||401
j|||4|||3|||21|||402
<<|||1|||3|||29|||402
(|||12|||3|||51|||402
.|||39|||11|||65|||402
tid|||2|||13|||46|||402
\|||110|||13|||50|||402
n|||122|||13|||51|||402
int|||68|||15|||19|||402
n|||223|||25|||31|||402
)|||123|||25|||50|||402
{|||77|||25|||51|||402
n|||65|||9|||84|||403
;|||41|||9|||138|||403
*|||104|||17|||144|||403
)|||1|||0|||14|||404
i|||2|||2|||9|||404
*|||26|||6|||20|||404
)|||27|||8|||14|||404
,|||51|||11|||33|||404
)|||54|||12|||19|||404
tp|||1|||14|||15|||404
,|||69|||15|||11|||404
int|||74|||16|||27|||404
{|||54|||17|||30|||404
\|||158|||18|||12|||404
long|||1|||19|||18|||404
)|||100|||20|||14|||404
)|||110|||22|||14|||404
n|||13|||2|||24|||405
threadIdx|||9|||8|||29|||405
(|||34|||9|||53|||405
n|||209|||23|||49|||405
int|||111|||24|||19|||405
)|||11|||3|||68|||406
j|||5|||3|||124|||406
m\n|||1|||5|||164|||406
]|||16|||6|||59|||406
(|||41|||9|||107|||406
\|||67|||9|||164|||406
\|||77|||10|||87|||406
(|||65|||12|||134|||406
is_larger|||4|||12|||147|||406
{|||47|||15|||61|||406
data_rows|||2|||16|||65|||406
{|||49|||16|||71|||406
(|||80|||16|||83|||406
fprintf|||2|||16|||139|||406
(|||135|||25|||55|||406
blockIdx|||1|||0|||21|||407
if|||1|||0|||35|||407
.|||5|||1|||21|||407
tid|||6|||15|||20|||407
x|||61|||18|||23|||407
boxes|||2|||11|||180|||408
n|||151|||16|||169|||408
==|||9|||16|||173|||408
i|||57|||16|||181|||408
=|||74|||16|||182|||408
(|||89|||16|||212|||408
col|||1|||11|||93|||409
int|||110|||24|||9|||409
&|||7|||24|||66|||409
,|||18|||4|||38|||410
*|||21|||5|||37|||410
.|||36|||10|||33|||410
;|||104|||19|||40|||410
int|||101|||23|||12|||410
n|||210|||23|||54|||410
.|||93|||24|||27|||410
<|||39|||25|||35|||410
*|||12|||4|||14|||411
,|||21|||5|||10|||411
const|||6|||9|||9|||411
,|||46|||11|||16|||411
*|||124|||22|||5|||411
int|||37|||10|||21|||412
{|||44|||14|||17|||412
r|||1|||9|||142|||413
=|||49|||11|||130|||413
j|||32|||21|||109|||413
int|||45|||11|||44|||414
.|||42|||12|||36|||414
int|||64|||13|||26|||414
0|||22|||21|||42|||414
<<|||4|||23|||35|||414
int|||9|||4|||8|||415
xpp|||1|||14|||8|||415
,|||10|||4|||7|||416
update_halo_kernel3_minus_4_b_c_wrapper|||1|||13|||2|||416
m|||3|||5|||90|||417
for|||4|||9|||85|||417
\|||65|||9|||139|||417
srslte_simd_cf_mul|||1|||9|||144|||417
{|||37|||12|||89|||417
\|||112|||13|||76|||417
100000|||1|||19|||90|||417
{|||60|||19|||95|||417
;|||130|||24|||33|||417
x|||4|||1|||18|||418
x|||30|||9|||109|||418
}|||8|||9|||166|||418
i|||54|||15|||42|||418
blockIdx|||23|||18|||17|||418
matrices|||1|||5|||123|||419
4};\n|||1|||5|||133|||419
;|||73|||13|||98|||419
{|||43|||13|||104|||419
n|||127|||13|||118|||419
UINT_MIN|||1|||14|||78|||419
{|||4|||1|||8|||420
,|||32|||7|||10|||420
temp|||1|||10|||12|||420
)|||101|||21|||7|||420
doors|||2|||21|||37|||420
*|||134|||25|||9|||420
float|||5|||4|||71|||421
m1|||2|||5|||70|||421
;|||30|||6|||74|||421
\|||75|||10|||78|||421
{|||36|||12|||79|||421
,|||66|||14|||79|||421
*|||93|||16|||75|||421
.|||65|||17|||71|||421
__syncthreads|||2|||25|||73|||421
j|||10|||8|||58|||422
(|||63|||12|||97|||422
mask|||1|||17|||142|||422
tmp|||1|||19|||119|||422
=|||90|||19|||120|||422
\|||168|||19|||125|||422
;|||117|||21|||78|||422
\|||180|||21|||79|||422
cc|||4|||25|||128|||422
__syncthreads|||1|||10|||83|||423
;|||65|||12|||112|||423
float|||36|||19|||98|||423
j|||27|||19|||103|||423
||||2|||24|||95|||423
xdim1_update_halo_kernel3_minus_4_b|||1|||13|||113|||424
=|||84|||19|||54|||424
temp|||3|||19|||159|||424
1.0f|||1|||19|||161|||424
}|||26|||25|||70|||424
\|||218|||25|||71|||424
int|||113|||25|||99|||424
pp|||1|||25|||100|||424
)|||128|||25|||123|||424
=|||32|||8|||20|||425
*|||37|||9|||15|||425
*|||40|||10|||15|||425
mtx|||1|||15|||14|||425
,|||74|||16|||17|||425
,|||89|||17|||21|||425
=|||101|||23|||33|||425
dst|||1|||24|||14|||425
=|||14|||4|||47|||426
memory|||1|||5|||159|||426
;|||57|||11|||142|||426
\|||98|||12|||106|||426
mri|||4|||17|||102|||426
\|||149|||17|||111|||426
settings|||7|||25|||106|||426
(|||6|||1|||36|||427
j|||1|||2|||26|||427
int|||13|||4|||36|||427
i|||19|||5|||32|||427
(|||24|||6|||48|||427
.|||23|||7|||25|||427
;|||31|||7|||31|||427
x|||24|||8|||31|||427
x|||40|||12|||41|||427
blockIdx|||15|||13|||33|||427
x|||49|||15|||32|||427
n|||173|||19|||51|||427
\|||176|||21|||47|||427
void|||24|||21|||54|||427
r|||3|||23|||51|||427
threadIdx|||31|||24|||22|||427
.|||96|||25|||23|||427
]|||28|||11|||183|||428
mri_mask|||2|||17|||130|||428
,|||91|||17|||131|||428
0|||19|||17|||132|||428
(|||95|||17|||167|||428
mri|||5|||17|||168|||428
,|||94|||17|||169|||428
,|||6|||3|||22|||429
gridDim|||1|||3|||30|||429
;|||10|||3|||39|||429
x|||28|||9|||38|||429
#if|||1|||9|||42|||429
while|||3|||24|||36|||429
;|||11|||3|||54|||430
+|||19|||11|||63|||430
if|||19|||12|||60|||430
xpp|||2|||14|||64|||430
i|||56|||16|||63|||430
y|||15|||17|||55|||430
.|||88|||23|||65|||430
(|||19|||5|||3|||431
*|||18|||5|||5|||431
i|||22|||5|||81|||431
\|||42|||5|||117|||431
m1_cols|||2|||5|||139|||431
float|||10|||5|||142|||431
=|||27|||5|||155|||431
x|||62|||19|||31|||431
+|||11|||6|||40|||432
]|||24|||9|||159|||432
{|||30|||10|||95|||432
;|||63|||12|||70|||432
data_range|||2|||16|||165|||432
0|||16|||16|||174|||432
j|||28|||19|||113|||432
__global__|||2|||1|||0|||433
__global__|||19|||18|||0|||433
__global__|||21|||20|||0|||433
__global__|||23|||22|||0|||433
i|||5|||3|||19|||434
update_ghost_nodes|||1|||3|||27|||434
temp_sol|||2|||3|||37|||434
m|||6|||8|||91|||434
*|||65|||12|||102|||434
is_larger|||3|||12|||103|||434
)|||68|||14|||75|||434
n|||169|||17|||180|||434
\|||169|||19|||155|||434
n|||181|||19|||156|||434
\|||186|||21|||140|||434
n__global__|||2|||21|||149|||434
void|||25|||21|||150|||434
blockDim|||2|||1|||16|||435
\|||9|||1|||28|||435
{|||7|||3|||15|||435
;|||13|||3|||77|||435
;|||19|||3|||127|||435
num|||1|||4|||18|||436
indices|||1|||4|||23|||436
MRI|||3|||17|||12|||436
index|||4|||0|||62|||437
i|||6|||3|||74|||437
i|||27|||6|||64|||437
n|||72|||9|||168|||437
*|||84|||14|||63|||437
data_rows|||3|||16|||151|||437
)|||96|||19|||143|||437
blockDim|||31|||21|||171|||437
\|||216|||25|||65|||437
Chunk|||1|||25|||4|||438
->|||6|||25|||37|||438
)|||2|||0|||40|||439
[|||1|||0|||61|||439
if|||4|||2|||42|||439
m1_rows|||5|||5|||135|||439
m2_rows)|||1|||5|||170|||439
{|||22|||8|||71|||439
[|||20|||8|||75|||439
(|||35|||9|||58|||439
i|||46|||10|||75|||439
n|||88|||11|||69|||439
=|||45|||11|||85|||439
;|||52|||11|||89|||439
\|||86|||11|||126|||439
)|||52|||11|||166|||439
]|||30|||14|||71|||439
}|||17|||16|||124|||439
\n|||4|||16|||162|||439
\|||201|||23|||55|||439
>>|||2|||24|||73|||439
<|||2|||0|||80|||440
dws|||3|||4|||106|||440
=|||21|||5|||95|||440
-|||3|||9|||91|||440
0|||9|||11|||105|||440
index|||9|||11|||118|||440
(|||83|||16|||128|||440
depth|||1|||17|||104|||440
pmask|||1|||17|||125|||440
%|||2|||21|||110|||440
)|||127|||25|||112|||440
;|||21|||4|||59|||441
=|||15|||4|||73|||441
[|||10|||4|||87|||441
=|||54|||12|||55|||441
[|||7|||3|||143|||442
n|||29|||4|||70|||442
if|||13|||9|||50|||442
n|||107|||12|||59|||442
]|||40|||24|||52|||442
m2_rows|||1|||5|||19|||443
c|||1|||6|||17|||443
,|||34|||8|||11|||443
*|||60|||12|||17|||443
,|||65|||14|||12|||443
len|||3|||18|||9|||443
short|||2|||20|||11|||443
,|||111|||22|||11|||443
n|||207|||23|||39|||443
Launch|||1|||5|||174|||444
{|||38|||12|||136|||444
int|||97|||21|||157|||444
0xf|||1|||24|||77|||444
0|||6|||3|||126|||445
return|||3|||16|||120|||445
x2|||1|||19|||72|||445
rand_r|||2|||19|||74|||445
]|||33|||19|||77|||445
n|||176|||19|||80|||445
\|||12|||2|||6|||446
=|||6|||2|||10|||446
,|||27|||6|||10|||446
{|||48|||16|||24|||446
:|||2|||4|||110|||447
)|||89|||17|||196|||447
doors|||6|||21|||155|||447
if|||33|||21|||181|||447
i|||72|||21|||183|||447
n|||79|||10|||57|||448
4|||1|||11|||176|||448
(|||72|||14|||73|||448
(|||13|||3|||66|||449
float|||24|||11|||26|||449
.|||50|||15|||23|||449
Pixel|||2|||23|||21|||449
0|||24|||23|||26|||449
char|||2|||7|||4|||450
float|||23|||11|||4|||450
*|||78|||14|||6|||450
int|||67|||14|||20|||450
int|||80|||18|||4|||450
pIndexed|||1|||23|||6|||450
internal_count|||1|||3|||82|||451
m1_rows|||3|||5|||83|||451
[|||19|||6|||68|||451
;|||39|||9|||114|||451
float|||26|||11|||145|||451
i|||68|||21|||65|||451
x|||90|||25|||132|||451
;|||123|||23|||37|||452
&|||9|||24|||92|||452
(|||2|||0|||36|||453
n|||11|||1|||49|||453
\|||16|||3|||16|||453
n|||17|||3|||26|||453
>|||2|||3|||34|||453
;|||24|||4|||117|||453
x|||14|||5|||40|||453
{|||23|||8|||88|||453
\|||78|||10|||96|||453
+|||32|||13|||110|||453
[|||32|||14|||69|||453
.|||51|||15|||27|||453
n|||136|||15|||40|||453
<|||32|||19|||46|||453
<|||33|||19|||89|||453
n|||184|||20|||34|||453
\|||185|||21|||137|||453
\|||189|||21|||148|||453
blockIdx|||28|||21|||167|||453
i|||12|||3|||144|||454
;|||40|||9|||128|||454
n|||49|||7|||33|||455
\|||139|||16|||168|||455
int|||8|||3|||117|||456
&|||8|||24|||76|||456
i|||3|||2|||44|||457
)|||7|||2|||51|||457
real|||2|||3|||11|||457
;|||17|||3|||114|||457
file|||1|||16|||106|||457
nodes|||1|||1|||33|||458
step_sol|||1|||3|||13|||458
side|||2|||11|||74|||458
{|||35|||12|||51|||458
{|||40|||13|||58|||458
\|||111|||13|||59|||458
n|||123|||13|||60|||458
;|||71|||13|||67|||458
n_x|||2|||13|||68|||458
void|||19|||17|||1|||458
(|||133|||25|||33|||458
\|||217|||25|||68|||458
if|||3|||0|||71|||459
[|||28|||10|||74|||459
(|||51|||10|||90|||459
n|||85|||11|||43|||459
=|||56|||12|||95|||459
\|||108|||13|||24|||459
<|||31|||16|||202|||459
;|||94|||16|||204|||459
=|||88|||19|||100|||459
)|||107|||21|||130|||459
n|||218|||24|||35|||459
num_pixels|||2|||24|||40|||459
)|||14|||4|||41|||460
+|||6|||4|||51|||460
x|||38|||12|||33|||460
\|||92|||12|||43|||460
;|||62|||12|||57|||460
(|||60|||12|||61|||460
.|||55|||16|||39|||460
n|||211|||23|||56|||460
\|||79|||11|||42|||461
\|||128|||16|||42|||461
\|||200|||23|||53|||461
a|||3|||9|||104|||462
*|||50|||11|||132|||462
SqareDown|||1|||2|||2|||463
int|||91|||21|||4|||463
(|||16|||4|||3|||464
(|||26|||7|||3|||464
(|||47|||10|||3|||464
(|||52|||11|||3|||464
*|||83|||14|||61|||464
(|||78|||16|||3|||464
-|||5|||19|||122|||464
(|||132|||25|||3|||464
int|||1|||0|||18|||465
n|||6|||0|||59|||465
0|||2|||3|||76|||465
)|||12|||3|||86|||465
*|||46|||11|||59|||465
=|||46|||11|||94|||465
n|||93|||11|||107|||465
idx|||5|||11|||120|||465
*|||55|||11|||170|||465
largest|||3|||10|||71|||466
(|||81|||16|||94|||466
(|||82|||16|||103|||466
\|||147|||17|||84|||466
<=|||2|||21|||98|||466
settings|||6|||25|||86|||466
\|||61|||9|||83|||467
b|||4|||9|||136|||467
)|||41|||9|||137|||467
out|||1|||15|||6|||468
,|||92|||17|||133|||468
,|||93|||17|||135|||468
;|||100|||17|||138|||468
n|||118|||12|||145|||469
=|||70|||15|||68|||469
data_cols|||2|||16|||69|||469
=|||73|||16|||81|||469
;|||85|||16|||90|||469
(|||71|||14|||58|||470
2.0f|||1|||6|||73|||471
n|||97|||11|||127|||471
12|||1|||24|||74|||471
n|||221|||24|||81|||471
(|||128|||24|||86|||471
\|||178|||21|||52|||472
.|||8|||2|||16|||473
blockIdx|||9|||8|||21|||473
z|||2|||9|||16|||473
int|||72|||16|||18|||473
.|||59|||17|||37|||473
1|||11|||23|||34|||473
)|||113|||24|||15|||473
fid|||3|||16|||95|||474
"|||3|||16|||104|||474
)|||77|||16|||152|||474
100|||3|||21|||99|||474
num|||2|||4|||66|||475
;|||108|||19|||87|||475
;|||109|||19|||91|||475
for|||1|||3|||72|||476
concat_matrix<<<dim3(1,|||1|||5|||181|||476
const|||8|||13|||12|||476
)|||73|||16|||89|||476
(|||88|||16|||196|||476
{|||53|||16|||208|||476
,|||97|||17|||175|||476
(|||104|||19|||141|||476
x1|||3|||19|||142|||476
*|||112|||19|||144|||476
cosf|||2|||19|||145|||476
z|||11|||17|||174|||477
\|||157|||17|||179|||477
count_closed_doors|||1|||21|||151|||477
{|||68|||21|||161|||477
index|||3|||0|||53|||478
n|||51|||7|||52|||478
\|||74|||10|||60|||478
n|||102|||11|||179|||478
major|||2|||16|||172|||478
=|||79|||17|||126|||478
+|||40|||18|||24|||478
.|||78|||21|||23|||478
num_chunks_per_rank|||1|||25|||38|||478
void|||3|||2|||1|||479
void|||4|||3|||1|||479
void|||9|||8|||1|||479
void|||27|||24|||1|||479
index|||1|||0|||19|||480
dataBlockSize|||2|||0|||39|||480
P|||2|||0|||60|||480
const|||2|||1|||30|||480
threadIdx|||8|||7|||28|||480
x|||50|||16|||32|||480
.|||54|||16|||35|||480
\|||133|||16|||100|||480
data_cols|||3|||16|||149|||480
%d|||3|||16|||161|||480
kernel|||1|||5|||176|||481
&|||2|||9|||108|||481
\|||63|||9|||115|||481
n|||71|||9|||165|||481
\|||68|||9|||167|||481
{|||27|||9|||171|||481
unsigned|||1|||0|||4|||482
*|||79|||14|||7|||482
VP8LConvertBGRAToRGBA4444_C|||1|||24|||2|||482
=|||31|||7|||36|||483
value|||2|||7|||40|||483
n|||113|||12|||121|||483
n|||142|||16|||73|||483
FILE|||1|||16|||74|||483
,|||76|||16|||85|||483
toggle_doors|||1|||21|||55|||483
=|||95|||21|||66|||483
(|||117|||21|||182|||483
mask|||3|||17|||157|||484
int|||108|||23|||74|||484
{|||17|||6|||53|||485
i|||30|||7|||46|||485
n|||78|||10|||52|||485
ppcg_inner_steps|||1|||25|||108|||485
__alignof__|||1|||9|||52|||486
idx|||2|||11|||72|||486
==|||7|||12|||63|||486
fid|||5|||16|||141|||486
unsigned|||4|||1|||42|||487
)|||8|||3|||14|||487
;|||83|||16|||58|||487
->|||7|||25|||46|||487
1|||12|||25|||122|||487
idx|||4|||11|||95|||488
<|||22|||11|||108|||488
*|||49|||11|||121|||488
0|||27|||25|||102|||488
threadIdx|||1|||0|||29|||489
threadIdx|||4|||2|||36|||489
[|||9|||4|||75|||489
int|||33|||8|||35|||489
(|||33|||9|||51|||489
.|||40|||11|||184|||489
blockDim|||22|||16|||51|||489
\|||182|||21|||105|||489
i|||73|||23|||90|||489
;|||133|||25|||29|||489
FIELD_SD|||1|||25|||90|||489
(|||7|||2|||3|||490
nowait_example2|||1|||6|||2|||490
float|||18|||10|||4|||490
ar|||1|||18|||6|||490
short|||1|||20|||4|||490
int|||89|||20|||8|||490
*|||117|||21|||5|||490
float|||41|||22|||8|||490
__alignof__|||3|||9|||72|||491
(|||38|||9|||73|||491
SRSLTE_SIMD_CF_SIZE|||4|||9|||98|||491
)|||38|||9|||99|||491
)|||64|||13|||74|||491
{|||41|||13|||75|||491
n_x|||5|||13|||107|||491
n|||147|||16|||123|||491
;|||45|||10|||35|||492
\|||71|||10|||36|||492
<|||19|||10|||56|||492
last_i|||3|||12|||85|||492
n|||111|||12|||107|||492
,|||72|||16|||11|||492
\|||11|||1|||48|||493
,|||19|||4|||114|||493
n|||38|||5|||104|||493
y|||6|||8|||44|||493
\|||53|||8|||50|||493
;|||124|||23|||42|||493
\|||198|||23|||43|||493
+|||3|||1|||23|||494
float|||8|||5|||24|||494
blockIdx|||6|||5|||34|||494
0|||7|||5|||51|||494
\|||70|||10|||19|||494
;|||9|||3|||24|||495
blockDim|||5|||3|||32|||495
*|||110|||19|||32|||495
if|||36|||25|||43|||495
,|||119|||25|||119|||495
if|||6|||4|||62|||496
.|||49|||14|||32|||496
\|||119|||14|||48|||496
=|||85|||19|||63|||496
.|||89|||23|||69|||496
ii|||2|||12|||54|||497
]|||32|||19|||67|||497
*|||5|||2|||14|||498
i|||31|||8|||19|||498
;|||4|||1|||27|||499
)|||6|||2|||4|||499
,|||4|||3|||10|||499
float|||14|||6|||15|||499
int|||30|||8|||9|||499
blockIdx|||12|||10|||28|||499
,|||57|||12|||15|||499
int|||56|||12|||23|||499
NULL|||1|||16|||97|||499
,|||102|||18|||7|||499
=|||82|||18|||16|||499
int|||86|||19|||26|||499
n|||187|||21|||36|||499
