(|||54|||11|||154|||0
for|||26|||14|||149|||0
)|||2|||0|||39|||1
ushort|||2|||14|||37|||1
=|||76|||15|||39|||1
"|||2|||16|||41|||1
,|||86|||17|||36|||1
)|||93|||24|||31|||1
(|||115|||25|||38|||1
rows|||3|||5|||38|||2
++|||7|||7|||40|||2
-|||4|||9|||131|||2
+|||6|||9|||133|||2
[|||29|||15|||36|||2
;|||73|||11|||83|||3
j|||16|||14|||79|||3
=|||82|||17|||59|||3
;|||137|||17|||93|||3
float|||6|||5|||56|||4
j|||3|||2|||35|||5
<|||13|||11|||55|||5
1|||9|||12|||41|||5
)|||33|||9|||78|||6
(|||44|||9|||126|||6
0.|||1|||15|||40|||6
int|||79|||23|||39|||6
num|||10|||23|||44|||6
void|||3|||2|||0|||7
void|||4|||3|||0|||7
void|||6|||6|||0|||7
void|||9|||9|||0|||7
int|||48|||14|||0|||7
void|||14|||15|||0|||7
void|||18|||21|||0|||7
void|||20|||24|||0|||7
,|||33|||9|||117|||8
*|||15|||6|||15|||9
float|||10|||6|||18|||9
schedule(static)|||1|||6|||38|||9
i|||36|||6|||56|||9
SRSLTE_SIMD_CF_SIZE|||3|||9|||59|||9
SIZEOF_USHORT|||2|||14|||75|||9
0|||39|||17|||74|||9
->|||5|||17|||61|||10
0|||44|||19|||61|||10
<|||27|||19|||64|||10
i|||62|||10|||73|||11
0|||24|||11|||82|||11
z|||7|||17|||76|||11
uint64_t|||1|||0|||10|||12
=|||1|||0|||21|||12
-|||1|||0|||34|||12
int|||31|||11|||37|||12
a|||3|||9|||69|||13
n_x|||4|||13|||68|||13
;|||105|||14|||90|||13
=|||95|||19|||89|||13
i|||15|||3|||39|||14
)|||18|||5|||59|||14
)|||21|||6|||69|||14
{|||24|||11|||40|||14
)|||44|||11|||135|||14
schedule(static,1)|||1|||12|||33|||14
100|||1|||12|||45|||14
{|||61|||23|||47|||14
)|||14|||4|||39|||15
i|||23|||4|||46|||15
(|||28|||7|||30|||15
i|||70|||11|||110|||15
x|||4|||11|||152|||15
i|||22|||4|||42|||16
(|||56|||12|||38|||16
int|||46|||13|||34|||16
(|||75|||15|||43|||16
kernel_language|||1|||25|||41|||16
==|||8|||25|||42|||16
for|||11|||7|||29|||17
char|||5|||14|||60|||17
}|||11|||21|||33|||17
j|||37|||21|||75|||17
0|||15|||5|||65|||18
]|||21|||10|||64|||18
&|||8|||24|||61|||18
==|||9|||25|||66|||18
indices|||2|||4|||73|||19
-|||3|||9|||58|||19
(|||57|||12|||63|||19
z|||8|||17|||80|||19
)|||104|||25|||75|||19
FIELD_SD|||1|||25|||81|||19
]|||40|||25|||82|||19
buffersize|||2|||7|||37|||20
*|||53|||14|||61|||20
(|||72|||14|||168|||20
;|||119|||16|||43|||20
▁|||5|||16|||65|||20
%|||3|||16|||91|||20
▁|||7|||16|||93|||20
0|||37|||16|||128|||20
i|||101|||21|||68|||20
]|||35|||21|||76|||20
;|||169|||25|||58|||20
for|||3|||2|||15|||21
19|||1|||2|||19|||21
(|||9|||2|||44|||21
;|||47|||8|||19|||21
;|||49|||8|||29|||21
,|||68|||16|||16|||21
for|||41|||22|||20|||21
settings|||5|||25|||63|||22
n_y|||4|||13|||72|||23
xdim0_update_halo_kernel3_minus_4_b|||1|||13|||74|||23
classes|||1|||11|||8|||24
the|||2|||25|||5|||25
<|||29|||25|||28|||25
=|||45|||11|||66|||26
i|||67|||11|||67|||26
num|||4|||11|||86|||26
predictions|||3|||11|||155|||26
*|||54|||14|||62|||26
i|||6|||1|||28|||27
)|||75|||17|||28|||27
x|||5|||17|||31|||27
)|||3|||1|||8|||28
real|||2|||3|||10|||28
int|||26|||11|||10|||28
int|||52|||16|||11|||28
(|||3|||1|||4|||29
i|||5|||1|||11|||29
<|||2|||1|||37|||29
{|||27|||12|||4|||29
int|||41|||12|||11|||29
const|||5|||9|||17|||30
pixels|||2|||23|||21|||30
const|||9|||24|||16|||30
,|||40|||11|||15|||31
index|||5|||11|||149|||31
box_index|||2|||11|||157|||31
)|||26|||8|||32|||32
>|||1|||10|||56|||32
;|||102|||14|||66|||32
%|||5|||16|||109|||32
if|||8|||21|||64|||32
++|||27|||25|||33|||32
;|||173|||25|||98|||32
,|||4|||3|||9|||33
defgrp_idx|||1|||4|||8|||33
float|||8|||6|||10|||33
x|||1|||9|||6|||33
double|||1|||13|||4|||33
{|||3|||1|||9|||34
i|||30|||5|||11|||34
value|||1|||7|||11|||34
*|||39|||13|||5|||34
,|||101|||23|||10|||34
classes|||2|||11|||108|||35
;|||95|||13|||80|||35
{|||34|||13|||84|||35
xpp|||3|||14|||117|||35
(|||89|||17|||102|||35
buffer|||2|||7|||47|||36
[|||18|||7|||48|||36
;|||50|||8|||38|||36
j|||13|||8|||39|||36
i|||53|||9|||128|||36
uint|||2|||14|||169|||36
]|||27|||15|||38|||36
w|||3|||16|||40|||36
"|||9|||16|||108|||36
0|||43|||18|||17|||36
{|||53|||20|||7|||36
=|||101|||22|||23|||36
parallel|||1|||6|||32|||37
i|||40|||7|||31|||37
30|||1|||23|||31|||37
,|||8|||4|||9|||38
,|||16|||5|||5|||38
char|||2|||7|||3|||38
(|||55|||12|||2|||38
filename|||1|||16|||5|||38
d|||2|||16|||95|||38
MINLINE|||1|||20|||0|||38
doors|||1|||21|||6|||38
]|||36|||22|||6|||38
&&|||6|||14|||19|||39
,|||64|||15|||18|||39
{|||62|||24|||15|||39
1|||10|||13|||70|||40
+|||17|||13|||71|||40
+=|||3|||14|||92|||40
*|||63|||17|||8|||41
;|||138|||17|||111|||41
*|||73|||24|||5|||41
dws|||3|||4|||89|||42
[|||14|||4|||90|||42
i|||29|||4|||91|||42
(|||39|||9|||72|||42
*|||32|||11|||105|||42
sum|||5|||12|||71|||42
known_sum|||2|||12|||77|||42
)|||77|||17|||96|||42
[|||43|||25|||80|||42
=|||112|||25|||90|||42
)|||15|||4|||56|||43
int|||47|||13|||49|||43
]|||32|||19|||85|||43
i|||19|||3|||62|||44
dv|||1|||4|||68|||44
0|||11|||3|||72|||45
(|||15|||3|||78|||45
float|||25|||19|||9|||46
start|||2|||19|||28|||46
i|||92|||19|||45|||46
;|||44|||7|||28|||47
i|||42|||7|||39|||47
=|||58|||12|||61|||47
int|||55|||16|||20|||47
data_range|||1|||16|||21|||47
;|||117|||16|||27|||47
{|||43|||16|||50|||47
/|||3|||16|||63|||47
▁|||6|||16|||67|||47
,|||76|||16|||107|||47
i|||85|||16|||126|||47
=|||80|||16|||141|||47
j|||36|||21|||66|||47
0|||46|||21|||70|||47
[|||37|||21|||74|||47
(|||102|||21|||78|||47
=|||35|||9|||70|||48
*|||42|||13|||69|||48
=|||20|||4|||69|||49
dws|||2|||4|||87|||49
=|||52|||11|||153|||50
}|||7|||13|||98|||50
;|||110|||14|||154|||50
=|||74|||14|||167|||50
,|||9|||4|||14|||51
int|||8|||4|||19|||51
int|||70|||21|||36|||51
->|||12|||25|||96|||52
)|||5|||2|||3|||53
1|||7|||9|||134|||53
[|||35|||21|||7|||53
P|||2|||0|||17|||54
+|||4|||6|||64|||54
)|||25|||8|||13|||54
]|||33|||21|||9|||54
;|||151|||21|||21|||54
i|||97|||21|||28|||54
=|||99|||21|||53|||54
x_sol|||1|||3|||53|||55
;|||90|||12|||74|||56
indices|||3|||4|||75|||57
)|||57|||14|||73|||57
j|||35|||21|||61|||57
doors|||4|||21|||79|||57
neighbors|||1|||3|||95|||58
for|||34|||17|||112|||58
*|||50|||14|||13|||59
FILE|||1|||16|||24|||59
;|||120|||16|||72|||59
for|||39|||21|||34|||59
++|||24|||21|||60|||59
)|||95|||24|||53|||59
if|||9|||25|||37|||59
->|||11|||25|||78|||59
{|||68|||25|||102|||59
;|||53|||9|||62|||60
sum|||3|||12|||17|||61
for|||20|||12|||32|||61
*|||41|||13|||16|||61
)|||84|||21|||3|||61
int|||69|||21|||13|||61
;|||153|||21|||40|||61
100|||4|||21|||58|||61
srslte_vec_div_cfc_simd|||1|||9|||1|||62
ncx_getn_ushort_uint|||1|||14|||1|||62
{|||38|||14|||130|||62
cdir|||2|||14|||146|||62
VP8LConvertBGRAToRGBA4444_C|||1|||24|||1|||62
const|||10|||24|||19|||62
int|||42|||12|||14|||63
add_thresh|||1|||4|||32|||64
#pragma|||4|||12|||29|||64
ENDCOM|||4|||12|||36|||64
j|||5|||2|||52|||65
)|||39|||10|||48|||65
0|||8|||3|||41|||66
n|||8|||11|||46|||66
row|||1|||11|||65|||66
n|||14|||11|||142|||66
+|||13|||11|||158|||66
mri|||1|||17|||5|||67
,|||89|||17|||49|||67
depth|||4|||17|||78|||67
(|||46|||10|||37|||68
j|||14|||11|||44|||68
(|||50|||11|||49|||68
MRI|||3|||17|||11|||69
side|||3|||11|||58|||70
)|||48|||12|||49|||70
;|||144|||19|||55|||70
->|||7|||23|||59|||70
site|||2|||1|||18|||71
for|||21|||12|||37|||71
nelems|||1|||14|||10|||71
{|||47|||17|||83|||71
;|||34|||5|||19|||72
input|||1|||10|||9|||72
major|||1|||16|||18|||72
fid|||1|||16|||26|||73
(|||101|||21|||65|||73
doors|||3|||21|||73|||73
=|||14|||3|||71|||74
=|||16|||3|||92|||74
]|||11|||4|||78|||74
<<|||1|||23|||30|||74
;|||170|||25|||76|||74
pp|||3|||25|||100|||74
1|||11|||13|||76|||75
VEC4|||1|||15|||3|||75
,|||62|||15|||5|||75
v|||1|||15|||7|||75
x_sol|||2|||3|||112|||76
(|||18|||4|||95|||76
data_cols|||2|||16|||99|||76
for|||6|||3|||77|||77
*|||11|||4|||84|||77
{|||33|||13|||65|||77
fprintf|||2|||16|||86|||77
)|||76|||17|||82|||77
settings|||7|||25|||77|||77
i|||56|||10|||38|||78
=|||65|||14|||43|||78
depth|||1|||17|||41|||78
z|||3|||9|||48|||79
mri|||3|||17|||60|||79
i|||93|||19|||53|||79
0|||30|||14|||44|||80
(|||67|||14|||99|||80
*|||19|||8|||4|||81
)|||12|||3|||51|||82
a|||1|||6|||8|||83
int|||18|||8|||8|||83
int|||25|||11|||7|||83
double|||2|||13|||9|||83
*|||49|||14|||6|||83
fp|||1|||16|||7|||83
,|||79|||17|||10|||83
,|||100|||23|||6|||83
;|||5|||1|||20|||84
,|||85|||17|||34|||84
)|||99|||25|||35|||84
)|||106|||25|||110|||84
[|||6|||3|||61|||85
m1|||4|||5|||46|||85
ENDCOM|||1|||6|||33|||85
;|||87|||12|||46|||85
;|||159|||23|||32|||85
&|||9|||25|||48|||85
weights|||2|||4|||61|||86
<|||16|||13|||40|||86
;|||101|||14|||50|||86
j|||27|||16|||144|||86
<=|||5|||21|||57|||86
int|||5|||3|||74|||87
j|||8|||3|||83|||87
,|||75|||16|||100|||87
=|||97|||21|||30|||87
i|||4|||0|||45|||88
&|||3|||9|||85|||88
;|||68|||11|||47|||88
-|||6|||14|||101|||88
rcpb|||1|||9|||93|||89
b|||4|||9|||97|||89
)|||35|||9|||98|||89
num|||7|||11|||134|||89
;|||174|||25|||111|||89
for|||44|||25|||112|||89
if|||2|||7|||43|||90
;|||116|||15|||41|||90
)|||67|||16|||42|||90
]|||1|||0|||20|||91
SqareDown|||1|||2|||1|||91
;|||10|||2|||20|||91
const|||2|||4|||23|||91
c|||3|||7|||20|||91
char|||4|||7|||25|||91
tmp|||1|||14|||32|||91
int|||51|||15|||16|||91
i|||91|||19|||37|||91
(|||99|||21|||35|||91
0|||47|||23|||23|||91
=|||6|||1|||29|||92
0|||3|||1|||30|||92
=|||17|||3|||106|||93
srslte_simd_f_load|||1|||9|||83|||93
scale|||1|||11|||117|||93
data_range|||2|||16|||114|||93
)|||105|||25|||101|||93
cols|||1|||5|||22|||94
(|||20|||5|||45|||94
for|||8|||5|||61|||94
+|||8|||11|||109|||95
*|||44|||13|||75|||95
.|||3|||5|||29|||96
output|||1|||10|||19|||96
;|||84|||12|||24|||96
;|||121|||16|||74|||96
[|||33|||19|||75|||96
{|||6|||2|||42|||97
.|||6|||5|||41|||97
x1|||1|||19|||41|||97
+|||10|||11|||133|||98
i|||86|||16|||130|||98
=|||113|||25|||116|||98
[|||16|||6|||61|||99
*|||52|||14|||57|||99
16|||1|||24|||49|||99
++|||28|||25|||99|||99
,|||18|||5|||53|||100
0|||16|||6|||45|||100
-|||5|||10|||33|||100
int|||32|||11|||41|||100
z|||5|||17|||35|||100
,|||88|||17|||40|||100
;|||162|||23|||41|||100
)|||91|||23|||46|||100
i|||2|||0|||31|||101
[|||2|||0|||42|||101
!=|||1|||7|||46|||101
r|||3|||23|||40|||101
uint64_t|||2|||0|||13|||102
=|||7|||2|||7|||102
i|||43|||8|||16|||102
;|||150|||21|||17|||102
0|||5|||2|||13|||103
m1|||1|||5|||4|||103
b|||1|||6|||12|||103
m|||5|||8|||6|||103
test_omp_parallel_for_ordered|||1|||12|||1|||103
ushort|||1|||14|||31|||103
for|||35|||18|||12|||103
rand_d|||1|||19|||11|||103
door|||1|||21|||1|||103
ppcg_inner_iterations|||1|||25|||9|||103
site|||1|||1|||7|||104
,|||1|||0|||9|||105
site_def|||1|||1|||5|||105
*|||3|||3|||7|||105
filename|||2|||16|||37|||106
fid|||3|||16|||46|||106
▁|||1|||16|||55|||106
(|||82|||16|||105|||106
(|||85|||16|||139|||106
int|||17|||7|||14|||107
)|||64|||15|||11|||107
*|||35|||11|||128|||108
mass_flux_x|||1|||13|||82|||108
SIZEOF_USHORT|||3|||14|||121|||108
"|||10|||16|||112|||108
<|||25|||17|||119|||108
,|||108|||25|||108|||108
int|||9|||4|||28|||109
++|||8|||8|||31|||109
0|||19|||9|||25|||109
;|||114|||15|||26|||109
mri_mean|||1|||17|||23|||109
;|||127|||16|||143|||110
=|||109|||24|||68|||110
P|||1|||0|||8|||111
nrange|||2|||14|||87|||111
src|||1|||24|||6|||111
=|||4|||1|||15|||112
(|||11|||3|||23|||112
float|||19|||11|||25|||112
restrict|||3|||13|||17|||112
fields|||1|||13|||18|||112
d|||3|||16|||110|||112
;|||124|||16|||116|||112
0x00|||1|||0|||48|||113
[|||4|||2|||51|||113
.|||7|||5|||47|||113
col|||2|||11|||162|||113
)|||46|||11|||163|||113
i|||74|||12|||43|||113
;|||96|||13|||99|||113
)|||74|||16|||136|||113
data_cols|||3|||16|||146|||113
X_SIZEOF_USHORT|||1|||14|||20|||114
if|||5|||14|||107|||114
ni|||3|||14|||119|||114
,|||82|||17|||20|||114
(|||1|||0|||4|||115
float|||1|||3|||3|||115
(|||23|||6|||2|||115
FLT|||1|||8|||3|||115
(|||45|||10|||6|||115
int|||59|||18|||3|||115
(|||93|||19|||2|||115
float|||32|||22|||3|||115
u_int|||2|||1|||13|||116
=|||9|||2|||18|||116
;|||81|||12|||13|||116
,|||80|||17|||14|||116
;|||72|||11|||77|||117
n|||11|||11|||89|||117
int|||36|||11|||101|||117
i|||13|||2|||49|||118
+|||3|||5|||49|||118
=|||27|||6|||44|||118
(|||43|||9|||111|||118
=|||56|||12|||40|||118
val|||3|||17|||44|||118
int|||71|||21|||51|||118
src|||4|||24|||38|||118
cc|||4|||25|||52|||118
->|||1|||1|||39|||119
=|||77|||15|||45|||119
i|||100|||21|||45|||119
++|||23|||21|||46|||119
->|||9|||25|||40|||119
;|||36|||5|||39|||120
float|||16|||10|||25|||120
}|||3|||10|||66|||120
0|||45|||21|||31|||120
settings|||3|||25|||39|||120
char|||1|||0|||6|||121
,|||29|||9|||7|||121
(|||38|||9|||53|||121
1|||6|||9|||61|||121
srslte_simd_cfi_store|||1|||9|||110|||121
*|||48|||14|||5|||121
const|||8|||24|||3|||121
src_end|||1|||24|||20|||121
*|||76|||24|||37|||121
=|||71|||14|||125|||122
(|||59|||13|||33|||123
(|||80|||16|||77|||123
height|||1|||17|||39|||123
*|||72|||23|||51|||123
}|||13|||25|||70|||123
)|||32|||9|||66|||124
{|||20|||9|||67|||124
srslte_simd_cfi_load|||1|||9|||71|||124
n_x|||3|||13|||58|||124
(|||88|||17|||85|||124
r|||1|||9|||101|||125
i|||71|||11|||138|||125
]|||23|||11|||150|||125
int|||11|||4|||41|||126
for|||10|||6|||41|||127
(|||25|||6|||59|||127
argb|||2|||24|||47|||127
;|||1|||0|||23|||128
for|||4|||2|||29|||128
<|||3|||2|||36|||128
#pragma|||1|||6|||30|||128
#pragma|||2|||6|||35|||128
n|||4|||8|||28|||128
=|||33|||8|||36|||128
j|||20|||15|||19|||128
(|||94|||19|||24|||128
j|||38|||22|||18|||128
j|||1|||2|||11|||129
(|||7|||2|||16|||129
c|||1|||6|||16|||129
=|||29|||7|||16|||129
+|||20|||19|||33|||129
;|||70|||11|||59|||130
)|||86|||21|||47|||130
)|||87|||21|||62|||130
>=|||1|||2|||22|||131
[|||5|||3|||54|||131
j|||11|||8|||18|||131
1|||5|||8|||37|||131
(|||35|||9|||37|||131
known_sum|||1|||12|||12|||131
--|||2|||23|||45|||131
+|||2|||5|||35|||132
;|||39|||6|||46|||132
i|||60|||10|||63|||132
)|||101|||25|||54|||132
n|||2|||6|||49|||133
const|||4|||9|||8|||133
SRSLTE_SIMD_CF_SIZE|||5|||9|||132|||133
hi_val|||1|||17|||19|||133
(|||87|||17|||71|||133
height|||4|||17|||92|||133
=|||86|||17|||99|||133
x|||6|||17|||114|||133
is_larger|||3|||12|||60|||134
(|||77|||16|||36|||134
(|||78|||16|||45|||134
The|||1|||16|||54|||134
;|||29|||4|||49|||135
++|||6|||6|||52|||135
SRSLTE_SIMD_F_SIZE|||1|||9|||32|||135
i|||52|||9|||115|||135
i|||59|||10|||54|||135
/|||2|||11|||68|||135
i|||79|||14|||155|||135
for|||28|||15|||42|||135
;|||30|||4|||53|||136
]|||14|||6|||57|||136
chunks|||2|||25|||50|||136
temp_sol|||3|||3|||107|||137
;|||27|||3|||111|||137
;|||172|||25|||92|||137
j|||4|||2|||39|||138
step_sol|||1|||3|||12|||138
,|||56|||14|||11|||138
,|||65|||16|||6|||138
PPCG|||1|||25|||6|||138
i|||16|||3|||43|||139
SRSLTE_IS_ALIGNED|||1|||9|||36|||139
int|||50|||14|||46|||139
float|||28|||19|||48|||139
)|||45|||11|||143|||140
boxes|||2|||11|||147|||140
;|||115|||15|||30|||140
start|||3|||19|||32|||140
col|||1|||11|||72|||141
n_x|||2|||13|||54|||141
;|||148|||19|||86|||141
(|||111|||24|||55|||141
%|||1|||11|||75|||142
r_|||1|||15|||14|||142
j|||32|||19|||84|||142
(|||105|||23|||3|||143
1|||17|||23|||29|||143
2.0f|||1|||6|||71|||144
side|||4|||11|||69|||144
=|||46|||11|||73|||144
n|||10|||11|||84|||144
(|||112|||24|||56|||144
ptr_double|||1|||13|||62|||145
0|||10|||3|||65|||146
*|||12|||5|||57|||146
;|||41|||6|||72|||146
for|||17|||10|||67|||146
(|||118|||25|||62|||147
(|||119|||25|||73|||148
<|||30|||25|||94|||148
is_larger|||1|||12|||9|||149
int|||80|||24|||8|||149
for|||22|||13|||30|||150
width|||1|||17|||37|||150
while|||1|||23|||42|||150
y|||1|||6|||20|||151
ENDCOM|||2|||6|||40|||151
=|||28|||6|||58|||151
0|||26|||12|||19|||151
is_larger|||2|||12|||21|||151
i|||1|||0|||27|||152
omp|||1|||6|||31|||152
sum|||1|||10|||26|||152
=|||49|||11|||103|||152
(|||68|||14|||108|||152
;|||123|||16|||103|||152
;|||152|||21|||32|||152
while|||2|||24|||26|||152
ENDCOM|||7|||14|||23|||153
[|||27|||14|||33|||153
long|||3|||14|||55|||153
;|||106|||14|||106|||153
cc|||1|||25|||23|||154
,|||5|||3|||17|||155
,|||10|||4|||17|||155
*|||74|||24|||12|||155
;|||33|||5|||16|||156
cols|||2|||5|||26|||156
value|||2|||7|||27|||156
for|||13|||8|||33|||156
dw|||1|||4|||85|||157
defvert_find_index|||1|||4|||94|||157
;|||74|||11|||87|||157
i|||10|||2|||17|||158
[|||3|||2|||48|||158
,|||28|||8|||17|||158
(|||31|||8|||21|||158
{|||40|||15|||12|||158
if|||7|||16|||117|||158
]|||29|||19|||46|||158
i|||99|||21|||41|||158
i|||55|||10|||23|||159
0|||27|||12|||27|||159
x_size|||1|||13|||21|||159
j|||25|||16|||31|||159
=|||11|||3|||40|||160
i|||34|||6|||47|||160
i|||73|||12|||39|||160
i|||44|||8|||22|||161
1|||13|||13|||95|||161
,|||55|||14|||8|||161
,|||71|||16|||38|||161
cdir|||1|||14|||142|||162
dvert|||2|||4|||71|||163
<|||9|||9|||56|||163
0|||33|||14|||89|||164
0|||40|||17|||88|||164
ordered|||1|||12|||35|||165
if|||6|||16|||44|||165
rand_d|||2|||19|||43|||165
]|||12|||4|||81|||166
dv|||2|||4|||96|||166
i|||49|||9|||63|||166
n|||7|||10|||75|||166
int|||39|||12|||5|||167
int|||57|||17|||0|||167
MRIaccumulateMaskedMeansAndVariances|||1|||17|||1|||167
MRI|||1|||17|||3|||167
,|||78|||17|||6|||167
float|||22|||17|||15|||167
;|||143|||19|||47|||168
j|||33|||21|||52|||168
=|||21|||4|||86|||169
SRSLTE_SIMD_CF_SIZE|||4|||9|||65|||169
}|||4|||12|||75|||169
=|||60|||12|||78|||169
)|||56|||14|||65|||169
<|||18|||14|||84|||169
xpp|||4|||14|||138|||169
;|||146|||19|||66|||169
{|||58|||21|||72|||169
void|||8|||8|||0|||170
07267|||1|||10|||0|||170
void|||15|||16|||0|||170
side|||1|||11|||17|||171
side|||5|||11|||76|||171
++|||11|||11|||88|||171
;|||75|||11|||100|||171
(|||14|||3|||38|||172
,|||14|||4|||33|||172
(|||22|||5|||62|||172
ENDCOM|||3|||9|||33|||172
x|||2|||9|||38|||172
FLT_MAX|||1|||10|||34|||172
for|||16|||10|||36|||172
<|||11|||10|||43|||172
omp|||4|||12|||30|||172
realign|||2|||14|||67|||173
nelems|||3|||14|||100|||173
ENDCOM|||9|||14|||148|||173
n_x|||5|||13|||87|||174
(|||83|||16|||118|||174
{|||11|||4|||57|||175
ii|||1|||12|||51|||175
=|||81|||17|||53|||175
mri|||2|||17|||54|||175
*|||27|||11|||29|||176
*|||28|||11|||30|||176
+|||7|||11|||98|||176
=|||8|||2|||12|||177
;|||16|||3|||31|||177
1|||4|||8|||24|||177
int|||30|||11|||22|||177
MAT4|||1|||15|||9|||177
int|||61|||18|||14|||177
i|||94|||21|||14|||177
convert_coco_detections|||1|||11|||1|||178
rows|||6|||19|||4|||178
float|||4|||4|||37|||179
{|||16|||7|||42|||179
=|||40|||10|||32|||179
i|||84|||16|||29|||180
MRI|||5|||17|||25|||180
settings|||2|||25|||29|||180
else|||1|||9|||123|||181
]|||25|||14|||35|||181
mask|||1|||17|||50|||181
<|||28|||24|||29|||181
(|||110|||24|||46|||181
;|||4|||1|||12|||182
generate_v|||1|||3|||32|||182
.|||5|||5|||37|||182
only_objectness|||1|||11|||38|||182
,|||84|||17|||32|||182
=|||88|||18|||16|||182
i|||76|||12|||53|||183
x|||3|||9|||74|||184
{|||26|||11|||91|||184
p_index|||1|||11|||102|||184
=|||64|||13|||83|||184
&&|||7|||14|||86|||184
else|||2|||14|||129|||184
pp|||1|||25|||89|||184
x_size|||2|||13|||56|||185
]|||18|||9|||89|||186
]|||22|||11|||122|||186
chunks|||3|||25|||105|||186
12|||1|||24|||59|||187
(|||36|||9|||42|||188
n_y|||1|||13|||35|||188
;|||92|||13|||42|||188
▁|||2|||16|||57|||188
width|||2|||17|||52|||188
sum|||4|||12|||69|||189
for|||29|||16|||66|||189
==|||7|||21|||69|||189
=|||100|||21|||77|||189
rows|||1|||5|||30|||190
;|||97|||14|||30|||190
[|||28|||14|||164|||190
,|||19|||6|||5|||191
*|||14|||6|||11|||191
(|||61|||14|||2|||191
miIndexedPtr|||1|||23|||4|||191
]|||7|||3|||98|||192
]|||8|||3|||101|||192
num|||5|||11|||97|||192
*|||34|||11|||111|||192
classes|||3|||11|||132|||192
{|||36|||14|||95|||192
Min|||1|||14|||98|||192
data_rows|||2|||16|||101|||192
)|||72|||16|||115|||192
{|||44|||16|||123|||192
,|||91|||17|||106|||192
int|||19|||8|||11|||193
]|||37|||22|||11|||193
*|||33|||11|||107|||194
;|||76|||11|||115|||194
)|||20|||6|||53|||195
n_y|||2|||13|||39|||195
,|||6|||3|||19|||196
,|||23|||6|||21|||196
get_maxnodes|||1|||1|||16|||197
;|||6|||1|||25|||197
val|||1|||3|||20|||197
do_add|||1|||4|||29|||197
=|||19|||4|||60|||197
i|||31|||5|||63|||197
]|||15|||6|||63|||197
{|||22|||10|||21|||197
{|||25|||11|||63|||197
last_i|||1|||12|||25|||197
i|||90|||19|||30|||197
+|||21|||24|||23|||197
(|||4|||1|||17|||198
)|||4|||1|||19|||198
{|||13|||6|||26|||198
int|||24|||10|||22|||198
i|||63|||11|||42|||198
=|||55|||12|||26|||198
int|||45|||13|||23|||198
0|||35|||15|||25|||198
;|||122|||16|||85|||198
rand_r|||1|||19|||15|||198
int|||72|||22|||13|||198
,|||105|||25|||14|||198
]|||10|||4|||64|||199
;|||51|||9|||26|||199
<|||4|||3|||44|||200
++|||5|||4|||55|||200
;|||100|||14|||45|||200
;|||160|||23|||35|||200
}|||5|||12|||76|||201
for|||33|||17|||84|||201
,|||94|||19|||5|||202
,|||95|||19|||8|||202
=|||89|||19|||27|||202
float|||27|||19|||40|||202
[|||31|||19|||44|||202
,|||48|||11|||45|||203
0|||28|||13|||37|||203
<|||20|||15|||28|||203
,|||67|||16|||13|||203
pmask|||1|||17|||48|||203
)|||85|||21|||24|||203
j|||34|||21|||56|||203
,|||106|||25|||55|||204
.|||2|||5|||25|||205
=|||3|||0|||47|||206
index|||1|||3|||75|||206
side|||2|||11|||56|||206
i|||66|||11|||61|||206
)|||51|||13|||45|||206
Pixel|||4|||23|||48|||206
y_sol|||1|||3|||60|||207
/|||1|||6|||70|||207
(|||5|||1|||27|||208
float|||3|||4|||31|||208
(|||21|||5|||55|||208
)|||54|||14|||56|||208
]|||2|||0|||46|||209
(|||40|||9|||84|||209
i|||69|||11|||95|||209
int|||37|||11|||124|||209
xdim0_update_halo_kernel3_minus_4_b|||2|||13|||78|||209
settings|||8|||25|||95|||210
paddingSize|||2|||0|||33|||211
int|||4|||3|||15|||211
=|||24|||5|||31|||211
*|||61|||16|||25|||211
*|||75|||24|||18|||211
src_end|||2|||24|||30|||211
for|||42|||25|||20|||211
int|||15|||7|||7|||212
,|||93|||18|||7|||212
{|||49|||18|||11|||212
for|||38|||21|||11|||212
<=|||1|||0|||32|||213
)|||9|||3|||25|||213
;|||61|||10|||24|||213
j|||22|||15|||27|||213
int|||64|||19|||18|||213
;|||141|||19|||29|||213
*|||30|||11|||57|||214
n_y|||3|||13|||43|||214
float|||5|||4|||58|||215
y1|||1|||19|||72|||215
y2|||1|||19|||80|||215
weightvg_update_vg|||1|||4|||1|||216
SS3D_Mtx_Transform|||1|||15|||1|||216
char|||6|||16|||3|||216
{|||54|||21|||4|||216
iterations|||1|||25|||3|||216
+|||15|||12|||72|||217
*|||45|||13|||88|||217
j|||17|||14|||83|||217
#pragma|||8|||14|||145|||217
++|||17|||16|||135|||217
width|||3|||17|||56|||217
;|||134|||17|||75|||217
=|||92|||19|||60|||217
j|||31|||19|||76|||217
uint32_t|||3|||24|||34|||217
||||1|||24|||54|||217
i|||80|||14|||159|||218
{|||39|||14|||162|||218
;|||161|||23|||38|||219
int|||1|||0|||26|||220
0|||50|||25|||117|||220
*|||58|||14|||137|||221
i|||41|||7|||35|||222
j|||23|||15|||32|||222
)|||31|||9|||50|||223
{|||19|||9|||51|||223
<|||12|||10|||74|||223
,|||45|||11|||32|||223
;|||71|||11|||70|||223
\n|||1|||16|||69|||223
;|||132|||17|||63|||223
uint8_t|||2|||24|||42|||223
n_y|||5|||13|||91|||224
z|||9|||17|||109|||224
(|||92|||18|||13|||225
(|||86|||17|||2|||226
*|||62|||17|||4|||226
MRI|||2|||17|||7|||226
mri_dof|||1|||17|||13|||226
;|||136|||17|||89|||226
)|||78|||17|||110|||226
=|||25|||5|||43|||227
i|||35|||6|||51|||227
y|||5|||17|||33|||227
;|||52|||9|||54|||228
vol_flux_x|||1|||13|||63|||228
}|||10|||16|||75|||228
)|||103|||25|||68|||228
index|||3|||3|||109|||229
,|||59|||14|||103|||229
;|||94|||13|||57|||230
for|||32|||17|||70|||230
10|||1|||2|||37|||231
rows|||7|||19|||34|||231
int|||34|||11|||71|||232
=|||68|||14|||68|||232
)|||69|||16|||71|||232
++|||21|||19|||67|||232
j|||30|||19|||68|||232
;|||11|||2|||24|||233
=|||23|||5|||23|||233
dataBlockSize|||2|||0|||19|||234
)|||6|||2|||27|||234
0|||17|||7|||17|||234
,|||30|||9|||12|||234
int|||23|||10|||11|||234
thresh|||1|||11|||26|||234
data_cols|||1|||16|||15|||234
0|||12|||3|||81|||235
]|||9|||3|||110|||235
vol_flux_x_p|||2|||13|||66|||235
ni|||2|||14|||96|||235
fields_to_exchange|||1|||25|||79|||235
=|||111|||25|||83|||235
(|||120|||25|||87|||235
?|||2|||4|||88|||236
P2|||1|||16|||81|||236
,|||24|||7|||6|||237
y|||2|||9|||11|||237
VEC4|||2|||15|||6|||237
[|||30|||18|||5|||237
(|||96|||20|||3|||237
{|||59|||22|||16|||237
*|||71|||23|||8|||237
for|||25|||14|||77|||238
;|||131|||17|||57|||238
MDeformWeight|||1|||4|||10|||239
restrict|||1|||13|||6|||239
characters|||1|||0|||1|||240
static|||1|||1|||1|||240
(|||10|||3|||2|||240
time_step|||1|||3|||4|||240
*|||5|||4|||4|||240
(|||33|||9|||2|||240
void|||12|||13|||1|||240
int|||67|||20|||1|||240
cf_t|||2|||9|||13|||241
;|||82|||12|||16|||241
int|||43|||13|||15|||241
tmp|||3|||14|||126|||241
z|||2|||9|||15|||242
len|||1|||9|||19|||242
i|||47|||9|||23|||242
&&|||3|||9|||40|||242
[|||20|||9|||87|||242
;|||54|||9|||79|||243
(|||53|||11|||137|||243
j|||19|||14|||102|||243
LOOPCNT|||3|||14|||104|||243
{|||37|||14|||111|||243
,|||60|||14|||115|||243
MRIvox|||1|||17|||101|||243
;|||140|||17|||121|||243
ppcg_inner_steps|||1|||25|||97|||243
1|||18|||25|||109|||243
float|||11|||6|||22|||244
1|||8|||12|||23|||244
)|||53|||14|||15|||244
(|||65|||14|||69|||245
cxp|||2|||14|||70|||245
)|||63|||14|||161|||245
const|||13|||24|||65|||245
&|||4|||9|||112|||246
z|||4|||9|||113|||246
0|||34|||14|||153|||246
ni|||4|||14|||157|||246
&&|||4|||9|||45|||247
int|||66|||19|||58|||247
0|||18|||7|||33|||248
=|||57|||12|||52|||248
;|||88|||12|||54|||248
omp|||5|||12|||56|||248
ordered|||2|||12|||57|||248
ENDCOM|||5|||12|||58|||248
{|||29|||12|||59|||248
is_larger|||4|||12|||67|||248
(|||79|||16|||52|||248
;|||12|||2|||34|||249
j|||12|||8|||35|||249
P|||3|||0|||41|||250
rows|||4|||5|||48|||250
i|||33|||6|||43|||250
)|||41|||11|||39|||250
ni|||1|||14|||29|||250
LOOPCNT|||1|||14|||34|||250
(|||74|||15|||22|||250
float|||24|||17|||43|||250
cc|||3|||25|||34|||250
void|||2|||1|||2|||251
401|||1|||10|||2|||251
inner|||1|||25|||2|||251
;|||9|||2|||14|||252
*|||16|||6|||19|||252
,|||96|||19|||12|||252
(|||113|||25|||10|||252
,|||22|||6|||17|||253
,|||34|||10|||10|||253
,|||42|||11|||21|||253
_SX|||1|||14|||18|||253
=|||66|||14|||48|||253
,|||81|||17|||17|||253
*|||70|||19|||19|||253
(|||98|||21|||12|||253
++|||25|||23|||53|||253
0|||23|||11|||52|||254
0|||31|||14|||49|||254
xpp|||2|||14|||64|||254
;|||163|||23|||54|||254
dws|||1|||4|||13|||255
int|||27|||11|||13|||255
i|||7|||1|||32|||256
,|||11|||4|||22|||256
,|||50|||13|||13|||256
)|||50|||13|||25|||256
uint|||1|||14|||12|||256
*|||64|||17|||12|||256
{|||50|||19|||22|||256
++|||1|||0|||38|||257
&&|||1|||1|||35|||257
if|||1|||2|||43|||257
time_step|||3|||3|||34|||257
)|||65|||15|||33|||257
=|||98|||21|||38|||257
[|||39|||22|||5|||257
true|||1|||25|||84|||257
stencil_size|||1|||3|||85|||258
:|||2|||4|||93|||258
y|||8|||17|||94|||259
int|||10|||4|||34|||260
,|||46|||11|||36|||260
y_size|||1|||13|||24|||260
(|||69|||14|||113|||260
;|||142|||19|||35|||260
int|||78|||23|||36|||260
;|||168|||25|||32|||260
<|||10|||9|||129|||261
for|||9|||6|||37|||262
)|||82|||19|||69|||262
realign|||1|||14|||47|||263
printf|||1|||16|||51|||263
=|||63|||13|||64|||264
++|||18|||17|||81|||264
for|||2|||1|||26|||265
,|||13|||4|||30|||265
vals|||1|||5|||42|||265
int|||20|||8|||15|||265
;|||85|||12|||28|||265
{|||30|||13|||26|||265
;|||112|||15|||15|||265
++|||20|||19|||36|||265
)|||89|||22|||15|||265
)|||29|||9|||44|||266
void|||13|||14|||4|||266
cube_s|||1|||20|||2|||266
short|||1|||20|||4|||266
a|||5|||20|||5|||266
)|||83|||20|||6|||266
[|||42|||25|||51|||267
FORTRAN|||1|||25|||67|||267
i|||25|||4|||54|||268
*|||10|||4|||67|||268
int|||54|||16|||17|||269
*|||78|||25|||16|||269
0|||21|||10|||40|||270
)|||68|||16|||49|||270
{|||66|||25|||45|||270
*|||37|||11|||139|||271
.|||9|||11|||151|||271
+|||14|||11|||161|||271
=|||31|||7|||32|||272
<|||8|||7|||36|||272
;|||89|||12|||68|||272
"|||3|||16|||53|||272
d|||1|||16|||92|||272
=|||79|||16|||127|||272
0|||48|||25|||25|||273
nodes|||4|||3|||93|||274
i|||50|||9|||76|||274
side|||6|||11|||104|||274
n|||13|||11|||114|||274
0|||49|||25|||91|||274
;|||19|||3|||48|||275
num|||2|||4|||52|||275
i|||26|||4|||63|||275
=|||41|||10|||39|||275
i|||58|||10|||47|||275
i|||68|||11|||74|||275
=|||67|||14|||53|||275
;|||111|||14|||158|||275
i|||83|||15|||44|||275
==|||5|||16|||47|||275
]|||30|||19|||54|||275
const|||12|||24|||41|||275
)|||100|||25|||44|||275
else|||3|||25|||60|||275
largest|||1|||10|||31|||276
i|||57|||10|||42|||276
=|||43|||10|||70|||276
*|||59|||16|||4|||276
\n|||3|||16|||96|||276
<|||21|||16|||131|||276
0|||6|||2|||23|||277
float|||23|||17|||18|||277
hist|||1|||19|||20|||277
Pixel|||1|||23|||1|||278
count|||1|||1|||22|||279
matrix|||4|||5|||17|||279
;|||35|||5|||27|||279
for|||19|||11|||78|||279
)|||43|||11|||90|||279
i|||37|||6|||62|||280
(|||47|||10|||51|||280
largest|||2|||10|||57|||280
)|||94|||24|||50|||280
==|||2|||9|||31|||281
parallel|||3|||13|||29|||281
;|||147|||19|||78|||282
#pragma|||5|||12|||55|||283
opened|||1|||16|||64|||283
%|||6|||21|||67|||283
[|||19|||9|||75|||284
=|||38|||9|||102|||284
->|||8|||25|||30|||284
*|||2|||1|||6|||285
0|||4|||2|||8|||285
int|||3|||2|||10|||285
i|||39|||7|||15|||285
char|||3|||7|||19|||285
{|||35|||14|||16|||285
len|||4|||18|||9|||285
+|||18|||13|||86|||286
;|||125|||16|||129|||286
mri_mask|||2|||17|||103|||286
,|||90|||17|||104|||286
0|||41|||17|||105|||286
(|||41|||9|||96|||287
;|||59|||9|||127|||287
*|||38|||11|||144|||287
}|||9|||14|||140|||287
0|||38|||16|||142|||287
)|||23|||7|||26|||288
NULL|||1|||16|||48|||288
▁|||4|||16|||61|||288
,|||73|||16|||89|||288
for|||30|||16|||124|||288
]|||4|||3|||56|||289
float|||13|||10|||7|||289
rand_r|||2|||19|||51|||289
float|||29|||19|||71|||289
0|||1|||1|||0|||290
void|||5|||4|||0|||290
void|||7|||7|||0|||290
void|||11|||11|||0|||290
int|||38|||12|||0|||290
function|||1|||13|||0|||290
void|||16|||18|||0|||290
void|||17|||19|||0|||290
void|||19|||22|||0|||290
Performs|||1|||25|||0|||290
{|||9|||3|||90|||291
(|||19|||5|||2|||291
,|||17|||5|||12|||291
m1|||2|||5|||24|||291
calloc|||1|||5|||44|||291
{|||51|||19|||39|||291
=|||84|||17|||73|||292
}|||14|||25|||71|||292
)|||10|||3|||30|||293
for|||5|||3|||37|||293
=|||12|||3|||57|||293
[|||7|||3|||68|||293
;|||25|||3|||86|||293
[|||8|||3|||96|||293
srslte_simd_cf_mul|||1|||9|||103|||294
(|||42|||9|||104|||294
loopcnt=LOOPCNT|||1|||14|||143|||294
do_rem|||1|||4|||35|||295
.|||4|||5|||33|||295
,|||32|||9|||106|||295
)|||38|||10|||20|||295
*|||29|||11|||34|||295
[|||25|||11|||148|||295
j|||21|||15|||23|||295
mri_std|||1|||17|||27|||295
doors|||2|||21|||26|||295
;|||158|||23|||25|||295
=|||106|||24|||21|||295
;|||77|||11|||123|||296
0|||36|||16|||121|||296
;|||154|||21|||44|||296
*|||43|||13|||73|||297
w|||2|||11|||20|||298
side|||8|||11|||127|||299
side|||9|||11|||129|||299
major|||2|||16|||119|||299
)|||73|||16|||122|||299
+=|||1|||9|||64|||300
rcpb|||2|||9|||107|||300
;|||57|||9|||109|||300
shortloop|||1|||14|||147|||300
j|||6|||3|||18|||301
const|||1|||4|||18|||301
restrict|||2|||13|||11|||301
#if|||2|||14|||17|||301
unsigned|||1|||0|||5|||302
=|||2|||0|||28|||303
;|||2|||0|||30|||303
(|||12|||3|||28|||303
(|||27|||7|||24|||303
(|||32|||8|||34|||303
float|||20|||11|||28|||303
i|||87|||16|||134|||303
++|||16|||15|||31|||304
&|||6|||17|||100|||304
a|||4|||9|||105|||305
ushort|||3|||14|||134|||305
=|||73|||14|||152|||306
i|||81|||14|||165|||306
(|||76|||16|||2|||307
,|||69|||16|||19|||307
FindBestGray|||1|||23|||2|||307
<|||6|||4|||51|||308
SRSLTE_IS_ALIGNED|||3|||9|||46|||308
i|||48|||9|||55|||308
0|||29|||13|||52|||308
0xf0|||1|||24|||52|||308
0|||13|||4|||48|||309
<|||15|||12|||44|||309
for|||24|||13|||47|||309
(|||116|||25|||47|||309
0|||14|||5|||15|||310
m|||2|||5|||20|||310
)|||98|||25|||18|||310
;|||24|||3|||82|||311
->|||3|||3|||94|||311
]|||17|||9|||77|||311
srslte_simd_f_rcp|||1|||9|||95|||311
=|||70|||14|||97|||311
int|||82|||25|||88|||311
)|||11|||3|||35|||312
;|||63|||10|||35|||312
int|||49|||14|||41|||312
{|||56|||21|||48|||312
int|||74|||23|||11|||312
9|||1|||0|||35|||313
*|||60|||16|||8|||313
,|||74|||16|||98|||313
,|||77|||16|||113|||313
==|||6|||16|||120|||313
data_rows|||3|||16|||132|||313
parallel|||2|||12|||31|||314
7|||1|||14|||72|||314
)|||37|||9|||119|||315
;|||58|||9|||120|||315
simd_f_t|||2|||9|||92|||316
*|||46|||13|||92|||316
;|||103|||14|||76|||316
)|||61|||14|||122|||316
;|||107|||14|||123|||316
xp|||2|||14|||124|||316
*|||57|||14|||135|||316
)|||62|||14|||136|||316
(|||84|||16|||125|||316
width|||4|||17|||120|||316
*|||1|||0|||7|||317
dataBlockSize|||1|||0|||11|||317
dataBlockSize|||3|||0|||43|||317
[|||26|||11|||156|||318
(|||71|||14|||150|||318
i|||78|||14|||151|||318
y|||4|||9|||86|||319
(|||90|||17|||113|||319
;|||38|||6|||29|||320
c|||4|||7|||22|||320
+|||1|||0|||44|||321
;|||165|||24|||40|||321
,|||7|||4|||6|||322
*|||7|||4|||12|||322
*|||13|||6|||7|||322
,|||20|||6|||9|||322
(|||30|||8|||2|||322
square|||1|||11|||14|||322
update_halo_kernel3_minus_4_b_c_wrapper|||1|||13|||2|||322
xpp|||1|||14|||7|||322
,|||58|||14|||28|||322
int|||53|||16|||14|||322
void|||21|||25|||8|||322
i|||3|||0|||37|||323
,|||36|||10|||16|||323
)|||40|||10|||58|||323
,|||54|||13|||96|||323
*|||36|||11|||130|||324
+|||12|||11|||141|||324
=|||39|||10|||27|||325
i|||98|||21|||37|||325
[|||24|||11|||120|||326
}|||6|||13|||79|||326
*|||55|||14|||116|||326
const|||7|||14|||3|||327
(|||64|||14|||59|||327
&|||7|||24|||51|||327
{|||1|||0|||16|||328
*|||9|||4|||25|||328
int|||14|||6|||27|||328
=|||75|||15|||24|||328
[|||36|||21|||27|||328
i|||11|||2|||21|||329
(|||73|||15|||2|||330
ar|||1|||18|||4|||330
int|||62|||19|||3|||330
i|||61|||10|||69|||331
)|||49|||12|||65|||331
%|||2|||14|||74|||331
i|||45|||8|||26|||332
SRSLTE_IS_ALIGNED|||2|||9|||41|||332
;|||128|||17|||42|||332
]|||38|||23|||24|||332
==|||1|||2|||46|||333
[|||21|||9|||114|||333
for|||23|||13|||32|||333
nodes|||2|||1|||34|||334
{|||5|||2|||28|||334
<=|||2|||8|||27|||334
4|||1|||11|||145|||334
(|||91|||18|||2|||334
(|||103|||22|||2|||334
int|||73|||22|||17|||334
int|||7|||4|||15|||335
,|||49|||13|||8|||335
mri_mask|||1|||17|||9|||335
,|||103|||24|||7|||335
(|||2|||0|||25|||336
m|||3|||5|||28|||336
=|||34|||9|||24|||336
}|||2|||9|||122|||337
u_int|||1|||1|||10|||338
count|||2|||5|||13|||338
[|||11|||4|||62|||339
;|||109|||14|||139|||339
<|||19|||14|||156|||339
dvert|||1|||4|||5|||340
matrix|||3|||5|||6|||340
float|||7|||6|||6|||340
out|||1|||15|||4|||340
{|||2|||0|||40|||341
check_udpdata|||1|||7|||1|||341
write_graphics|||1|||16|||1|||341
;|||64|||10|||41|||342
i|||64|||11|||50|||342
(|||100|||21|||50|||342
padding|||1|||0|||0|||343
matrix|||1|||5|||0|||343
static|||2|||23|||0|||343
the|||1|||25|||1|||343
MDeformVert|||1|||4|||3|||344
*|||20|||8|||5|||344
float|||18|||11|||3|||344
for|||12|||8|||20|||345
,|||43|||11|||24|||345
&|||2|||9|||73|||346
=|||37|||9|||94|||346
}|||1|||9|||121|||346
ptr_double|||2|||13|||81|||346
odefun|||1|||3|||1|||347
mset|||1|||8|||1|||347
cf_t|||1|||9|||4|||347
void|||10|||10|||4|||347
start|||1|||19|||7|||347
)|||81|||19|||38|||347
copy0|||1|||22|||1|||347
Pixel|||2|||23|||7|||347
w|||1|||4|||59|||348
for|||14|||9|||52|||348
+|||5|||9|||60|||348
simd_cf_t|||2|||9|||100|||348
)|||36|||9|||108|||348
{|||52|||19|||70|||348
=|||93|||19|||73|||348
=|||94|||19|||81|||348
=|||53|||12|||18|||349
=|||78|||16|||34|||349
[|||15|||6|||55|||350
b|||2|||6|||65|||350
{|||57|||21|||63|||350
CARD32|||1|||23|||55|||350
>>|||1|||24|||48|||350
(|||117|||25|||49|||350
,|||51|||13|||19|||351
simd_cf_t|||1|||9|||68|||352
=|||48|||11|||94|||352
tmp|||4|||19|||88|||352
(|||8|||2|||30|||353
bestDist|||1|||23|||27|||353
;|||167|||25|||26|||353
=|||15|||3|||80|||354
omp|||2|||6|||36|||355
n|||6|||10|||44|||355
++|||9|||10|||46|||355
input|||2|||10|||52|||355
;|||67|||10|||72|||355
boxes|||1|||11|||35|||355
++|||12|||12|||48|||355
;|||118|||16|||32|||356
fid|||2|||16|||33|||356
;|||164|||24|||25|||356
int|||28|||11|||16|||357
=|||47|||11|||81|||357
uint8_t|||1|||24|||11|||358
dst|||1|||24|||13|||358
src|||2|||24|||22|||358
predictions|||1|||11|||5|||359
for|||18|||11|||48|||359
[|||41|||23|||22|||359
uint32_t|||1|||24|||4|||359
)|||92|||24|||14|||359
Settings|||1|||25|||15|||359
ii|||3|||12|||73|||360
"|||1|||16|||39|||360
j|||39|||22|||22|||360
pIndexed|||2|||23|||58|||360
MRI|||4|||17|||21|||361
BUFTYPE|||1|||17|||46|||361
update_global_node_set|||1|||1|||3|||362
int|||2|||2|||5|||362
(|||16|||4|||2|||363
of|||1|||25|||4|||363
i|||18|||3|||55|||364
]|||5|||3|||63|||364
=|||85|||17|||87|||364
y|||9|||17|||107|||364
,|||92|||17|||108|||364
b3d9c82c5f695f932c9f504d2b6a592|||1|||10|||3|||365
data_rows|||1|||16|||12|||365
;|||37|||5|||60|||366
x2|||1|||19|||49|||366
pixels|||3|||23|||52|||366
=|||107|||24|||36|||366
,|||2|||0|||12|||367
z|||1|||6|||24|||367
,|||35|||10|||13|||367
i|||88|||18|||15|||367
*|||69|||19|||14|||367
)|||80|||19|||21|||367
int|||75|||23|||14|||367
->|||10|||25|||64|||368
pp|||2|||25|||93|||368
buffer|||1|||7|||5|||369
{|||15|||7|||13|||369
(|||107|||24|||2|||369
;|||98|||14|||36|||370
int|||63|||19|||6|||370
100|||3|||21|||43|||370
,|||98|||22|||7|||370
{|||14|||6|||34|||371
;|||56|||9|||99|||371
f|||1|||10|||1|||371
,|||53|||13|||77|||371
a|||6|||22|||4|||371
;|||157|||22|||19|||371
i|||24|||4|||50|||372
?|||1|||4|||74|||372
ii|||2|||12|||64|||372
=|||59|||12|||70|||372
(|||63|||14|||58|||372
was|||1|||16|||58|||372
"|||7|||16|||90|||372
%|||4|||16|||94|||372
{|||48|||17|||97|||372
for|||43|||25|||86|||372
;|||8|||2|||9|||373
concat_matrix|||1|||5|||1|||373
matrix|||2|||5|||3|||373
)|||16|||5|||8|||373
(|||58|||13|||3|||373
input|||4|||16|||9|||373
{|||23|||10|||49|||374
{|||28|||12|||50|||374
;|||130|||17|||51|||374
=|||104|||23|||50|||374
++|||26|||24|||39|||374
=|||18|||4|||47|||375
y|||3|||9|||43|||375
++|||13|||13|||44|||375
;|||93|||13|||53|||375
++|||14|||13|||59|||375
)|||52|||13|||60|||375
▁|||3|||16|||59|||375
fid|||4|||16|||78|||375
;|||15|||3|||26|||376
++|||3|||3|||50|||376
-|||2|||3|||102|||376
0|||2|||1|||24|||377
j|||2|||2|||31|||377
,|||83|||17|||24|||377
int|||6|||4|||7|||378
;|||28|||4|||43|||378
for|||7|||4|||44|||378
i|||17|||3|||49|||379
0|||9|||3|||58|||379
i|||8|||1|||36|||380
*|||51|||14|||38|||380
const|||11|||24|||33|||380
int|||76|||23|||26|||381
=|||110|||25|||24|||381
i|||12|||2|||25|||382
)|||19|||6|||25|||382
float|||14|||10|||14|||382
;|||83|||12|||20|||382
for|||27|||15|||21|||382
)|||66|||16|||22|||382
int|||81|||25|||22|||382
internal_count|||1|||3|||47|||383
;|||48|||8|||25|||383
h|||1|||11|||23|||383
nrange|||1|||14|||42|||383
mtx|||1|||15|||10|||383
{|||41|||15|||34|||383
i|||82|||15|||17|||384
=|||102|||23|||20|||384
int|||77|||23|||33|||384
&|||1|||4|||70|||385
i|||27|||4|||77|||385
)|||34|||9|||90|||385
return|||1|||16|||73|||385
settings|||6|||25|||74|||385
++|||15|||14|||160|||386
temp|||1|||10|||15|||387
;|||62|||10|||29|||387
float|||17|||10|||30|||387
,|||12|||4|||27|||388
;|||45|||7|||34|||388
i|||46|||8|||30|||388
,|||57|||14|||26|||388
v|||2|||23|||56|||388
settings|||1|||25|||17|||389
j|||9|||3|||87|||390
i|||21|||3|||97|||390
]|||16|||6|||68|||390
)|||30|||9|||49|||390
(|||66|||14|||78|||390
;|||104|||14|||82|||390
nelems|||2|||14|||85|||390
"|||8|||16|||97|||390
)|||88|||21|||71|||390
=|||10|||2|||32|||391
++|||2|||2|||40|||391
;|||79|||12|||7|||392
,|||63|||15|||8|||392
r|||2|||9|||118|||393
;|||69|||11|||53|||394
i|||65|||11|||54|||394
+|||11|||11|||136|||394
(|||60|||13|||48|||394
=|||72|||14|||132|||394
<|||23|||17|||77|||394
pixels|||1|||23|||9|||395
,|||102|||23|||13|||395
ba|||1|||24|||67|||396
;|||55|||9|||91|||397
mass_flux_x_p|||2|||13|||85|||397
,|||107|||25|||106|||397
settings|||9|||25|||107|||397
int|||83|||25|||114|||397
=|||13|||3|||64|||398
i|||20|||3|||69|||398
;|||66|||10|||65|||398
0|||22|||10|||71|||398
=|||69|||14|||80|||398
0|||32|||14|||81|||398
;|||13|||2|||38|||399
&&|||2|||9|||29|||399
int|||58|||17|||30|||399
]|||19|||9|||116|||400
p_index|||2|||11|||121|||400
xdim1_update_halo_kernel3_minus_4_b|||1|||13|||93|||400
#pragma|||7|||14|||141|||400
for|||31|||16|||138|||400
*|||66|||17|||26|||400
j|||7|||3|||79|||401
;|||78|||11|||146|||401
]|||24|||11|||160|||401
cc|||5|||25|||115|||401
[|||13|||4|||76|||402
omp|||3|||6|||74|||402
{|||32|||13|||61|||402
*|||56|||14|||120|||402
)|||71|||16|||102|||402
0|||42|||17|||116|||402
;|||139|||17|||117|||402
x2|||2|||19|||90|||402
[|||38|||21|||80|||402
halo_update_driver|||1|||25|||103|||402
]|||6|||3|||70|||403
memcpy|||1|||14|||112|||403
tmp|||2|||14|||114|||403
)|||17|||5|||58|||404
i|||32|||6|||28|||404
<|||7|||6|||48|||404
[|||17|||6|||66|||404
probs|||1|||11|||31|||404
(|||52|||11|||131|||404
=|||61|||13|||36|||404
;|||155|||21|||55|||404
)|||97|||24|||63|||404
}|||12|||25|||59|||404
i|||14|||3|||16|||405
num|||1|||4|||16|||405
indices|||1|||4|||21|||405
;|||42|||7|||18|||405
*|||24|||10|||8|||405
n|||5|||10|||12|||405
,|||39|||11|||12|||405
int|||65|||19|||25|||405
{|||60|||23|||17|||405
1|||3|||3|||103|||406
r_|||2|||15|||35|||406
=|||103|||23|||28|||406
dist|||1|||23|||34|||406
--|||1|||2|||26|||407
for|||36|||19|||23|||407
)|||13|||3|||89|||408
[|||9|||3|||99|||408
weights|||1|||4|||26|||408
simd_f_t|||1|||9|||80|||408
)|||58|||14|||94|||408
++|||19|||17|||95|||408
<|||17|||13|||55|||409
fprintf|||3|||16|||104|||409
->|||6|||17|||67|||409
;|||171|||25|||85|||409
+|||19|||13|||90|||410
;|||126|||16|||133|||410
<|||1|||1|||33|||411
(|||13|||3|||33|||411
,|||15|||4|||36|||411
SRSLTE_SIMD_CF_SIZE|||2|||9|||30|||411
{|||65|||25|||36|||411
*|||17|||6|||23|||412
=|||42|||10|||60|||412
\n|||2|||16|||82|||412
{|||45|||16|||137|||412
rand_r|||3|||19|||82|||412
fprintf|||1|||16|||76|||413
{|||67|||25|||69|||413
dr|||1|||23|||37|||414
src|||3|||24|||28|||414
(|||29|||7|||44|||415
if|||4|||10|||50|||415
]|||20|||10|||55|||415
xdim1_update_halo_kernel3_minus_4_b|||2|||13|||97|||415
not|||1|||16|||60|||415
<|||22|||16|||145|||415
(|||95|||19|||57|||415
j|||29|||19|||63|||415
]|||13|||4|||92|||416
j|||18|||14|||91|||416
"|||5|||16|||80|||417
=|||87|||17|||115|||417
i|||96|||21|||23|||417
{|||64|||25|||19|||417
(|||121|||25|||104|||417
i|||38|||6|||67|||418
*|||21|||9|||5|||418
depth|||3|||17|||68|||418
pmask|||2|||17|||98|||418
=|||91|||19|||50|||418
;|||145|||19|||62|||418
rows|||2|||5|||34|||419
in|||1|||8|||12|||419
{|||46|||17|||29|||419
,|||99|||22|||12|||419
num_chunks_per_rank|||1|||25|||31|||419
=|||96|||21|||15|||420
*|||77|||25|||12|||420
*|||8|||4|||20|||421
MDeformVert|||2|||4|||66|||421
=|||5|||1|||23|||422
int|||29|||11|||19|||422
,|||52|||13|||22|||422
uint32_t|||2|||24|||17|||422
num_pixels|||2|||24|||24|||422
cc|||2|||25|||27|||422
paddingChar|||1|||0|||3|||423
real|||1|||3|||6|||423
int|||13|||6|||3|||423
const|||3|||9|||3|||423
[|||12|||4|||72|||424
len|||2|||9|||57|||424
for|||1|||0|||24|||425
nodes|||1|||1|||14|||425
i|||9|||2|||6|||425
temp_sol|||2|||3|||24|||425
m2|||1|||5|||7|||425
buffersize|||1|||7|||8|||425
,|||44|||11|||27|||425
;|||80|||12|||10|||425
i|||72|||12|||15|||425
long|||1|||14|||24|||425
;|||113|||15|||20|||425
int|||60|||18|||8|||425
mri|||4|||17|||66|||426
;|||133|||17|||69|||426
z|||6|||17|||72|||426
(|||26|||7|||2|||427
=|||30|||7|||23|||427
)|||24|||7|||41|||427
temp_sol|||1|||3|||8|||428
,|||26|||8|||7|||428
,|||37|||11|||6|||428
sum|||2|||12|||6|||428
omp|||6|||13|||28|||428
float|||33|||22|||8|||428
pIndexed|||1|||23|||5|||428
++|||4|||3|||88|||429
:|||1|||4|||79|||429
input|||3|||10|||61|||429
(|||51|||11|||79|||429
"|||6|||16|||83|||429
rand_d|||3|||19|||74|||429
argb|||3|||24|||57|||429
)|||96|||24|||60|||429
[|||22|||10|||53|||430
)|||42|||11|||62|||430
{|||31|||13|||46|||430
created|||1|||16|||62|||430
=|||22|||5|||14|||431
.|||1|||5|||21|||431
.|||8|||5|||51|||431
;|||43|||7|||21|||432
=|||32|||8|||23|||432
(|||114|||25|||21|||432
index|||2|||3|||91|||433
val|||2|||3|||105|||433
num|||6|||11|||112|||433
realign|||3|||14|||109|||433
)|||60|||14|||110|||433
,|||61|||14|||118|||433
}|||8|||14|||128|||433
xp|||3|||14|||131|||433
=|||44|||11|||51|||434
;|||91|||13|||38|||434
y_size|||2|||13|||41|||434
int|||56|||16|||28|||435
=|||26|||5|||64|||436
]|||26|||14|||166|||436
x|||7|||17|||118|||436
#pragma|||3|||6|||73|||437
check_i_islarger2|||1|||12|||62|||437
&|||5|||14|||71|||437
=|||105|||23|||57|||437
node_no|||1|||1|||21|||438
;|||14|||3|||21|||438
#if|||1|||9|||27|||438
float|||15|||10|||17|||438
int|||44|||13|||20|||438
4|||2|||15|||29|||438
{|||8|||3|||52|||439
;|||26|||3|||104|||439
rem_thresh|||1|||4|||38|||439
(|||17|||4|||45|||439
m2|||3|||5|||50|||439
sizeof|||1|||5|||54|||439
;|||40|||6|||50|||439
c|||5|||7|||45|||439
b|||3|||9|||81|||439
\n|||4|||16|||111|||439
;|||156|||21|||59|||439
,|||3|||3|||5|||440
n|||1|||6|||4|||440
*|||18|||7|||4|||440
*|||26|||11|||4|||440
<|||5|||3|||84|||441
0xf|||1|||24|||62|||441
i|||28|||4|||80|||442
(|||70|||14|||133|||442
)|||70|||16|||84|||442
;|||135|||17|||79|||442
float|||30|||19|||79|||442
reset_fields_to_exchange|||1|||25|||72|||442
]|||31|||19|||77|||443
j|||10|||3|||100|||444
;|||65|||10|||45|||444
i|||75|||12|||47|||444
long|||2|||14|||51|||444
[|||32|||19|||52|||444
(|||106|||23|||43|||444
0x80|||1|||0|||22|||445
;|||3|||0|||36|||445
[|||10|||3|||108|||445
*|||31|||11|||96|||445
side|||7|||11|||106|||445
<=|||4|||21|||42|||445
0|||7|||2|||33|||446
)|||7|||2|||41|||446
generate_u|||1|||3|||27|||446
,|||70|||16|||30|||446
=|||62|||13|||51|||447
writing|||1|||16|||68|||447
100000|||1|||19|||65|||447
;|||31|||4|||65|||448
MDeformWeight|||2|||4|||83|||448
{|||7|||3|||14|||449
vol_flux_x_p|||1|||13|||7|||449
tp|||1|||14|||14|||449
gray|||1|||23|||15|||449
,|||104|||24|||10|||449
num|||3|||11|||11|||450
n|||12|||11|||99|||450
float|||21|||11|||116|||450
box_index|||1|||11|||125|||450
i|||77|||14|||25|||451
j|||15|||14|||27|||451
*|||68|||19|||10|||451
,|||25|||7|||9|||452
)|||22|||7|||12|||452
n_x|||1|||13|||50|||453
if|||10|||25|||61|||453
m|||1|||5|||18|||454
,|||97|||19|||16|||454
time_step|||2|||3|||29|||455
height|||2|||17|||58|||455
height|||3|||17|||62|||455
=|||83|||17|||65|||455
y|||7|||17|||90|||455
j|||28|||19|||59|||455
void|||1|||0|||2|||456
)|||8|||3|||13|||456
,|||27|||8|||10|||456
{|||42|||16|||23|||456
]|||28|||18|||6|||456
{|||55|||21|||25|||456
[|||40|||22|||10|||456
solver|||1|||25|||7|||456
;|||7|||1|||31|||457
int|||12|||5|||10|||457
m2|||2|||5|||36|||457
m|||4|||5|||40|||457
rows|||5|||5|||52|||457
,|||21|||6|||13|||458
,|||41|||11|||18|||458
box|||1|||11|||33|||458
*|||40|||13|||10|||458
mass_flux_x_p|||1|||13|||12|||458
zero_array|||1|||18|||1|||458
float|||26|||19|||13|||458
(|||97|||21|||2|||458
Pixel|||3|||23|||18|||458
Chunk|||1|||25|||11|||458
fopen|||1|||16|||35|||459
(|||108|||24|||27|||459
{|||63|||24|||32|||459
=|||108|||24|||44|||459
->|||2|||3|||46|||460
0|||25|||11|||159|||460
run_ppcg_init|||1|||25|||46|||460
i|||89|||19|||26|||461
=|||54|||12|||22|||462
*|||65|||17|||22|||462
*|||22|||9|||10|||463
if|||3|||9|||34|||463
=|||36|||9|||82|||463
)|||79|||18|||10|||463
1|||12|||13|||89|||464
)|||59|||14|||105|||464
)|||1|||0|||15|||465
<=|||3|||21|||19|||465
(|||109|||24|||45|||466
]|||3|||2|||50|||467
+|||9|||11|||113|||467
;|||86|||12|||42|||467
;|||129|||17|||45|||467
1|||16|||21|||54|||467
]|||39|||25|||53|||467
update_ghost_nodes|||1|||3|||22|||468
{|||18|||9|||21|||468
const|||6|||13|||14|||468
[|||1|||0|||18|||469
low_val|||1|||17|||16|||469
;|||18|||3|||42|||470
nowait|||1|||6|||39|||470
=|||51|||11|||126|||470
#pragma|||6|||13|||27|||470
xp|||1|||14|||39|||470
for|||40|||21|||49|||470
&&|||5|||12|||66|||471
size_t|||1|||14|||9|||471
;|||20|||3|||59|||472
;|||23|||3|||76|||472
largest|||3|||10|||59|||472
[|||23|||10|||62|||472
)|||55|||14|||63|||472
"|||4|||16|||70|||472
,|||72|||16|||79|||472
(|||81|||16|||87|||472
>>|||2|||24|||58|||472
uint8_t|||3|||24|||66|||472
;|||46|||7|||38|||473
fid|||6|||16|||106|||473
j|||26|||16|||140|||473
(|||49|||11|||2|||474
++|||10|||11|||60|||474
n|||9|||11|||80|||474
int|||35|||11|||92|||474
=|||50|||11|||118|||474
num|||8|||11|||140|||474
*|||25|||10|||18|||475
SIZEOF_USHORT|||1|||14|||22|||475
]|||34|||21|||29|||475
,|||31|||9|||16|||476
)|||27|||9|||20|||476
i|||51|||9|||88|||476
settings|||4|||25|||56|||477
)|||102|||25|||57|||477
(|||24|||6|||42|||478
a|||2|||6|||60|||478
*|||23|||9|||14|||479
int|||21|||9|||18|||479
int|||22|||9|||22|||479
SRSLTE_SIMD_CF_SIZE|||1|||9|||28|||479
(|||34|||9|||35|||479
)|||28|||9|||39|||479
<|||14|||11|||85|||480
fid|||5|||16|||88|||480
y|||6|||17|||86|||480
[|||34|||19|||83|||480
float|||31|||19|||87|||480
paddingSize|||1|||0|||14|||481
(|||6|||2|||2|||481
float|||2|||4|||24|||481
nowait_example2|||1|||6|||1|||481
softmax_array|||1|||10|||5|||481
,|||38|||11|||9|||481
==|||3|||14|||21|||481
,|||66|||16|||10|||481
calc_angles_RR|||1|||19|||1|||481
i|||95|||21|||18|||481
*|||47|||13|||94|||482
cxp|||1|||14|||52|||482
ENDCOM|||8|||14|||144|||482
file|||1|||16|||56|||482
->|||4|||17|||55|||482
{|||4|||2|||4|||483
*|||4|||3|||11|||483
{|||12|||5|||9|||483
float|||9|||6|||14|||483
int|||16|||7|||10|||483
n|||3|||8|||9|||483
{|||17|||8|||14|||483
)|||47|||12|||3|||483
int|||40|||12|||8|||483
VEC4|||3|||15|||13|||483
long|||4|||19|||17|||483
int|||68|||21|||5|||483
101|||1|||21|||8|||483
;|||149|||21|||10|||483
1|||14|||21|||16|||483
100|||2|||21|||20|||483
++|||22|||21|||22|||483
b|||5|||22|||9|||483
nx|||1|||22|||14|||483
(|||104|||22|||21|||483
num|||9|||23|||12|||483
)|||90|||23|||16|||483
best|||1|||23|||19|||483
chunks|||1|||25|||13|||483
g_arrBackGroud|||1|||2|||47|||484
;|||17|||3|||36|||484
{|||10|||4|||40|||484
for|||15|||9|||125|||484
i|||54|||9|||136|||484
private(i)|||1|||12|||34|||484
=|||90|||19|||42|||484
{|||21|||9|||124|||485
;|||60|||9|||135|||485
pixel|||1|||23|||49|||486

;|||21|||3|||66|||488
(|||48|||10|||68|||488
*|||6|||4|||11|||489
float|||12|||9|||9|||489
;|||108|||14|||127|||489
tp|||2|||14|||163|||489
num_pixels|||1|||24|||9|||489
argb|||1|||24|||35|||489
LOOPCNT|||2|||14|||93|||490
nodes|||3|||3|||45|||491
;|||99|||14|||40|||491
m1|||3|||5|||32|||492
(|||37|||9|||47|||492
len|||3|||9|||130|||492
<|||26|||19|||31|||492
1|||15|||21|||39|||492
rg|||1|||24|||43|||492
C|||1|||25|||43|||492
site|||3|||1|||38|||493
1|||2|||2|||45|||493
,|||47|||11|||43|||493
ENDCOM|||6|||13|||31|||493
j|||24|||15|||37|||493
,|||87|||17|||38|||493
int|||33|||11|||64|||494
index|||4|||11|||93|||494
predictions|||2|||11|||119|||494
(|||122|||25|||113|||495
;|||32|||4|||82|||496
(|||62|||14|||54|||496
depth|||2|||17|||64|||496
hv_sol|||1|||3|||67|||497
+=|||2|||9|||137|||497
*|||67|||17|||47|||497
<|||24|||17|||91|||497
for|||37|||19|||56|||497
;|||166|||24|||64|||497
;|||22|||3|||73|||498
c|||2|||6|||54|||498
0|||20|||10|||28|||498
1|||1|||0|||29|||499
+|||16|||13|||67|||499
==|||4|||14|||88|||499
kernel_language|||2|||25|||65|||499
