<<|||3|||3|||59|||0
time_step|||3|||3|||67|||0
m1_rows|||2|||5|||59|||0
<|||21|||11|||73|||0
ii|||3|||12|||69|||0
int|||59|||12|||146|||0
)|||72|||16|||70|||0
blockDim|||30|||21|||71|||0
dv|||2|||4|||113|||1
;|||42|||9|||150|||1
=|||49|||11|||130|||1
n|||112|||12|||114|||1
return|||3|||16|||120|||1
<=|||2|||21|||98|||1
pp|||3|||25|||111|||1
=|||1|||0|||20|||2
blockIdx|||2|||1|||20|||2
blockDim|||36|||25|||22|||2
paddingSize|||1|||0|||13|||3
{|||1|||0|||15|||3
int|||18|||5|||21|||3
last_i|||1|||12|||18|||3
{|||34|||12|||20|||3
,|||65|||14|||12|||3
*|||80|||14|||14|||3
)|||65|||14|||16|||3
*|||133|||25|||5|||4
+|||52|||25|||25|||4
->|||6|||25|||37|||4
}|||26|||25|||70|||4
\|||218|||25|||71|||4
int|||113|||25|||99|||4
)|||128|||25|||123|||4
.|||1|||0|||22|||5
UINT_MAX|||1|||14|||82|||5
(|||79|||16|||62|||5
.|||62|||17|||54|||5
)|||89|||17|||196|||5
;|||103|||17|||197|||5
doors|||7|||21|||192|||5
n|||216|||23|||104|||5
cf_t|||1|||9|||5|||6
,|||68|||15|||7|||6
,|||85|||17|||7|||6
threadIdx|||24|||19|||37|||7
n|||207|||23|||39|||7
]|||13|||5|||73|||8
n|||49|||7|||33|||8
=|||57|||12|||117|||8
}|||14|||12|||128|||8
fid|||1|||16|||76|||8
w|||3|||16|||87|||8
)|||75|||16|||116|||8
"|||5|||16|||131|||8
(|||85|||16|||157|||8
\|||139|||16|||168|||8
100|||4|||21|||185|||8
=|||31|||7|||36|||9
value|||2|||7|||40|||9
[|||28|||10|||74|||9
(|||51|||10|||90|||9
n|||85|||11|||43|||9
=|||56|||12|||95|||9
n|||113|||12|||121|||9
\|||108|||13|||24|||9
n|||142|||16|||73|||9
FILE|||1|||16|||74|||9
,|||76|||16|||85|||9
<|||31|||16|||202|||9
=|||88|||19|||100|||9
toggle_doors|||1|||21|||55|||9
=|||95|||21|||66|||9
(|||117|||21|||182|||9
<|||6|||3|||43|||10
blockDim|||6|||3|||47|||10
int|||46|||11|||53|||10
=|||44|||11|||55|||10
.|||46|||13|||38|||10
n|||121|||13|||42|||10
n|||190|||21|||51|||10
dr|||1|||23|||46|||10
kernel_language|||1|||25|||47|||10
[|||45|||25|||58|||10
i|||3|||2|||44|||11
n|||54|||8|||34|||11
.|||28|||8|||39|||11
blockDim|||21|||16|||34|||11
\|||11|||1|||48|||12
]|||2|||2|||60|||12
(|||24|||6|||48|||12
[|||17|||6|||57|||12
\|||53|||8|||50|||12
(|||30|||8|||53|||12
}|||16|||14|||50|||12
\|||120|||14|||51|||12
++|||7|||15|||58|||12
r|||3|||23|||51|||12
n|||219|||24|||44|||12
(|||109|||21|||3|||13
)|||102|||21|||33|||13
(|||120|||23|||4|||13
(|||7|||2|||3|||14
temp_sol|||1|||3|||9|||14
nowait_example2|||1|||6|||2|||14
float|||18|||10|||4|||14
*|||70|||13|||14|||14
short|||1|||20|||4|||14
low_val|||2|||17|||155|||15
<<|||4|||23|||35|||15
const|||5|||9|||4|||16
simd_f_t|||1|||9|||69|||16
i|||40|||9|||125|||16
n|||130|||14|||45|||16
*|||85|||15|||5|||16
*|||78|||14|||6|||17
,|||71|||16|||7|||17
*|||91|||16|||33|||17
n|||145|||16|||101|||17
,|||23|||5|||17|||18
int|||37|||10|||21|||18
threadIdx|||26|||21|||22|||18
\|||195|||23|||19|||18
0x80|||1|||0|||65|||19
<|||7|||3|||58|||19
i|||28|||6|||69|||19
x|||36|||11|||66|||19
.|||48|||14|||28|||19
n|||174|||19|||60|||19
{|||64|||21|||61|||19
\|||200|||23|||53|||19
n|||59|||8|||73|||20
]|||19|||8|||77|||20
;|||35|||8|||83|||20
\|||56|||8|||84|||20
(|||72|||14|||73|||20
uint|||2|||14|||74|||20
\|||142|||16|||209|||20
n|||154|||16|||210|||20
the|||4|||5|||179|||21
r|||2|||9|||161|||21
=|||75|||16|||198|||21
(|||89|||16|||212|||21
(|||32|||9|||3|||22
ushort|||2|||14|||60|||22
,|||115|||24|||8|||22
+|||51|||24|||25|||22
x|||86|||24|||32|||22
count|||1|||1|||44|||23
generate_u|||1|||3|||42|||23
float|||11|||5|||165|||23
cudaMalloc(&m,|||1|||5|||167|||23
)|||34|||9|||70|||23
]|||23|||9|||126|||23
float|||21|||10|||38|||23
)|||47|||10|||85|||23
printf|||1|||16|||102|||23
.|||71|||19|||34|||23
)|||109|||21|||186|||23
(|||22|||5|||114|||24
\|||99|||12|||113|||24
Min|||1|||14|||80|||24
)|||79|||16|||175|||24
{|||8|||3|||87|||25
[|||21|||8|||78|||25
)|||36|||9|||80|||25
}|||11|||12|||90|||25
check_i_islarger2|||1|||12|||96|||25
=|||96|||21|||94|||25
hv_sol|||1|||3|||108|||26
m1_rows|||4|||5|||100|||26
main|||1|||5|||113|||26
(|||131|||24|||97|||26
(|||4|||0|||72|||27
)|||11|||3|||68|||27
]|||26|||10|||76|||27
{|||49|||16|||71|||27
float|||35|||19|||71|||27
*|||16|||4|||82|||28
idx|||3|||11|||86|||28
100|||2|||21|||85|||28
settings|||6|||25|||86|||28
Allocate|||1|||5|||158|||29
m\n|||1|||5|||164|||29
i|||38|||9|||96|||29
(|||41|||9|||107|||29
[|||25|||9|||124|||29
\|||67|||9|||164|||29
n|||101|||11|||173|||29
n|||198|||21|||141|||29
(|||5|||1|||3|||30
test_omp_parallel_for_ordered|||1|||12|||2|||30
(|||69|||14|||3|||30
char|||5|||16|||4|||30
if|||3|||0|||71|||31
&&|||7|||12|||100|||31
(|||106|||19|||151|||31
)|||107|||21|||130|||31
n|||218|||24|||35|||31
num_pixels|||2|||24|||40|||31
*|||36|||9|||11|||32
,|||56|||12|||11|||32
;|||75|||14|||47|||32
data_rows|||1|||16|||13|||32
=|||72|||16|||46|||32
x|||68|||21|||16|||32
Pixel|||1|||23|||8|||32
.|||38|||11|||61|||33
int|||44|||11|||38|||34
,|||54|||11|||48|||34
n|||89|||11|||82|||34
int|||47|||11|||83|||34
n|||92|||11|||103|||34
n|||95|||11|||116|||34
,|||22|||5|||13|||35
n|||37|||5|||89|||35
[|||16|||5|||97|||35
=|||23|||5|||136|||35
m2[]|||1|||5|||143|||35
{5,|||1|||5|||145|||35
2;\n\n|||2|||5|||156|||35
*|||22|||5|||171|||35
ii|||2|||12|||54|||35
]|||32|||19|||67|||35
*|||65|||12|||102|||36
is_larger|||3|||12|||103|||36
n_x|||4|||13|||84|||36
\|||169|||19|||155|||36
n|||181|||19|||156|||36
m1_rows|||3|||5|||83|||37
-|||2|||5|||99|||37
*|||28|||6|||36|||37
n|||99|||11|||144|||37
unsigned|||2|||1|||12|||38
*|||5|||2|||14|||38
{|||18|||7|||14|||38
cf_t|||2|||9|||14|||38
float|||20|||10|||14|||38
data_cols|||1|||16|||16|||38
\|||172|||21|||9|||38
\|||212|||25|||13|||38
,|||55|||12|||7|||39
start|||1|||19|||8|||39
[|||6|||3|||109|||40
+|||17|||9|||93|||40
1|||3|||9|||94|||40
is_larger|||1|||12|||10|||40
a|||6|||22|||6|||41
j|||35|||22|||19|||41
*|||35|||9|||6|||42
classes|||1|||11|||9|||42
sum|||2|||12|||6|||42
input|||5|||16|||10|||42
int|||84|||19|||7|||42
*|||130|||24|||6|||42
index|||4|||0|||62|||43
0|||6|||3|||126|||43
if|||13|||9|||50|||43
scale|||1|||11|||146|||43
n|||107|||12|||59|||43
{|||43|||13|||104|||43
*|||84|||14|||63|||43
if|||27|||17|||151|||43
)|||96|||19|||143|||43
[|||7|||3|||143|||44
matrices|||1|||5|||123|||44
4};\n|||1|||5|||133|||44
1|||4|||12|||149|||44
;|||73|||13|||98|||44
data_cols|||5|||16|||226|||44
)|||99|||19|||162|||44
num|||2|||4|||66|||45
VEC4|||3|||15|||36|||45
;|||108|||19|||87|||45
;|||109|||19|||91|||45
n|||132|||14|||52|||46
const|||10|||14|||53|||46
;|||76|||14|||65|||46
{|||14|||5|||87|||47
>|||11|||12|||76|||47
\|||97|||12|||91|||47
]|||42|||25|||91|||47
settings|||1|||25|||10|||48
<|||4|||2|||49|||49
i|||11|||3|||110|||49
\|||125|||15|||46|||49
ppcg_inner_steps|||1|||25|||108|||49
;|||63|||12|||70|||50
0|||16|||16|||174|||50
n|||1|||0|||17|||51
=|||7|||2|||27|||51
w|||1|||4|||72|||51
x|||20|||7|||26|||51
)|||30|||9|||21|||51
+|||18|||10|||27|||51
\|||116|||14|||18|||51
i|||61|||18|||15|||51
n|||183|||20|||17|||51
n|||204|||22|||17|||51
x|||88|||25|||24|||51
\|||12|||2|||6|||52
(|||46|||9|||175|||52
,|||59|||13|||11|||52
{|||48|||16|||24|||52
n|||139|||16|||26|||52
i|||55|||16|||28|||52
MRI|||5|||17|||26|||52
)|||83|||17|||29|||52
\|||143|||17|||31|||52
mri|||2|||17|||90|||52
z|||9|||17|||100|||52
mask|||3|||17|||157|||52
.|||21|||6|||42|||53
.|||33|||9|||37|||53
\|||72|||10|||43|||53
+|||27|||12|||38|||53
=|||60|||13|||28|||53
nelems|||2|||14|||41|||53
;|||78|||15|||38|||53
+|||37|||17|||43|||53
\|||175|||21|||44|||53
(|||119|||22|||3|||54
*|||117|||21|||5|||55
=|||93|||21|||13|||55
j|||10|||8|||58|||56
\|||109|||13|||41|||56
)|||123|||25|||50|||56
{|||77|||25|||51|||56
n|||225|||25|||53|||56
y_sol|||1|||3|||99|||57
dws|||2|||4|||104|||57
(|||40|||9|||86|||57
vol_flux_x_p|||2|||13|||82|||57
+|||29|||13|||83|||57
*|||73|||13|||89|||57
<|||10|||4|||65|||58
;|||57|||11|||142|||58
(|||64|||12|||101|||58
xdim0_update_halo_kernel3_minus_4_b|||2|||13|||96|||58
}|||15|||13|||97|||58
=|||64|||13|||103|||58
>=|||2|||14|||40|||58
(|||73|||14|||77|||58
int|||75|||16|||44|||58
&&|||8|||16|||66|||58
y|||20|||17|||172|||58
=|||91|||19|||129|||58
settings|||7|||25|||106|||58
dataBlockSize|||5|||0|||81|||59
;|||23|||4|||97|||59
n|||102|||11|||179|||59
0|||10|||11|||192|||59
"|||6|||16|||134|||59
major|||2|||16|||172|||59
if|||34|||21|||190|||59
num_chunks_per_rank|||1|||25|||38|||59
x|||23|||8|||27|||60
threadIdx|||9|||8|||29|||60
int|||111|||24|||19|||60
x|||30|||9|||109|||61
}|||8|||9|||166|||61
int|||80|||18|||4|||61
blockIdx|||23|||18|||17|||61
idx|||4|||11|||95|||62
<|||22|||11|||108|||62
*|||49|||11|||121|||62
++|||1|||3|||85|||63
(|||48|||10|||54|||63
n|||79|||10|||57|||63
n_x|||3|||13|||72|||63
rand_d|||2|||19|||64|||63
(|||101|||19|||82|||63
ncx_get_ushort_uint|||1|||14|||2|||64
float|||38|||19|||118|||64
x|||73|||21|||77|||64
<|||19|||10|||56|||65
)|||92|||19|||48|||65
]|||37|||21|||121|||65
)|||124|||25|||63|||65
(|||15|||3|||123|||66
i|||12|||3|||144|||66
predictions|||2|||11|||148|||66
(|||105|||19|||146|||66
*|||136|||25|||133|||66
;|||51|||11|||67|||67
)|||67|||14|||62|||67
.|||64|||17|||62|||67
100|||1|||21|||32|||67
x|||57|||17|||88|||68
->|||4|||17|||97|||68
val|||2|||17|||119|||68
y|||19|||17|||134|||68
z|||10|||17|||136|||68
\|||153|||17|||139|||68
<=|||1|||17|||158|||68
atomicAdd|||1|||17|||181|||68
(|||96|||17|||182|||68
MRIFvox|||1|||17|||184|||68
,|||99|||17|||189|||68
,|||100|||17|||191|||68
int|||31|||8|||12|||69
*|||115|||20|||12|||69
int|||99|||22|||12|||69
0|||19|||17|||132|||70
doors|||3|||21|||59|||70
n|||192|||21|||80|||70
j|||33|||21|||120|||70
2|||1|||21|||132|||70
}|||21|||21|||136|||70
}|||23|||21|||142|||70
n|||200|||21|||147|||70
?|||1|||4|||89|||71
n|||84|||10|||93|||71
|||||1|||17|||93|||71
&&|||1|||0|||78|||72
\|||23|||3|||106|||72
stencil_size|||1|||3|||130|||72
y2|||1|||19|||109|||72
.|||74|||20|||26|||72
{|||6|||2|||52|||73
[|||2|||2|||58|||73
]|||7|||3|||148|||73
;|||81|||15|||57|||73
tid|||9|||19|||57|||73
=|||102|||23|||59|||73
int|||1|||0|||18|||74
n|||6|||0|||59|||74
0|||2|||3|||76|||74
)|||12|||3|||86|||74
*|||46|||11|||59|||74
=|||46|||11|||94|||74
n|||93|||11|||107|||74
idx|||5|||11|||120|||74
*|||55|||11|||170|||74
mri|||5|||17|||168|||75
,|||94|||17|||169|||75
m2_cols|||2|||5|||154|||76
[|||22|||8|||92|||76
;|||93|||16|||200|||76
"|||12|||16|||217|||76
=|||87|||19|||85|||76
(|||137|||25|||80|||76
*|||86|||15|||9|||77
ar|||1|||18|||6|||77
,|||105|||19|||13|||77
float|||41|||22|||8|||77
num_pixels|||1|||24|||10|||77
,|||117|||25|||7|||77
,|||18|||4|||38|||78
*|||21|||5|||37|||78
\|||43|||6|||28|||78
;|||104|||19|||40|||78
.|||77|||21|||19|||78
row|||1|||11|||84|||79
n|||129|||14|||36|||79
threadIdx|||22|||17|||78|||79
\|||30|||4|||79|||80
dw|||1|||4|||102|||80
count|||3|||5|||66|||80
=|||20|||5|||69|||80
;|||97|||17|||81|||80
\|||22|||3|||97|||81
not|||1|||16|||108|||81
opened|||1|||16|||111|||81
)|||112|||23|||101|||81
Pixel|||3|||23|||105|||81
\|||31|||4|||98|||82
n|||213|||23|||86|||82
=|||104|||23|||91|||82
{|||72|||23|||102|||82
.|||4|||1|||17|||83
blockDim|||5|||3|||32|||83
\|||39|||5|||106|||83
*|||110|||19|||32|||83
=|||84|||19|||54|||83
==|||5|||9|||66|||84
sizeof|||2|||9|||67|||84
)|||35|||9|||75|||84
==|||6|||9|||76|||84
i|||39|||9|||111|||84
srslte_simd_f_load|||1|||9|||120|||84
(|||42|||9|||121|||84
\|||64|||9|||129|||84
n|||70|||9|||152|||84
MDeformVert|||1|||4|||4|||85
\|||28|||4|||60|||85
float|||23|||11|||4|||85
*|||53|||11|||159|||85
,|||20|||5|||7|||86
m1_rows|||1|||5|||9|||86
int|||16|||5|||11|||86
+|||8|||5|||84|||86
nint|||1|||5|||112|||86
//|||1|||5|||119|||86
int|||24|||5|||153|||86
(m1_rows|||1|||5|||168|||86
the|||3|||5|||175|||86
(|||29|||8|||3|||86
)|||15|||4|||67|||87
sizeof|||3|||9|||77|||87
n|||68|||9|||130|||87
rcpb|||1|||9|||132|||87
j|||25|||19|||88|||87
++|||10|||19|||92|||87
[|||37|||19|||102|||87
uint64_t|||2|||0|||12|||88
,|||29|||6|||18|||88
uint|||1|||14|||13|||88
)|||90|||18|||10|||88
i|||48|||11|||45|||89
\|||80|||11|||51|||89
&|||9|||24|||92|||90
{|||20|||8|||15|||91
{|||61|||20|||15|||91
{|||70|||22|||15|||91
dist|||1|||23|||41|||91
)|||120|||24|||94|||91
x_sol|||1|||3|||90|||92
[|||5|||3|||100|||92
0|||4|||3|||104|||92
n|||25|||3|||121|||92
n|||96|||11|||124|||92
=|||52|||11|||186|||92
;|||87|||16|||121|||92
"|||9|||16|||160|||92
threadIdx|||28|||21|||175|||92
for|||14|||25|||97|||92
<|||11|||5|||58|||93
n|||46|||6|||55|||93
=|||29|||6|||60|||93
==|||7|||12|||63|||93
int|||88|||19|||83|||93
blockIdx|||27|||21|||67|||93
gridDim|||4|||23|||81|||93
int|||82|||18|||14|||94
;|||22|||4|||78|||95
n|||32|||5|||30|||95
i|||36|||9|||26|||95
*|||38|||9|||31|||95
y|||9|||9|||64|||95
)|||62|||13|||22|||95
tid|||4|||14|||39|||95
int|||68|||15|||19|||95
float|||34|||19|||61|||95
x|||87|||25|||20|||95
*|||135|||25|||21|||95
,|||60|||13|||16|||96
\|||196|||23|||29|||96
n|||206|||23|||30|||96
<|||20|||10|||92|||97
0|||12|||12|||77|||97
;|||66|||12|||119|||97
\|||104|||12|||131|||97
i|||16|||4|||92|||98
]|||10|||4|||96|||98
"|||3|||16|||104|||98
float|||36|||19|||98|||98
j|||27|||19|||103|||98
100|||3|||21|||99|||98
\|||206|||23|||103|||98
argb|||4|||24|||88|||98
0|||26|||24|||90|||98
||||2|||24|||95|||98
\|||21|||3|||88|||99
)|||19|||5|||86|||99
\|||132|||16|||91|||99
1|||9|||21|||95|||99
n|||194|||21|||106|||99
\|||191|||21|||179|||99
=|||62|||13|||65|||100
{|||42|||13|||81|||100
z|||7|||17|||76|||100
+|||39|||17|||77|||100
.|||91|||23|||82|||100
concat_matrix|||1|||5|||2|||101
check_udpdata|||1|||7|||2|||101
softmax_array|||1|||10|||2|||101
zero_array|||1|||18|||2|||101
cube_s|||1|||20|||2|||101
{|||36|||12|||79|||102
*|||93|||16|||75|||102
"|||1|||16|||86|||102
m1|||3|||5|||124|||103
=|||36|||9|||105|||103
;|||43|||9|||163|||103
==|||10|||21|||112|||103
{|||67|||21|||115|||103
\|||184|||21|||134|||103
\|||192|||21|||188|||103
\|||223|||25|||125|||103
;|||1|||0|||32|||104
x|||8|||2|||34|||104
=|||13|||3|||139|||104
float|||4|||4|||39|||104
blockDim|||9|||5|||38|||104
n|||43|||6|||29|||104
simd_cf_t|||2|||9|||79|||104
x|||33|||10|||34|||104
n|||97|||11|||127|||104
+|||24|||11|||167|||104
\|||160|||19|||41|||104
x|||69|||21|||20|||104
num|||10|||23|||13|||104
x|||85|||24|||28|||104
defvert_find_index|||1|||4|||111|||105
<|||17|||9|||89|||105
>=|||4|||17|||95|||105
\|||148|||17|||107|||105
\|||165|||19|||96|||105
;|||110|||19|||105|||105
\|||54|||8|||63|||106
*|||83|||14|||61|||106
int|||79|||17|||67|||106
z|||5|||17|||68|||106
n|||180|||19|||126|||106
i|||69|||21|||83|||106
*|||6|||2|||31|||107
char|||3|||7|||34|||107
\|||102|||12|||126|||107
sum|||4|||12|||140|||107
;|||86|||16|||117|||107
fprintf|||3|||16|||156|||107
blockDim|||27|||19|||33|||107
start|||2|||19|||55|||107
>|||12|||19|||160|||107
*|||122|||21|||158|||107
MRIaccumulateMaskedMeansAndVariancesKernel|||1|||17|||2|||108
{|||4|||1|||8|||109
,|||32|||7|||10|||109
temp|||1|||10|||12|||109
)|||101|||21|||7|||109
*|||134|||25|||9|||109
;|||135|||25|||76|||109
do_rem|||1|||4|||37|||110
{|||10|||4|||42|||110
=|||40|||10|||23|||110
(|||55|||11|||162|||110
n|||104|||12|||27|||110
{|||39|||13|||23|||110
\|||124|||15|||39|||110
x|||53|||17|||34|||110
.|||72|||19|||38|||110
int|||105|||23|||45|||110
blockIdx|||31|||24|||26|||110
mri|||3|||17|||96|||111
float|||30|||17|||118|||111
mri_mask|||2|||17|||130|||111
(|||11|||3|||36|||112
n|||61|||8|||90|||112
mri_std|||1|||17|||28|||112
\|||197|||23|||38|||112
SRSLTE_SIMD_CF_SIZE|||4|||9|||98|||113
)|||38|||9|||99|||113
;|||56|||11|||125|||113
,|||62|||13|||93|||113
n|||147|||16|||123|||113
tmp|||1|||19|||119|||113
=|||90|||19|||120|||113
\|||168|||19|||125|||113
,|||26|||6|||6|||114
blockIdx|||7|||6|||33|||114
z|||3|||9|||74|||114
1|||5|||13|||86|||114
a|||5|||20|||6|||114
*|||126|||22|||24|||114
weights|||1|||4|||28|||115
do_add|||1|||4|||31|||115
i|||67|||21|||39|||115
bestDist|||1|||23|||32|||115
0|||27|||25|||102|||115
threadIdx|||6|||5|||42|||116
blockIdx|||26|||21|||14|||116
x_size|||2|||13|||48|||117
ptr_double|||1|||13|||78|||117
vol_flux_x|||1|||13|||79|||117
1|||8|||13|||115|||117
idx|||10|||24|||51|||117
P|||1|||0|||7|||118
m1|||1|||5|||6|||118
input|||2|||10|||6|||118
(|||58|||12|||3|||118
const|||9|||14|||4|||118
*|||89|||16|||5|||118
++|||8|||16|||190|||118
(|||91|||17|||3|||118
int|||83|||19|||4|||118
)|||1|||0|||14|||119
i|||2|||2|||9|||119
*|||26|||6|||20|||119
)|||54|||12|||19|||119
tp|||1|||14|||15|||119
int|||74|||16|||27|||119
\|||158|||18|||12|||119
long|||1|||19|||18|||119
n|||13|||2|||24|||120
add_thresh|||1|||4|||34|||120
n|||30|||4|||80|||120
*|||30|||7|||23|||120
\|||146|||17|||82|||120
.|||76|||21|||15|||120
=|||110|||25|||17|||120
,|||10|||4|||7|||121
update_halo_kernel3_minus_4_b_c_wrapper|||1|||13|||2|||121
float|||2|||4|||26|||122
int|||43|||11|||23|||122
{|||31|||11|||41|||122
threadIdx|||13|||11|||64|||122
x|||42|||13|||35|||122
=|||68|||15|||21|||122
float|||29|||17|||19|||122
(|||100|||19|||44|||122
}|||20|||21|||49|||122
i|||4|||2|||59|||123
j|||3|||2|||62|||123
(|||25|||6|||61|||123
if|||11|||8|||52|||123
(|||31|||8|||66|||123
n|||80|||10|||61|||123
]|||25|||10|||67|||123
}|||10|||10|||80|||123
n|||131|||14|||49|||123
\|||129|||16|||59|||123
;|||105|||19|||58|||123
run_ppcg_init|||1|||25|||54|||123
index|||2|||0|||37|||124
[|||11|||4|||91|||124
n|||31|||4|||99|||124
+|||7|||5|||41|||124
.|||29|||8|||43|||124
n|||81|||10|||79|||124
0xf|||1|||24|||77|||124
b|||3|||9|||118|||125
{|||63|||21|||34|||125
(|||34|||9|||53|||126
;|||58|||11|||152|||126
,|||78|||16|||142|||126
cosf|||3|||19|||150|||126
n|||214|||23|||88|||126
settings|||5|||25|||81|||126
}|||1|||0|||48|||127
n|||14|||2|||41|||127
nodes|||2|||3|||80|||127
=|||11|||3|||112|||127
j|||7|||3|||132|||127
n|||34|||5|||54|||127
]|||18|||6|||70|||127
i|||30|||7|||46|||127
.|||30|||8|||47|||127
j|||15|||15|||50|||127
x|||66|||20|||27|||127
+|||50|||23|||63|||127
x|||37|||11|||185|||128
]|||29|||11|||193|||128
n|||152|||16|||178|||128
val|||3|||17|||164|||128
=|||81|||17|||165|||128
(|||118|||21|||191|||128
\|||113|||13|||94|||129
j|||22|||16|||201|||129
,|||83|||16|||214|||129
n|||167|||17|||150|||129
temp|||2|||19|||128|||129
)|||97|||19|||148|||129
*|||113|||19|||149|||129
}|||24|||21|||145|||129
blockIdx|||33|||25|||130|||129
)|||8|||3|||14|||130
{|||7|||3|||15|||130
for|||3|||5|||160|||131
//|||3|||5|||173|||131
to|||1|||5|||177|||131
unsigned|||3|||1|||31|||132
)|||5|||1|||38|||132
blockIdx|||4|||2|||28|||132
(|||107|||19|||158|||132
.|||81|||21|||76|||132
m2_rows|||2|||5|||85|||133
;|||136|||25|||83|||133
y|||8|||9|||12|||134
int|||54|||12|||12|||134
{|||44|||14|||17|||134
,|||73|||16|||14|||134
*|||118|||21|||17|||134
blockDim|||35|||24|||30|||135
const|||13|||24|||45|||135
;|||31|||7|||31|||136
\|||48|||7|||32|||136
+|||49|||22|||28|||136
*|||14|||4|||27|||137
\|||76|||10|||81|||137
;|||49|||10|||86|||137
{|||37|||12|||89|||137
blockIdx|||17|||15|||26|||137
*|||102|||17|||73|||137
100000|||1|||19|||90|||137
n|||21|||3|||89|||138
n|||110|||12|||92|||138
<|||26|||13|||69|||138
.|||97|||25|||27|||139
[|||46|||25|||89|||139
*|||127|||23|||9|||140
*|||9|||4|||5|||141
n|||28|||4|||61|||141
,|||50|||11|||28|||141
,|||52|||11|||37|||141
j|||13|||11|||47|||141
blockDim|||16|||11|||60|||141
side|||8|||11|||158|||141
,|||116|||24|||11|||141
0xf0|||1|||24|||67|||141
)|||119|||24|||91|||141
(|||113|||21|||91|||142
)|||126|||25|||82|||142
time_step|||1|||3|||5|||143
*|||7|||3|||8|||143
n|||19|||3|||56|||143
->|||2|||3|||141|||143
[|||8|||3|||146|||143
*|||77|||13|||114|||143
out|||1|||15|||6|||143
void|||3|||2|||1|||144
void|||5|||4|||1|||144
:|||2|||4|||110|||144
,|||47|||11|||19|||144
void|||28|||25|||1|||144
;|||2|||0|||45|||145
\|||6|||0|||58|||145
count|||4|||5|||92|||145
++|||4|||5|||93|||145
]|||14|||5|||94|||145
n|||98|||11|||141|||145
*|||88|||15|||29|||145
i|||54|||15|||42|||145
int|||108|||23|||74|||145
threadIdx|||7|||6|||41|||146
i|||26|||6|||58|||146
+|||16|||9|||35|||146
;|||46|||10|||42|||146
n|||186|||21|||27|||146
if|||30|||21|||28|||146
halo_update_driver|||1|||25|||116|||146
x|||1|||0|||23|||147
j|||1|||2|||26|||147
x|||31|||10|||26|||147
\|||90|||12|||21|||147
pixels|||2|||23|||24|||147
0|||1|||1|||46|||148
y|||3|||2|||21|||148
int|||26|||6|||30|||148
.|||26|||8|||26|||148
=|||53|||12|||30|||148
<|||34|||21|||31|||148
\|||199|||23|||48|||148
n|||217|||24|||18|||148
x|||2|||0|||27|||149
.|||31|||9|||29|||149
blockIdx|||14|||12|||31|||149
=|||59|||12|||148|||149
if|||24|||16|||93|||149
(|||111|||21|||56|||149
if|||1|||0|||35|||150
i|||19|||5|||32|||150
.|||32|||9|||33|||150
if|||6|||4|||62|||151
num|||4|||11|||78|||151
(|||75|||14|||84|||151
=|||73|||16|||81|||151
;|||85|||16|||90|||151
.|||66|||17|||75|||151
\|||203|||23|||85|||151
||||1|||24|||69|||151
int|||20|||5|||48|||152
i|||27|||6|||64|||152
(|||49|||10|||63|||152
.|||43|||12|||40|||152
+|||28|||13|||32|||152
n|||141|||16|||60|||152
\|||161|||19|||50|||152
}|||19|||21|||46|||152
n__global__|||1|||21|||53|||152
\|||214|||25|||41|||152
float|||25|||11|||29|||153
weightvg_update_vg|||1|||4|||2|||154
convert_coco_detections|||1|||11|||2|||154
write_graphics_kernel|||1|||16|||2|||154
float|||40|||22|||4|||154
FindBestGray|||1|||23|||3|||154
ppcg_inner_iterations|||1|||25|||2|||154
__global__|||1|||0|||0|||155
__global__|||2|||1|||0|||155
__global__|||3|||2|||0|||155
__global__|||6|||5|||0|||155
__global__|||7|||6|||0|||155
__global__|||8|||7|||0|||155
__global__|||9|||8|||0|||155
__global__|||11|||10|||0|||155
__global__|||13|||12|||0|||155
__global__|||16|||15|||0|||155
__global__|||19|||18|||0|||155
__global__|||21|||20|||0|||155
__global__|||22|||21|||0|||155
__global__|||23|||22|||0|||155
&|||1|||4|||85|||156
i|||18|||4|||108|||156
(|||39|||9|||78|||156
\|||62|||9|||101|||156
=|||38|||9|||133|||156
const|||6|||9|||9|||157
predictions|||1|||11|||6|||157
num|||3|||11|||12|||157
side|||1|||11|||18|||157
mri|||1|||17|||6|||157
,|||87|||17|||15|||157
void|||2|||1|||1|||158
void|||6|||5|||1|||158
void|||7|||6|||1|||158
void|||8|||7|||1|||158
void|||11|||10|||1|||158
void|||13|||12|||1|||158
void|||18|||16|||1|||158
void|||20|||18|||1|||158
void|||21|||19|||1|||158
void|||22|||20|||1|||158
indices|||1|||4|||23|||159
;|||38|||9|||95|||159
*|||61|||12|||34|||159
n|||105|||12|||44|||159
n|||109|||12|||81|||159
(|||63|||12|||97|||159
ii|||5|||12|||98|||159
;|||64|||12|||105|||159
+=|||2|||12|||110|||159
vol_flux_x_p|||1|||13|||6|||159
n|||120|||13|||25|||159
,|||67|||14|||83|||159
MRI|||3|||17|||12|||159
z|||8|||17|||80|||159
\|||180|||21|||79|||159
h|||1|||11|||24|||160
,|||49|||11|||25|||160
threadIdx|||17|||15|||22|||160
10|||1|||2|||50|||161
)|||10|||3|||53|||161
;|||26|||5|||52|||161
<|||27|||15|||55|||161
int|||107|||23|||57|||161
+=|||1|||9|||97|||162
\|||98|||12|||106|||162
n_x|||1|||13|||64|||162
{|||45|||14|||43|||162
filename|||2|||16|||84|||162
\|||149|||17|||111|||162
-|||5|||19|||122|||162
)|||98|||19|||153|||162
(|||114|||21|||108|||162
1|||10|||21|||129|||162
m2_cols|||1|||5|||22|||163
int|||34|||9|||19|||163
int|||73|||16|||21|||163
blockDim|||23|||17|||40|||163
float|||1|||3|||4|||164
,|||3|||3|||6|||164
(|||19|||5|||3|||164
*|||18|||5|||5|||164
i|||22|||5|||81|||164
int|||10|||4|||17|||165
*|||13|||4|||22|||165
*|||19|||5|||15|||165
float|||12|||6|||7|||165
a|||1|||6|||9|||165
float|||13|||6|||11|||165
threadIdx|||12|||10|||24|||165
,|||45|||11|||13|||165
int|||40|||11|||14|||165
,|||86|||17|||11|||165
concatenate|||1|||5|||178|||166
)|||43|||9|||162|||166
-|||1|||3|||149|||167
8};\n|||1|||5|||148|||167
=|||37|||9|||119|||167
known_sum|||2|||12|||154|||167
&&|||9|||17|||156|||167
cnt|||1|||21|||159|||167
.|||3|||0|||30|||168
x|||70|||21|||24|||168
best|||1|||23|||22|||168
30|||1|||23|||36|||168
pixel|||1|||23|||106|||168
\|||207|||24|||17|||168
->|||9|||25|||107|||168
=|||8|||3|||75|||169
float|||5|||4|||71|||169
dv|||1|||4|||83|||169
__syncthreads|||1|||10|||83|||169
,|||66|||14|||79|||169
&|||8|||24|||76|||169
__syncthreads|||2|||25|||73|||169
,|||8|||3|||46|||170
(|||12|||3|||51|||170
.|||39|||11|||65|||170
int|||65|||13|||43|||170
tid|||2|||13|||46|||170
\|||110|||13|||50|||170
n|||122|||13|||51|||170
,|||95|||17|||171|||171
0|||20|||17|||176|||171
n|||202|||21|||180|||171
n|||18|||3|||41|||172
==|||8|||16|||96|||172
The|||1|||16|||105|||172
\n|||3|||16|||146|||172
if|||28|||19|||43|||172
>|||4|||3|||48|||173
blockDim|||20|||15|||30|||173
,|||70|||15|||43|||173
for|||9|||16|||112|||173
{|||59|||19|||49|||173
*|||123|||21|||170|||173
;|||134|||25|||64|||173
{|||21|||8|||62|||174
ii|||4|||12|||87|||174
i|||58|||16|||185|||174
;|||92|||16|||188|||174
sinf|||1|||19|||130|||174
)|||94|||19|||133|||174
if|||31|||21|||81|||174
{|||65|||21|||87|||174
return|||1|||0|||44|||175
{|||3|||0|||57|||175
dataBlockSize|||4|||0|||75|||175
n|||20|||3|||71|||175
%|||1|||11|||96|||176
while|||1|||12|||82|||176
\|||112|||13|||76|||176
+|||20|||11|||123|||177
*|||74|||13|||91|||177
n|||146|||16|||119|||177
fprintf|||2|||16|||139|||177
n|||163|||17|||117|||177
n|||195|||21|||117|||177
%|||3|||21|||131|||177
]|||28|||11|||183|||178
)|||73|||16|||89|||178
(|||88|||16|||196|||178
z|||12|||17|||192|||178
dataBlockSize|||1|||0|||10|||179
.|||7|||2|||12|||179
int|||17|||5|||18|||179
n|||53|||8|||17|||179
,|||36|||9|||13|||179
*|||59|||12|||13|||179
*|||69|||13|||9|||179
int|||71|||16|||15|||179
int|||77|||17|||33|||179
int|||102|||23|||15|||179
n|||205|||23|||20|||179
[|||43|||23|||25|||179
n|||208|||23|||44|||179
b|||4|||9|||136|||180
n|||69|||9|||140|||180
index|||10|||11|||182|||180
(|||66|||13|||3|||180
*|||90|||16|||9|||180
uint32_t|||1|||24|||5|||180
,|||16|||4|||32|||181
n|||77|||10|||44|||181
int|||64|||13|||26|||181
.|||49|||14|||32|||181
\|||119|||14|||48|||181
=|||70|||15|||68|||181
unsigned|||1|||0|||4|||182
*|||79|||14|||7|||182
\|||118|||14|||44|||182
VP8LConvertBGRAToRGBA4444_C|||1|||24|||2|||182
*|||56|||11|||175|||183
blockDim|||31|||21|||171|||183
j|||2|||2|||48|||184
(|||9|||2|||56|||184
int|||11|||4|||21|||184
)|||55|||12|||50|||184
\|||106|||12|||144|||184
\|||107|||12|||151|||184
j|||8|||3|||147|||185
{|||12|||5|||28|||185
.|||19|||6|||34|||185
;|||44|||9|||176|||185
n|||187|||21|||36|||185
.|||82|||21|||168|||185
int|||85|||19|||19|||186
]|||16|||6|||59|||187
<|||16|||8|||59|||187
)|||29|||8|||70|||187
Max|||1|||14|||76|||187
;|||131|||24|||53|||187
(|||135|||25|||55|||187
index|||5|||0|||73|||188
if|||7|||5|||55|||188
x|||29|||9|||54|||188
i|||44|||10|||55|||188
n|||82|||10|||82|||188
,|||63|||13|||116|||188
i|||63|||19|||66|||188
.|||90|||23|||78|||188
i|||24|||6|||31|||189
=|||33|||8|||37|||189
;|||74|||14|||34|||189
\|||123|||15|||34|||189
*|||106|||18|||20|||189
.|||73|||20|||22|||189
.|||85|||22|||22|||189
<|||39|||25|||35|||189
n_y|||3|||13|||88|||190
>=|||3|||17|||89|||190
|||||2|||17|||99|||190
\|||152|||17|||121|||190
[|||35|||19|||65|||190
i|||64|||19|||76|||190
{|||5|||2|||5|||191
*|||25|||6|||16|||191
n|||52|||8|||10|||191
int|||55|||12|||16|||191
nelems|||1|||14|||11|||191
int|||81|||18|||8|||191
*|||108|||19|||15|||191
,|||108|||20|||10|||191
b|||6|||22|||10|||191
const|||2|||1|||30|||192
int|||3|||1|||32|||192
nodes|||1|||1|||33|||192
=|||4|||1|||34|||192
site|||2|||1|||37|||192
;|||5|||1|||39|||192
\|||10|||1|||40|||192
n|||10|||1|||41|||192
int|||42|||11|||20|||192
[|||19|||6|||68|||193
float|||26|||11|||145|||193
i|||68|||21|||65|||193
}|||22|||21|||139|||193
x|||76|||21|||177|||193
n|||16|||3|||17|||194
>|||3|||3|||35|||194
\|||57|||8|||89|||194
int|||104|||23|||40|||194
0xf0|||2|||24|||93|||194
j|||5|||3|||124|||195
{|||15|||5|||116|||195
input|||1|||5|||122|||195
int|||21|||5|||134|||195
(|||65|||12|||134|||195
is_larger|||4|||12|||147|||195
n_y|||4|||13|||111|||195
x2|||2|||19|||121|||195
x|||15|||5|||44|||196
(|||20|||5|||56|||196
\|||42|||5|||117|||196
m1_cols|||2|||5|||139|||196
float|||10|||5|||142|||196
blockDim|||7|||3|||62|||197
->|||1|||3|||81|||197
for|||5|||9|||174|||197
n|||221|||24|||81|||197
(|||128|||24|||86|||197
.|||98|||25|||131|||197
n|||74|||10|||9|||198
\|||4|||0|||46|||199
>|||5|||3|||49|||199
(|||33|||9|||51|||199
.|||37|||11|||57|||199
int|||51|||11|||155|||199
n_y|||1|||13|||44|||199
;|||70|||13|||49|||199
blockDim|||22|||16|||51|||199
void|||10|||9|||1|||200
}|||2|||0|||69|||201
\|||26|||3|||136|||201
\|||81|||11|||68|||201
if|||17|||11|||70|||201
side|||4|||11|||88|||201
n_y|||2|||13|||54|||201
y_size|||2|||13|||56|||201
,|||89|||17|||21|||201
for|||13|||21|||90|||201
argb|||3|||24|||72|||201
\|||211|||24|||80|||201
n|||47|||6|||76|||202
blockDim|||13|||8|||42|||202
<|||15|||8|||55|||202
j|||12|||8|||79|||202
}|||7|||8|||86|||202
n|||108|||12|||72|||202
+|||46|||21|||74|||202
threadIdx|||27|||21|||75|||202
=|||103|||23|||76|||202
xdim1_update_halo_kernel3_minus_4_b|||1|||13|||113|||203
temp|||3|||19|||159|||203
1.0f|||1|||19|||161|||203
i|||17|||4|||95|||204
,|||44|||11|||10|||204
=|||47|||11|||104|||204
int|||49|||11|||117|||204
+|||21|||11|||136|||204
=|||50|||11|||147|||204
j|||19|||16|||45|||204
20|||1|||2|||46|||205
num|||1|||4|||18|||205
x|||26|||9|||30|||205
(|||36|||9|||63|||205
x|||41|||13|||31|||205
*|||71|||13|||36|||205
)|||66|||14|||42|||205
.|||95|||25|||19|||205
0|||3|||3|||95|||206
;|||16|||3|||105|||206
]|||5|||3|||111|||206
&|||4|||9|||155|||206
classes|||2|||11|||135|||206
+|||25|||11|||172|||206
\|||136|||16|||125|||206
blockDim|||26|||18|||21|||206
=|||89|||19|||110|||206
)|||105|||21|||103|||206
threadIdx|||5|||4|||48|||207
\|||45|||6|||54|||207
if|||14|||10|||53|||207
=|||69|||15|||51|||207
=|||5|||1|||45|||208
<|||3|||2|||45|||208
g_arrBackGroud|||1|||2|||57|||208
blockIdx|||5|||4|||52|||208
n|||45|||6|||51|||208
y|||5|||8|||40|||208
\|||79|||11|||42|||208
blockDim|||18|||13|||37|||208
tid|||8|||19|||45|||208
\|||177|||21|||50|||208
len|||1|||9|||20|||209
.|||34|||10|||25|||209
=|||65|||14|||22|||209
threadIdx|||23|||18|||25|||209
>|||6|||3|||50|||210
c|||2|||6|||56|||210
n|||56|||8|||56|||210
.|||57|||16|||52|||210
n|||149|||16|||138|||210
blockDim|||24|||17|||57|||210
.|||63|||17|||58|||210
x|||3|||0|||31|||211
.|||11|||2|||33|||211
.|||36|||10|||33|||211
.|||93|||24|||27|||211
]|||1|||0|||63|||212
if|||19|||12|||60|||212
xpp|||2|||14|||64|||212
i|||56|||16|||63|||212
.|||88|||23|||65|||212
sizeof(float));\n\n|||1|||5|||172|||213
float|||14|||6|||15|||213
*|||27|||6|||24|||213
<|||13|||6|||50|||213
if|||16|||10|||89|||213
=|||82|||18|||16|||213
n|||153|||16|||194|||214
data_cols|||4|||16|||203|||214
%d|||4|||16|||216|||214
,|||84|||16|||218|||214
(|||90|||16|||219|||214
)|||82|||16|||221|||214
[|||34|||16|||223|||214
i|||60|||16|||224|||214
__alignof__|||1|||9|||52|||215
srslte_simd_f_rcp|||1|||9|||134|||215
i|||42|||9|||177|||215
\|||88|||11|||153|||215
fid|||5|||16|||141|||215
,|||82|||16|||164|||215
n|||168|||17|||163|||215
=|||85|||19|||63|||215
(|||103|||19|||136|||215
\|||187|||21|||143|||215
,|||40|||10|||7|||216
int|||41|||11|||17|||216
int|||52|||12|||4|||216
MRI|||1|||17|||4|||216
rows|||1|||19|||5|||216
{|||62|||21|||8|||216
const|||12|||24|||4|||216
blockIdx|||3|||2|||11|||217
x|||6|||1|||26|||218
)|||17|||5|||27|||218
float|||16|||6|||23|||218
;|||33|||8|||32|||218
x|||27|||9|||34|||218
boxes|||1|||11|||36|||218
n|||103|||12|||22|||218
blockIdx|||18|||16|||30|||218
hist|||1|||19|||21|||218
;|||119|||21|||100|||218
j|||4|||3|||21|||219
)|||9|||3|||38|||219
{|||24|||9|||22|||219
\|||58|||9|||23|||219
threadIdx|||15|||13|||29|||219
mri_dof|||1|||17|||14|||219
x|||64|||19|||39|||219
idx|||8|||24|||20|||219
(|||6|||1|||36|||220
,|||7|||3|||31|||220
\|||18|||3|||40|||220
int|||13|||4|||36|||220
+|||11|||6|||40|||220
0|||8|||10|||41|||220
*|||45|||11|||35|||220
x|||49|||15|||32|||220
n|||155|||17|||32|||220
;|||124|||23|||42|||220
\|||198|||23|||43|||220
*|||132|||24|||29|||220
\|||37|||5|||88|||221
\|||41|||5|||111|||221
(|||23|||6|||3|||221
n|||42|||6|||5|||221
*|||39|||10|||5|||221
i|||43|||10|||22|||221
*|||54|||11|||161|||221
z|||6|||17|||72|||221
float|||31|||17|||141|||221
.|||70|||19|||30|||221
int|||87|||19|||52|||221
\|||163|||19|||69|||221
)|||93|||19|||94|||221
real|||2|||3|||11|||222
>|||1|||3|||33|||222
,|||53|||11|||46|||222
data_range|||1|||16|||22|||222
file|||1|||16|||106|||222
"|||8|||16|||147|||222
*|||125|||22|||9|||222
=|||24|||5|||140|||223
int|||66|||13|||63|||223
n_x|||5|||13|||107|||223
*|||76|||13|||112|||223
mask|||1|||17|||142|||223
\|||154|||17|||147|||223
tmp|||2|||19|||152|||223
;|||117|||21|||78|||223
*|||1|||0|||6|||224
index|||1|||0|||19|||224
dataBlockSize|||2|||0|||39|||224
threadIdx|||8|||7|||28|||224
filename|||1|||16|||6|||224
threadIdx|||32|||25|||26|||224
fields_to_exchange|||1|||25|||88|||224
fields|||1|||13|||15|||225
size_t|||1|||14|||10|||225
n|||128|||14|||19|||225
return|||2|||14|||46|||225
v|||1|||15|||10|||225
(|||77|||15|||49|||225
float|||33|||19|||14|||225
)|||91|||19|||22|||225
=|||83|||19|||28|||225
n|||182|||20|||9|||225
int|||90|||20|||18|||225
blockDim|||28|||20|||25|||225
.|||75|||20|||30|||225
)|||27|||8|||14|||226
,|||51|||11|||33|||226
,|||69|||15|||11|||226
{|||54|||17|||30|||226
)|||100|||20|||14|||226
)|||110|||22|||14|||226
;|||25|||5|||45|||227
i|||20|||5|||57|||227
<|||12|||5|||82|||227
i|||23|||5|||98|||227
n|||41|||5|||118|||227
2;\n|||1|||5|||137|||227
//|||2|||5|||157|||227
fid|||2|||16|||80|||227
+|||6|||4|||51|||228
classes|||3|||11|||163|||228
\|||92|||12|||43|||228
;|||62|||12|||57|||228
;|||80|||15|||53|||228
<|||35|||21|||84|||228
n|||211|||23|||56|||228
\|||105|||12|||137|||229
+|||31|||13|||106|||229
"|||7|||16|||143|||229
)|||95|||19|||138|||229
n|||196|||21|||135|||229
\|||188|||21|||146|||229
<|||1|||0|||38|||230
\|||44|||6|||45|||230
largest|||1|||10|||46|||230
(|||70|||14|||38|||230
n|||140|||16|||43|||230
\|||208|||24|||34|||230
*|||4|||1|||19|||231
,|||5|||3|||20|||231
x|||19|||7|||22|||231
cc|||1|||25|||16|||231
p_index|||1|||11|||129|||232
ii|||6|||12|||111|||232
j|||23|||16|||205|||232
BUFTYPE|||1|||17|||123|||232
,|||72|||16|||11|||233
uint64_t|||1|||0|||9|||234
SqareDown|||1|||2|||2|||234
b|||1|||6|||13|||234
m|||4|||8|||7|||234
int|||61|||13|||13|||234
,|||64|||14|||9|||234
VEC4|||2|||15|||8|||234
*|||105|||18|||5|||234
rand_d|||1|||19|||12|||234
,|||107|||20|||7|||234
int|||91|||21|||4|||234
,|||110|||22|||7|||234
chunks|||1|||25|||6|||234
int|||2|||1|||13|||235
\|||47|||7|||15|||235
)|||44|||10|||17|||235
.|||50|||15|||23|||235
i|||65|||21|||12|||235
n|||222|||25|||14|||235
{|||29|||10|||59|||236
\|||75|||10|||78|||236
blockIdx|||19|||16|||47|||236
y|||15|||17|||55|||236
threadId|||1|||23|||58|||236
+|||3|||1|||23|||237
float|||8|||5|||24|||237
blockIdx|||6|||5|||34|||237
0|||7|||5|||51|||237
\|||70|||10|||19|||237
)|||71|||16|||23|||238
*|||99|||17|||27|||238
m2_rows|||3|||5|||150|||239
99|||1|||12|||49|||239
)|||56|||12|||65|||239
;|||67|||12|||143|||239
;|||68|||12|||150|||239
i|||72|||21|||183|||239
)|||4|||1|||7|||240
buffersize|||1|||7|||9|||240
for|||4|||9|||85|||240
\|||65|||9|||139|||240
srslte_simd_cf_mul|||1|||9|||144|||240
float|||19|||10|||11|||240
[|||31|||11|||189|||240
blockDim|||17|||12|||35|||240
\|||128|||16|||42|||240
>=|||6|||17|||154|||240
{|||56|||17|||161|||240
;|||130|||24|||33|||240
Settings|||1|||25|||8|||240
z|||1|||6|||25|||241
,|||33|||8|||8|||241
blockDim|||12|||8|||25|||241
.|||35|||10|||29|||241
*|||41|||10|||31|||241
thresh|||1|||11|||27|||241
n|||171|||19|||25|||241
]|||39|||23|||27|||241
;|||122|||23|||28|||241
)|||31|||9|||55|||242
==|||4|||9|||56|||242
sizeof|||1|||9|||57|||242
)|||32|||9|||60|||242
&&|||5|||9|||61|||242
for|||7|||13|||61|||242
(|||68|||13|||62|||242
x_size|||3|||13|||70|||242
n|||157|||17|||66|||242
n|||158|||17|||83|||242
(|||122|||24|||3|||242
(|||124|||24|||60|||242
(|||125|||24|||61|||242
;|||12|||3|||69|||243
input|||4|||10|||73|||243
n|||175|||19|||70|||243
;|||127|||23|||71|||243
c|||1|||6|||17|||244
float|||15|||6|||19|||244
y|||4|||6|||21|||244
,|||106|||19|||17|||244
simd_cf_t|||3|||9|||103|||245
z|||4|||9|||156|||245
;|||77|||15|||33|||245
;|||79|||15|||45|||245
r_|||2|||15|||64|||245
j|||18|||15|||66|||245
x|||80|||23|||66|||245
n|||212|||23|||73|||245
x|||82|||23|||79|||245
\|||16|||3|||16|||246
n|||17|||3|||26|||246
>|||2|||3|||34|||246
\|||24|||3|||115|||246
x|||14|||5|||40|||246
[|||14|||5|||71|||246
[|||32|||14|||69|||246
.|||51|||15|||27|||246
n|||136|||15|||40|||246
x|||7|||2|||30|||247
srslte_vec_div_cfc_simd|||1|||9|||2|||247
]|||22|||9|||112|||247
,|||118|||25|||61|||247
settings|||4|||25|||62|||247
=|||9|||3|||94|||248
(|||45|||9|||154|||248
n|||73|||9|||173|||248
*|||51|||11|||134|||248
mass_flux_x_p|||2|||13|||105|||248
j|||31|||21|||102|||248
(|||127|||24|||71|||248
uint8_t|||3|||24|||83|||248
__global__|||4|||3|||0|||249
__global__|||5|||4|||0|||249
__global__|||10|||9|||0|||249
__global__|||12|||11|||0|||249
__global__|||14|||13|||0|||249
__global__|||15|||14|||0|||249
__global__|||17|||16|||0|||249
__global__|||18|||17|||0|||249
__global__|||20|||19|||0|||249
__global__|||25|||24|||0|||249
__global__|||26|||25|||0|||249
>|||9|||3|||65|||250
(|||21|||5|||80|||250
\|||96|||12|||80|||250
y_size|||1|||13|||21|||250
mask|||2|||17|||153|||250
)|||86|||17|||160|||250
[|||40|||21|||119|||250
i|||71|||21|||165|||250
(|||136|||25|||74|||250
odefun|||1|||3|||2|||251
(|||10|||3|||3|||251
real|||1|||3|||7|||251
miIndexedPtr|||1|||23|||5|||251
Chunk|||1|||25|||4|||251
[|||9|||4|||75|||252
;|||27|||5|||74|||252
.|||40|||11|||184|||252
i|||53|||12|||75|||252
\|||182|||21|||105|||252
i|||73|||23|||90|||252
FIELD_SD|||1|||25|||90|||252
time_step|||2|||3|||52|||253
,|||9|||3|||61|||253
x|||11|||4|||54|||253
+|||23|||11|||164|||253
j|||16|||15|||54|||253
n|||191|||21|||63|||253
;|||4|||1|||27|||254
n|||9|||1|||29|||254
.|||24|||7|||29|||254
blockIdx|||12|||10|||28|||254
int|||56|||12|||23|||254
int|||86|||19|||26|||254
\|||29|||4|||69|||255
weights|||2|||4|||74|||255
blockDim|||10|||6|||37|||255
)|||63|||13|||57|||255
0|||14|||13|||66|||255
float|||37|||19|||108|||255
void|||26|||22|||1|||255
idx|||9|||24|||38|||255
n|||66|||9|||102|||256
srslte_simd_cfi_store|||1|||9|||153|||256
)|||60|||12|||104|||256
sum|||3|||12|||109|||256
;|||96|||17|||64|||256
{|||55|||17|||106|||256
[|||44|||24|||50|||256
const|||14|||24|||56|||256
cc|||2|||25|||34|||256
n|||231|||25|||96|||256
int|||9|||4|||8|||257
P|||2|||0|||60|||258
x|||50|||16|||32|||258
.|||54|||16|||35|||258
;|||84|||16|||77|||258
n|||143|||16|||79|||258
"|||2|||16|||88|||258
\|||133|||16|||100|||258
data_cols|||3|||16|||149|||258
%d|||3|||16|||161|||258
)|||80|||16|||191|||258
for|||11|||16|||195|||258
+|||9|||5|||169|||259
a|||4|||9|||146|||259
,|||38|||9|||147|||259
i|||59|||16|||189|||259
fid|||7|||16|||213|||259
n|||65|||9|||84|||260
;|||41|||9|||138|||260
)|||42|||9|||149|||260
4|||1|||11|||176|||260
*|||104|||17|||144|||260
,|||98|||17|||187|||260
=|||100|||23|||23|||260
uint32_t|||2|||24|||46|||260
)|||117|||24|||75|||260
const|||15|||24|||82|||260
(|||129|||24|||87|||260
[|||3|||2|||61|||261
\|||46|||6|||75|||261
}|||6|||6|||77|||261
\|||95|||12|||71|||261
j|||17|||15|||59|||261
x|||72|||21|||73|||261
x|||9|||2|||38|||262
*|||17|||4|||101|||262
{|||25|||9|||82|||262
\|||61|||9|||83|||262
/|||4|||16|||110|||262
n|||160|||17|||108|||262
=|||111|||25|||92|||262
)|||21|||6|||26|||263
;|||60|||12|||25|||263
+|||35|||16|||37|||263
3,|||1|||5|||132|||264
;|||39|||9|||114|||264
1|||7|||13|||109|||264
*|||103|||17|||124|||264
x|||90|||25|||132|||264
int|||48|||11|||92|||265
<|||24|||12|||86|||265
n|||159|||17|||85|||265
j|||26|||19|||93|||265
)|||104|||21|||86|||265
(|||121|||23|||97|||265
->|||8|||25|||87|||265
)|||18|||5|||60|||266
{|||13|||5|||61|||266
=|||58|||12|||141|||266
+|||38|||17|||60|||266
uint8_t|||2|||24|||57|||266
1|||2|||3|||150|||267
n|||51|||7|||52|||267
i|||32|||8|||54|||267
,|||39|||9|||160|||267
int|||60|||12|||153|||267
(|||87|||16|||180|||267
=|||79|||17|||126|||267
)|||106|||21|||114|||267
threadIdx|||29|||22|||29|||267
=|||105|||23|||107|||267
argb|||5|||24|||98|||267
blockDim|||37|||25|||134|||267
char|||4|||7|||38|||268
)|||53|||11|||174|||268
n|||169|||17|||180|||268
=|||12|||3|||125|||269
\|||114|||13|||99|||269
mass_flux_x|||1|||13|||102|||269
internal_count|||1|||3|||82|||270
{|||11|||4|||68|||270
;|||34|||8|||49|||270
16|||1|||24|||64|||270
n|||228|||25|||72|||270
;|||7|||2|||22|||271
j|||30|||21|||97|||271
=|||14|||4|||47|||272
threadIdx|||11|||9|||36|||272
settings|||3|||25|||45|||272
dataBlockSize|||3|||0|||55|||273
threadIdx|||20|||17|||44|||273
;|||95|||17|||47|||273
int|||78|||17|||50|||273
.|||67|||17|||79|||273
\|||141|||16|||193|||274
;|||94|||16|||204|||274
[|||15|||5|||91|||275
n|||90|||11|||91|||275
*|||72|||13|||85|||275
SS3D_Mtx_Transform|||1|||15|||2|||275
VEC4|||1|||15|||4|||275
n|||134|||15|||18|||275
n|||178|||19|||107|||275
step_sol|||1|||3|||13|||276
,|||12|||4|||16|||276
.|||15|||4|||57|||276
side|||2|||11|||74|||276
y|||13|||16|||57|||276
;|||83|||16|||58|||276
(|||133|||25|||33|||276
if|||36|||25|||43|||276
->|||7|||25|||46|||276
}|||25|||25|||67|||276
\|||217|||25|||68|||276
n|||227|||25|||69|||276
\|||221|||25|||95|||276
__alignof__|||3|||9|||72|||277
*|||66|||12|||108|||278
n|||116|||12|||130|||278
height|||1|||17|||98|||278
y|||21|||17|||190|||278
[|||1|||0|||61|||279
m1_rows|||5|||5|||135|||279
{|||22|||8|||71|||279
[|||20|||8|||75|||279
(|||35|||9|||58|||279
i|||46|||10|||75|||279
n|||88|||11|||69|||279
(|||53|||11|||71|||279
=|||45|||11|||85|||279
;|||52|||11|||89|||279
(|||67|||13|||53|||279
<|||25|||13|||55|||279
]|||30|||14|||71|||279
int|||95|||21|||92|||279
>>|||2|||24|||73|||279
=|||109|||24|||85|||279
m1|||2|||5|||70|||280
=|||21|||5|||95|||280
n|||38|||5|||104|||280
m1[]|||1|||5|||128|||280
1,|||1|||5|||182|||280
j|||6|||3|||128|||281
,|||120|||25|||121|||281
1|||12|||25|||122|||281
+|||2|||0|||76|||282
n|||29|||4|||70|||282
UINT_MIN|||1|||14|||78|||282
rand_r|||2|||19|||74|||282
n|||176|||19|||80|||282
+|||10|||5|||185|||283
i|||41|||9|||158|||283
<|||18|||9|||178|||283
idx|||6|||11|||137|||284
last_i|||4|||12|||116|||284
\n|||1|||16|||114|||284
fid|||4|||16|||129|||284
;|||89|||16|||153|||284
)|||78|||16|||166|||284
)|||84|||17|||105|||284
i|||50|||12|||47|||285
\|||38|||5|||103|||286
-|||3|||9|||91|||286
+|||26|||11|||191|||286
n|||115|||12|||127|||286
\n|||2|||16|||133|||286
0|||23|||21|||113|||286
n|||203|||21|||189|||286
;|||6|||1|||47|||287
SRSLTE_SIMD_CF_SIZE|||1|||9|||43|||287
(|||59|||12|||46|||287
=|||77|||17|||52|||287
int|||93|||21|||57|||287
int|||106|||23|||50|||287
\|||209|||24|||43|||287
]|||40|||24|||52|||287
;|||8|||2|||39|||288
\|||14|||2|||40|||288
;|||137|||25|||94|||288
.|||59|||17|||37|||289
int|||92|||21|||11|||289
doors|||2|||21|||37|||289
=|||94|||21|||41|||289
1|||11|||23|||34|||289
1|||1|||0|||77|||290
*|||129|||23|||80|||290
{|||2|||0|||41|||291
\|||13|||2|||23|||291
+|||14|||8|||28|||291
int|||35|||9|||25|||291
SRSLTE_SIMD_CF_SIZE|||2|||9|||45|||291
i|||51|||12|||56|||291
x|||56|||17|||46|||291
n|||156|||17|||49|||291
\|||202|||23|||72|||291
<|||38|||24|||39|||291
?|||2|||4|||105|||292
memory|||1|||5|||159|||292
r|||1|||9|||142|||292
only_objectness|||1|||11|||39|||292
->|||5|||17|||103|||292
n|||161|||17|||112|||292
\|||157|||17|||179|||292
j|||32|||21|||109|||292
\|||2|||0|||33|||293
n|||5|||0|||50|||293
threadIdx|||2|||1|||24|||293
>|||7|||3|||63|||293
*|||20|||5|||25|||293
*m;\n|||1|||5|||166|||293
dim3(m1_rows|||1|||5|||184|||293
n|||75|||10|||20|||293
n|||87|||11|||52|||293
n|||91|||11|||100|||293
;|||59|||11|||177|||293
predictions|||3|||11|||188|||293
)|||57|||12|||78|||293
*|||92|||16|||50|||293
)|||74|||16|||98|||293
was|||1|||16|||107|||293
,|||79|||16|||148|||293
width|||1|||17|||92|||293
.|||69|||18|||22|||293
+|||45|||21|||21|||293
{|||66|||21|||104|||293
blockDim|||33|||23|||68|||293
(|||123|||24|||37|||293
{|||74|||24|||42|||293
src|||2|||24|||49|||293
chunks|||2|||25|||57|||293
\|||32|||5|||29|||294
=|||18|||5|||33|||294
\|||34|||5|||53|||294
]|||12|||5|||68|||294
\|||40|||5|||109|||294
=|||25|||5|||144|||294
7,|||1|||5|||147|||294
+|||15|||8|||45|||294
)|||28|||8|||61|||294
;|||20|||3|||131|||295
*|||111|||19|||134|||295
int|||114|||25|||127|||295
+|||4|||2|||18|||296
int|||12|||4|||30|||296
i|||31|||8|||19|||296
x|||22|||8|||23|||296
const|||7|||9|||18|||296
)|||69|||15|||15|||296
,|||75|||16|||20|||296
MRI|||4|||17|||22|||296
=|||76|||17|||35|||296
*|||100|||17|||39|||296
)|||113|||24|||15|||296
{|||9|||3|||135|||297
=|||27|||5|||155|||297
x|||62|||19|||31|||297
i|||62|||19|||53|||297
\|||36|||5|||75|||298
n|||36|||5|||76|||298
}|||3|||5|||77|||298
.|||12|||2|||37|||299
)|||37|||9|||81|||299
\|||91|||12|||26|||299
0.|||1|||15|||69|||299
;|||114|||20|||32|||299
\|||213|||25|||30|||299
if|||8|||5|||79|||300
srslte_simd_cfi_load|||1|||9|||106|||300
main|||2|||12|||133|||300
fopen|||1|||16|||82|||300
)|||76|||16|||135|||300
y1|||2|||19|||137|||300
n|||199|||21|||144|||300
n|||57|||8|||60|||301
=|||66|||14|||57|||301
\|||155|||17|||149|||301
;|||40|||9|||128|||302
hi_val|||2|||17|||159|||302
(|||116|||21|||152|||302
\|||190|||21|||162|||302
n|||201|||21|||163|||302
.|||83|||21|||172|||302
square|||1|||11|||15|||303
ba|||1|||24|||84|||303
blockDim|||3|||2|||15|||304
*|||11|||4|||13|||304
=|||32|||8|||20|||304
*|||40|||10|||15|||304
blockIdx|||20|||17|||36|||304
dws|||1|||4|||15|||305
const|||3|||4|||20|||305
blockDim|||29|||21|||18|||305
\|||179|||21|||62|||305
(|||112|||21|||82|||305
++|||11|||21|||101|||305
,|||109|||21|||156|||305
+|||48|||21|||174|||305
.|||9|||2|||20|||306
known_sum|||1|||12|||14|||306
&|||5|||17|||127|||306
x|||60|||18|||19|||306
int|||89|||20|||8|||306
tid|||10|||20|||19|||306
MRIvox|||1|||17|||128|||307
(|||93|||17|||129|||307
chunks|||3|||25|||118|||307
;|||91|||16|||184|||308
<|||30|||16|||186|||308
*|||37|||9|||15|||309
,|||74|||16|||17|||309
float|||28|||17|||16|||309
<<|||2|||3|||44|||310
.|||18|||5|||43|||310
[|||18|||6|||63|||310
if|||18|||12|||45|||310
created|||1|||16|||109|||310
.|||8|||2|||16|||311
blockIdx|||9|||8|||21|||311
z|||2|||9|||16|||311
output|||2|||10|||16|||311
*|||87|||15|||13|||311
int|||72|||16|||18|||311
hi_val|||1|||17|||20|||311
*|||131|||24|||13|||311
*|||8|||3|||12|||312
i|||8|||3|||84|||312
]|||3|||3|||93|||312
n|||24|||3|||116|||312
y|||16|||17|||59|||312
if|||26|||17|||86|||312
}|||18|||17|||113|||312
\|||150|||17|||114|||312
n|||11|||1|||49|||313
;|||24|||4|||117|||313
[|||13|||5|||65|||313
{|||23|||8|||88|||313
\|||78|||10|||96|||313
<|||32|||19|||46|||313
<|||33|||19|||89|||313
*|||2|||0|||24|||314
index|||3|||0|||53|||314
\|||74|||10|||60|||314
=|||55|||12|||68|||314
;|||72|||13|||71|||314
<|||28|||16|||64|||314
*|||101|||17|||56|||314
+|||40|||18|||24|||314
.|||78|||21|||23|||314
*|||120|||21|||70|||314
i|||74|||23|||98|||314
int|||7|||3|||18|||315
,|||24|||5|||20|||315
\|||127|||16|||25|||315
rand_r|||1|||19|||16|||315
0|||13|||12|||142|||316
\|||134|||16|||118|||316
P2|||1|||16|||132|||316
n|||150|||16|||155|||316
int|||97|||21|||157|||316
,|||14|||4|||24|||317
m2|||1|||5|||16|||317
buffer|||1|||7|||6|||317
w|||2|||11|||21|||317
low_val|||1|||17|||17|||317
++|||3|||5|||67|||318
/|||1|||6|||72|||318
n|||58|||8|||64|||318
)|||33|||9|||65|||318
rcpb|||2|||9|||148|||318
n|||76|||10|||37|||318
n|||83|||10|||88|||318
for|||8|||15|||48|||318
*|||116|||20|||24|||318
threadIdx|||25|||20|||29|||318
site|||1|||1|||6|||319
m1_cols|||1|||5|||12|||319
int|||27|||7|||8|||319
float|||17|||9|||10|||319
,|||41|||10|||10|||319
int|||38|||11|||8|||319
float|||27|||16|||8|||319
,|||112|||23|||7|||319
site_def|||1|||1|||4|||320
const|||4|||4|||25|||320
,|||31|||7|||7|||320
__global__|||24|||23|||0|||320
int|||15|||5|||8|||321
*|||57|||12|||5|||321
void|||16|||14|||5|||321
*|||95|||17|||5|||321
,|||103|||19|||6|||321
x|||13|||5|||36|||322
\|||33|||5|||46|||322
=|||19|||5|||50|||322
i|||21|||5|||72|||322
)|||20|||5|||115|||322
&&|||3|||8|||57|||322
idx|||1|||11|||54|||323
;|||69|||13|||40|||323
\|||178|||21|||52|||323
n|||209|||23|||49|||323
cc|||3|||25|||59|||323
i|||52|||12|||62|||324
num|||11|||23|||100|||324
m2\n|||1|||5|||126|||325
,|||91|||17|||131|||325
doors|||6|||21|||155|||325
if|||33|||21|||181|||325
;|||138|||25|||103|||325
,|||11|||4|||10|||326
float|||6|||5|||4|||326
*|||29|||7|||5|||326
FLT|||1|||8|||4|||326
*|||42|||11|||5|||326
int|||39|||11|||11|||326
int|||70|||16|||12|||326
(|||99|||19|||3|||326
*|||107|||19|||11|||326
*|||114|||20|||5|||326
)|||111|||23|||17|||327
n|||72|||9|||168|||328
n|||127|||13|||118|||328
if|||25|||16|||170|||328
z|||11|||17|||174|||328
;|||45|||10|||35|||329
\|||71|||10|||36|||329
last_i|||3|||12|||85|||329
n|||111|||12|||107|||329
ii|||7|||12|||118|||329
\|||103|||12|||129|||329
.|||58|||16|||56|||329
pp|||2|||25|||104|||329
;|||28|||5|||102|||330
=|||34|||8|||81|||330
SRSLTE_SIMD_CF_SIZE|||3|||9|||92|||330
num|||5|||11|||109|||330
num|||6|||11|||122|||330
=|||98|||21|||166|||330
blockDim|||34|||23|||77|||330
x|||83|||23|||83|||330
)|||116|||24|||68|||330
)|||125|||25|||75|||330
[|||4|||3|||91|||331
0|||5|||3|||113|||331
*|||75|||13|||108|||331
;|||15|||3|||96|||332
x|||38|||12|||33|||332
(|||60|||12|||61|||332
+|||33|||14|||30|||332
threadIdx|||16|||14|||31|||332
.|||55|||16|||39|||332
\|||135|||16|||122|||332
;|||101|||17|||146|||332
rand_d|||3|||19|||101|||332
[|||39|||21|||38|||332
;|||128|||23|||84|||332
\|||219|||25|||77|||332
;|||99|||17|||120|||333
n|||165|||17|||140|||333
(|||97|||17|||185|||333
if|||35|||25|||32|||333
true|||1|||25|||93|||333
(|||18|||4|||112|||334
if|||10|||7|||44|||334
(|||28|||7|||45|||334
\|||115|||13|||117|||334
=|||78|||17|||69|||334
mri|||4|||17|||102|||334
return|||4|||17|||109|||334
;|||98|||17|||110|||334
,|||96|||17|||173|||334
)|||87|||17|||177|||334
;|||102|||17|||178|||334
)|||108|||21|||160|||334
(|||14|||3|||73|||335
p_index|||2|||11|||150|||335
+|||42|||19|||56|||335
x1|||1|||19|||62|||335
)|||103|||21|||60|||335
*|||128|||23|||67|||335
2,|||1|||5|||131|||336
i|||33|||8|||67|||336
j|||11|||8|||69|||336
]|||20|||8|||80|||336
in|||2|||8|||82|||336
0|||18|||16|||199|||336
;|||47|||10|||50|||337
n_x|||2|||13|||68|||337
=|||86|||19|||73|||337
[|||36|||19|||75|||337
;|||107|||19|||78|||337
for|||12|||19|||81|||337
x|||12|||4|||58|||338
]|||11|||4|||109|||338
*|||48|||11|||77|||338
\|||82|||11|||81|||338
\|||84|||11|||99|||338
n|||94|||11|||112|||338
+|||22|||11|||140|||338
=|||51|||11|||157|||338
while|||2|||23|||96|||338
indices|||3|||4|||90|||339
)|||48|||10|||94|||339
*|||63|||12|||84|||339
y|||18|||17|||94|||339
j|||24|||19|||84|||339
<|||37|||23|||99|||339
)|||118|||24|||78|||339
reset_fields_to_exchange|||1|||25|||79|||339
i|||66|||21|||30|||340
[|||26|||9|||157|||341
n|||118|||12|||145|||341
fprintf|||4|||16|||211|||341
)|||88|||17|||193|||341
(|||26|||7|||3|||342
(|||47|||10|||3|||342
(|||78|||16|||3|||342
(|||98|||18|||3|||342
(|||108|||20|||3|||342
*|||81|||14|||26|||343
x|||45|||14|||29|||343
.|||92|||24|||23|||343
)|||7|||2|||51|||344
\|||20|||3|||70|||344
;|||17|||3|||114|||344
0|||15|||15|||52|||344
rows|||2|||19|||47|||344
\|||5|||0|||49|||345
y|||7|||8|||48|||345
n|||137|||15|||47|||345
x|||65|||20|||23|||345
x|||77|||22|||23|||345
\|||8|||1|||9|||346
)|||14|||4|||41|||346
int|||28|||7|||11|||346
,|||35|||9|||8|||346
mtx|||1|||15|||14|||346
\|||170|||20|||16|||347
,|||114|||23|||14|||347
x|||32|||10|||30|||348
tid|||3|||14|||21|||348
.|||68|||18|||18|||348
\|||159|||19|||24|||348
=|||99|||22|||20|||348
<<|||1|||3|||29|||349
n|||62|||9|||24|||349
=|||35|||9|||27|||349
blockIdx|||11|||9|||28|||349
blockDim|||14|||9|||32|||349
n|||223|||25|||31|||349
m2_rows|||1|||5|||19|||350
,|||34|||8|||11|||350
*|||43|||11|||30|||350
*|||60|||12|||17|||350
len|||3|||18|||9|||350
short|||2|||20|||11|||350
,|||111|||22|||11|||350
int|||103|||23|||31|||350
dvert|||2|||4|||86|||351
=|||26|||5|||151|||351
concat_matrix<<<dim3(1,|||1|||5|||181|||351
)|||81|||16|||207|||351
{|||53|||16|||208|||351
n|||8|||1|||10|||352
value|||1|||7|||12|||352
)|||121|||25|||11|||352
n|||193|||21|||89|||353
j|||29|||21|||93|||353
n|||229|||25|||78|||353
,|||2|||0|||11|||354
y|||1|||2|||13|||354
m|||3|||5|||90|||354
int|||32|||8|||18|||354
*|||64|||12|||93|||354
\|||100|||12|||120|||354
{|||60|||19|||95|||354
+|||43|||19|||139|||354
doors|||1|||21|||6|||354
\|||181|||21|||88|||354
doors|||5|||21|||124|||354
,|||113|||23|||11|||354
side|||7|||11|||133|||355
box_index|||1|||11|||156|||355
boxes|||2|||11|||180|||355
==|||9|||16|||173|||355
i|||57|||16|||181|||355
=|||74|||16|||182|||355
[|||38|||19|||112|||355
blockIdx|||13|||11|||56|||356
x|||34|||11|||58|||356
x|||35|||11|||62|||356
)|||50|||11|||79|||356
=|||61|||13|||45|||356
m2|||2|||5|||96|||357
=|||22|||5|||129|||357
2;\n|||2|||5|||152|||357
matrix|||1|||5|||163|||357
Launch|||1|||5|||174|||357
1),|||1|||5|||183|||357
{|||38|||12|||136|||357
\|||185|||21|||137|||357
\|||189|||21|||148|||357
blockIdx|||28|||21|||167|||357
void|||12|||11|||1|||358
void|||14|||13|||1|||358
void|||15|||14|||1|||358
<|||5|||3|||28|||359
i|||14|||4|||64|||359
blockDim|||15|||10|||32|||359
)|||46|||10|||70|||359
=|||108|||24|||59|||359
else|||3|||8|||87|||360
{|||35|||12|||51|||360
{|||40|||13|||58|||360
\|||111|||13|||59|||360
n|||123|||13|||60|||360
;|||71|||13|||67|||360
\|||121|||14|||66|||360
void|||19|||17|||1|||360
MRIgetVoxVal|||1|||17|||166|||360
y1|||3|||19|||147|||360
.|||20|||6|||38|||361
*|||34|||8|||41|||361
sum|||1|||10|||39|||361
int|||45|||11|||44|||361
int|||57|||12|||28|||361
.|||42|||12|||36|||361
x|||52|||16|||40|||361
x|||63|||19|||35|||361
0|||22|||21|||42|||361
blockDim|||19|||14|||27|||362
=|||101|||23|||33|||362
dst|||1|||24|||14|||362
;|||29|||6|||44|||363
x|||39|||12|||37|||363
tid|||1|||13|||27|||363
threadIdx|||18|||16|||38|||363
;|||116|||21|||43|||363
)|||122|||25|||39|||363
rg|||1|||24|||58|||364
>>|||3|||24|||89|||364
+|||1|||0|||28|||365
n|||3|||0|||43|||365
)|||3|||0|||56|||365
else|||1|||0|||70|||365
>=|||1|||0|||74|||365
;|||3|||0|||66|||366
=|||3|||1|||15|||366
x|||5|||1|||22|||366
\|||17|||3|||25|||366
kernel|||1|||5|||176|||366
\|||93|||12|||52|||366
=|||54|||12|||55|||366
*|||62|||12|||66|||366
last_i|||2|||12|||67|||366
int|||6|||2|||25|||367
,|||6|||3|||22|||367
=|||30|||7|||19|||367
blockDim|||11|||7|||24|||367
)|||114|||24|||41|||367
blockDim|||2|||1|||16|||368
\|||9|||1|||28|||368
;|||13|||3|||77|||368
;|||19|||3|||127|||368
idx|||7|||11|||169|||368
n|||126|||13|||100|||368
(|||71|||14|||58|||368
]|||34|||19|||104|||368
(|||102|||19|||131|||368
(|||134|||25|||44|||368
settings|||8|||25|||120|||368
<|||29|||16|||68|||369
;|||106|||19|||68|||369
n|||226|||25|||66|||369
\|||7|||0|||67|||370
n|||35|||5|||63|||370
\|||55|||8|||72|||370
i|||34|||8|||76|||370
largest|||3|||10|||71|||370
=|||67|||14|||72|||370
]|||31|||15|||67|||370
unsigned|||4|||1|||42|||371
&&|||2|||2|||47|||371
if|||5|||2|||55|||371
mri_mean|||1|||17|||24|||372
x|||67|||20|||31|||372
>|||10|||10|||68|||373
%d|||2|||16|||145|||373
;|||121|||21|||178|||373
{|||32|||11|||80|||374
col|||1|||11|||93|||374
;|||53|||11|||98|||374
;|||54|||11|||106|||374
++|||5|||11|||111|||374
=|||48|||11|||119|||374
num|||7|||11|||139|||374
;|||65|||12|||112|||375
\|||167|||19|||116|||375
n|||232|||25|||115|||375
int|||19|||5|||31|||376
if|||9|||6|||47|||376
x|||28|||9|||38|||376
#if|||1|||9|||42|||376
-|||4|||10|||48|||376
.|||41|||12|||32|||376
j|||14|||15|||44|||376
while|||3|||24|||36|||376
blockDim|||1|||0|||25|||377
{|||16|||6|||27|||377
{|||28|||10|||18|||377
.|||47|||14|||24|||377
x|||47|||15|||24|||377
=|||92|||20|||20|||378
int|||4|||1|||43|||379
mri_mask|||1|||17|||10|||379
mri_mean|||2|||17|||186|||379
x|||59|||17|||188|||379
;|||139|||25|||109|||379
gridDim|||2|||3|||45|||380
n|||26|||3|||137|||380
.|||61|||17|||45|||380
\|||144|||17|||48|||380
y|||14|||17|||51|||380
\|||156|||17|||162|||380
x|||79|||23|||62|||380
blockIdx|||32|||25|||18|||380
C|||1|||25|||49|||380
]|||41|||25|||60|||380
n|||233|||25|||126|||380
ii|||1|||12|||24|||381
is_larger|||2|||12|||94|||381
n|||197|||21|||138|||381
x|||74|||21|||169|||381
{|||71|||23|||18|||381
n|||220|||24|||55|||381
n|||7|||0|||68|||382
]|||8|||4|||77|||382
MDeformWeight|||2|||4|||100|||382
m|||5|||8|||74|||382
/|||2|||11|||87|||382
tid|||5|||14|||70|||382
{|||47|||15|||61|||382
data_rows|||2|||16|||65|||382
(|||80|||16|||83|||382
\|||145|||17|||65|||382
;|||118|||21|||96|||382
\|||204|||23|||87|||382
void|||1|||0|||1|||383
paddingChar|||1|||0|||2|||383
,|||1|||0|||8|||383
void|||4|||3|||1|||383
void|||9|||8|||1|||383
void|||17|||15|||1|||383
\|||194|||23|||1|||383
nPixel|||1|||23|||2|||383
void|||27|||24|||1|||383
(|||8|||2|||43|||384
i|||10|||3|||101|||384
for|||2|||3|||122|||384
*|||15|||4|||55|||384
.|||16|||5|||35|||384
=|||28|||6|||32|||384
(|||27|||7|||37|||384
;|||32|||7|||41|||384
<|||14|||7|||47|||384
blockIdx|||10|||8|||38|||384
(|||57|||11|||187|||384
\|||117|||14|||35|||384
n|||135|||15|||35|||384
"|||10|||16|||163|||384
+|||44|||20|||28|||384
.|||84|||21|||176|||384
settings|||2|||25|||36|||384
(|||138|||25|||98|||384
n|||12|||2|||7|||385
*|||44|||11|||31|||385
,|||61|||13|||19|||385
)|||6|||2|||4|||386
,|||4|||3|||10|||386
int|||30|||8|||9|||386
,|||57|||12|||15|||386
NULL|||1|||16|||97|||386
,|||102|||18|||7|||386
,|||43|||11|||7|||387
\|||87|||11|||143|||387
pIndexed|||1|||23|||6|||387
get_maxnodes|||1|||1|||35|||388
gridDim|||1|||3|||30|||388
;|||10|||3|||39|||388
,|||17|||4|||35|||388
x|||16|||6|||35|||388
int|||36|||10|||8|||388
if|||22|||14|||37|||388
.|||52|||15|||31|||388
the|||1|||5|||121|||389
side|||6|||11|||131|||389
;|||112|||19|||124|||389
float|||39|||19|||127|||389
if|||12|||8|||65|||390
\|||137|||16|||137|||390
j|||21|||16|||197|||390
x1|||2|||19|||132|||390
mset|||1|||8|||2|||391
door|||1|||21|||2|||391
copy0|||1|||22|||2|||391
==|||3|||9|||46|||392
y|||17|||17|||63|||392
)|||85|||17|||137|||392
&|||6|||17|||183|||392
MDeformVert|||2|||4|||81|||393
(|||38|||9|||73|||393
)|||58|||12|||88|||393
)|||64|||13|||74|||393
{|||41|||13|||75|||393
\|||220|||25|||84|||393
n|||230|||25|||85|||393
cc|||4|||25|||128|||393
*|||33|||8|||24|||394
float|||24|||11|||26|||394
Pixel|||2|||23|||21|||394
0|||24|||23|||26|||394
{|||73|||24|||16|||394
*|||23|||6|||8|||395
int|||29|||7|||17|||395
+|||13|||7|||27|||395
buffersize|||2|||7|||48|||395
x|||89|||25|||28|||395
=|||112|||25|||101|||395
(|||13|||3|||66|||396
idx|||2|||11|||72|||396
]|||27|||11|||151|||396
data_cols|||2|||16|||69|||396
.|||89|||23|||69|||396
numThreads|||1|||23|||75|||396
int|||25|||6|||4|||397
*|||32|||8|||6|||397
(|||76|||15|||3|||397
i|||9|||3|||92|||398
]|||6|||3|||145|||398
dvert|||1|||4|||6|||398
x|||10|||4|||50|||398
;|||21|||4|||59|||398
=|||15|||4|||73|||398
[|||10|||4|||87|||398
indices|||2|||4|||88|||398
]|||9|||4|||93|||398
:|||1|||4|||94|||398
n|||124|||13|||77|||398
y1|||1|||19|||99|||398
+|||5|||2|||35|||399
)|||51|||11|||113|||399
=|||63|||13|||80|||399
+|||30|||13|||87|||399
rand_r|||3|||19|||111|||399
*|||3|||1|||5|||400
==|||2|||8|||68|||401
\|||69|||9|||172|||401
(|||84|||16|||140|||401
sinf|||2|||19|||135|||401
\|||51|||8|||16|||402
\|||193|||22|||16|||402
generate_v|||1|||3|||57|||403
=|||10|||3|||103|||403
<|||9|||3|||129|||403
neighbors|||1|||3|||142|||403
i|||13|||4|||46|||403
b|||2|||6|||67|||403
&|||2|||9|||108|||403
\|||63|||9|||115|||403
n|||71|||9|||165|||403
\|||68|||9|||167|||403
{|||27|||9|||171|||403
i|||45|||10|||66|||403
4|||2|||15|||56|||403
%d|||1|||16|||144|||403
simd_f_t|||3|||9|||131|||404
)|||41|||9|||137|||404
(|||44|||9|||145|||404
num|||8|||11|||165|||404
;|||113|||19|||154|||404
\|||1|||0|||16|||405
blockIdx|||1|||0|||21|||405
.|||5|||1|||21|||405
.|||6|||1|||25|||405
m|||1|||5|||26|||405
,|||30|||6|||22|||405
,|||48|||11|||22|||405
x|||44|||14|||25|||405
tid|||6|||15|||20|||405
=|||71|||16|||29|||405
,|||88|||17|||18|||405
x|||61|||18|||23|||405
*|||109|||19|||20|||405
blockIdx|||24|||19|||29|||405
\|||171|||20|||33|||405
;|||115|||21|||25|||405
char|||2|||7|||4|||406
int|||67|||14|||20|||406
calc_angles_RR_kernel|||1|||19|||2|||406
{|||58|||19|||23|||406
tid|||7|||19|||27|||406
y2|||2|||19|||123|||406
cosf|||1|||19|||140|||406
if|||29|||19|||157|||406
;|||123|||23|||37|||407
xp|||1|||14|||56|||408
val|||1|||3|||23|||409
.|||23|||7|||25|||409
x|||24|||8|||31|||409
\|||173|||21|||26|||409
threadIdx|||31|||24|||22|||409
.|||96|||25|||23|||409
->|||3|||17|||91|||410
>=|||5|||17|||101|||410
.|||17|||5|||39|||411
\|||49|||7|||42|||411
y|||6|||8|||44|||411
)|||49|||11|||40|||411
x|||40|||12|||41|||411
blockIdx|||15|||13|||33|||411
n|||172|||19|||42|||411
\|||176|||21|||47|||411
n|||224|||25|||42|||411
}|||5|||5|||108|||412
*|||24|||6|||12|||412
i|||25|||6|||49|||412
else|||4|||9|||170|||412
(|||50|||10|||84|||412
/|||3|||13|||47|||412
ptr_double|||2|||13|||101|||412
int|||110|||24|||9|||412
,|||25|||5|||23|||413
j|||9|||8|||36|||413
i|||49|||12|||29|||413
\|||174|||21|||35|||413
in|||1|||8|||13|||414
{|||57|||18|||11|||414
n|||170|||18|||13|||414
b|||5|||20|||13|||414
nx|||1|||22|||13|||414
<|||2|||0|||80|||415
dws|||3|||4|||106|||415
0|||9|||11|||105|||415
index|||9|||11|||118|||415
fid|||3|||16|||95|||415
(|||83|||16|||128|||415
depth|||1|||17|||104|||415
pmask|||1|||17|||125|||415
%|||2|||21|||110|||415
n|||100|||11|||154|||416
x|||48|||15|||28|||416
int|||100|||22|||18|||416
blockDim|||32|||22|||25|||416
)|||16|||4|||116|||417
n|||40|||5|||110|||417
\|||151|||17|||116|||417
,|||101|||17|||194|||417
val|||4|||17|||195|||417
;|||111|||19|||115|||417
n|||60|||8|||85|||418
(|||62|||12|||83|||418
nint|||2|||12|||132|||418
n|||148|||16|||126|||418
=|||97|||21|||122|||418
[|||41|||21|||125|||418
=|||39|||9|||143|||419
\|||66|||9|||151|||419
]|||24|||9|||159|||419
}|||9|||9|||169|||419
\|||89|||11|||178|||419
(|||86|||16|||171|||419
for|||10|||16|||179|||419
++|||9|||16|||206|||419
<|||36|||21|||184|||419
=|||17|||4|||103|||420
threadIdx|||14|||12|||39|||420
0|||21|||19|||86|||420
r_|||1|||15|||37|||421
)|||70|||15|||60|||421
x|||78|||22|||27|||421
\|||140|||16|||177|||422
[|||42|||21|||193|||422
\|||3|||0|||42|||423
n|||44|||6|||46|||423
=|||42|||10|||47|||423
)|||59|||12|||99|||423
.|||44|||13|||30|||423
n|||188|||21|||45|||423
]|||15|||5|||101|||424
;|||37|||9|||87|||424
i|||37|||9|||88|||424
n|||39|||5|||107|||425
;|||50|||11|||50|||425
[|||29|||11|||149|||425
;|||61|||12|||42|||425
.|||45|||13|||34|||425
n|||189|||21|||48|||425
int|||98|||21|||164|||425
;|||9|||3|||24|||426
0|||17|||16|||183|||426
(|||110|||21|||29|||426
,|||119|||25|||119|||426
int|||5|||2|||8|||427
=|||6|||2|||10|||427
\|||19|||3|||55|||427
nodes|||3|||3|||140|||427
,|||27|||6|||10|||427
+|||12|||6|||66|||427
n|||164|||17|||122|||427
\|||162|||19|||59|||427
\|||164|||19|||79|||427
threadIdx|||30|||23|||60|||427
c|||3|||7|||35|||428
)|||25|||7|||39|||428
n|||50|||7|||43|||428
}|||12|||12|||122|||428
\|||101|||12|||123|||428
n|||114|||12|||124|||428
}|||13|||12|||125|||428
n|||117|||12|||138|||428
int|||58|||12|||139|||428
else|||2|||5|||78|||429
{1,|||1|||5|||130|||429
int|||22|||5|||138|||429
[|||24|||9|||110|||429
n|||67|||9|||116|||429
>|||8|||3|||64|||430
;|||14|||3|||83|||430
m|||2|||5|||64|||430
.|||65|||17|||71|||430
x|||71|||21|||69|||430
.|||2|||0|||26|||431
)|||22|||6|||52|||431
i|||29|||7|||18|||431
\|||73|||10|||51|||431
+|||34|||15|||25|||431
y|||12|||16|||53|||431
void|||23|||21|||1|||431
argb|||1|||24|||47|||431
;|||36|||9|||39|||432
&&|||4|||9|||44|||432
[|||33|||15|||65|||432
if|||20|||12|||73|||433
\|||183|||21|||116|||433
*|||10|||4|||12|||434
1|||6|||13|||92|||435
int|||101|||23|||12|||435
;|||132|||24|||79|||435
i|||6|||3|||74|||436
\|||216|||25|||65|||436
float|||3|||4|||33|||437
(|||17|||4|||63|||437
x|||46|||14|||33|||437
,|||90|||17|||25|||437
\|||35|||5|||62|||438
float|||9|||5|||127|||438
int|||23|||5|||149|||438
matrices\n|||1|||5|||180|||438
+|||36|||16|||54|||438
n|||215|||23|||95|||438
rem_thresh|||1|||4|||40|||439
blockDim|||8|||4|||56|||439
=|||16|||4|||84|||439
[|||12|||4|||107|||439
(|||92|||17|||87|||439
,|||92|||17|||133|||439
,|||93|||17|||135|||439
;|||100|||17|||138|||439
pixels|||1|||23|||10|||439
;|||126|||23|||52|||439
threadIdx|||21|||17|||61|||440
argb|||2|||24|||62|||440
>>|||1|||24|||63|||440
n|||119|||12|||152|||441
)|||77|||16|||152|||441
(|||94|||17|||152|||441
int|||96|||21|||153|||441
*|||121|||21|||154|||441
;|||30|||6|||74|||442
{|||30|||10|||95|||442
.|||80|||21|||72|||442
\|||205|||23|||94|||442
)|||115|||24|||65|||442
(|||95|||17|||167|||443
gray|||1|||23|||16|||443
int|||109|||23|||89|||443
0|||25|||23|||92|||443
;|||129|||23|||93|||443
*|||12|||4|||14|||444
,|||13|||4|||19|||444
,|||46|||11|||16|||444
double|||2|||13|||8|||444
mass_flux_x_p|||1|||13|||10|||444
*|||97|||17|||13|||444
for|||1|||3|||72|||445
)|||39|||9|||113|||445
simd_f_t|||2|||9|||117|||445
const|||8|||13|||12|||445
const|||11|||14|||59|||445
x1|||3|||19|||142|||445
cosf|||2|||19|||145|||445
int|||8|||3|||117|||446
,|||19|||4|||114|||446
*|||67|||12|||115|||446
j|||28|||19|||113|||446
n|||179|||19|||117|||446
doors|||4|||21|||118|||446
)|||127|||25|||112|||446
;|||11|||3|||54|||447
\|||50|||7|||51|||447
n|||86|||11|||49|||447
blockIdx|||21|||17|||53|||447
*|||119|||21|||58|||447
)|||40|||9|||127|||448
)|||45|||10|||58|||448
;|||48|||10|||77|||448
data_rows|||3|||16|||151|||448
,|||81|||16|||159|||448
blockIdx|||22|||17|||70|||448
x2|||1|||19|||72|||448
count_closed_doors|||1|||21|||151|||448
{|||68|||21|||161|||448
=|||107|||24|||48|||449
\|||210|||24|||54|||449
int|||76|||16|||220|||450
input|||6|||16|||222|||450
*|||94|||16|||225|||450
;|||18|||3|||119|||451
xdim0_update_halo_kernel3_minus_4_b|||1|||13|||90|||451
fprintf|||1|||16|||127|||451
(|||115|||21|||123|||451
j|||34|||21|||126|||451
]|||38|||21|||127|||451
\|||222|||25|||114|||451
(|||139|||25|||117|||451
len|||2|||9|||90|||452
(|||54|||11|||102|||452
\|||85|||11|||115|||452
(|||82|||16|||103|||452
n|||177|||19|||97|||452
\|||166|||19|||106|||452
threadIdx|||1|||0|||29|||453
threadIdx|||4|||2|||36|||453
int|||33|||8|||35|||453
writing|||1|||16|||113|||453
;|||133|||25|||29|||453
char|||1|||0|||5|||454
update_global_node_set|||1|||1|||2|||454
x|||25|||9|||7|||454
int|||53|||12|||8|||454
double|||1|||13|||4|||454
*|||68|||13|||5|||454
,|||58|||13|||7|||454
MRI|||2|||17|||8|||454
,|||104|||19|||9|||454
n|||15|||2|||54|||455
gridDim|||3|||3|||60|||455
n|||33|||5|||47|||455
\|||60|||9|||48|||455
n|||64|||9|||49|||455
simd_cf_t|||1|||9|||59|||455
y|||10|||9|||123|||455
\|||94|||12|||58|||455
x|||43|||13|||39|||455
if|||21|||13|||52|||455
2;\n\n|||1|||5|||141|||456
=|||80|||17|||143|||456
pmask|||2|||17|||145|||456
n|||166|||17|||148|||456
__alignof__|||2|||9|||62|||457
(|||43|||9|||135|||457
n|||151|||16|||169|||457
(|||2|||0|||36|||458
n|||184|||20|||34|||458
==|||1|||0|||54|||459
[|||27|||10|||65|||459
.|||56|||16|||48|||459
x|||75|||21|||173|||459
]|||4|||3|||102|||460
float|||7|||5|||14|||460
6,|||1|||5|||146|||460
x|||51|||16|||36|||460
\|||131|||16|||78|||460
,|||80|||16|||150|||460
{|||52|||16|||192|||460
++|||2|||3|||133|||461
)|||23|||6|||71|||461
2.0f|||1|||6|||73|||461
n|||138|||15|||63|||461
int|||94|||21|||64|||461
blockIdx|||30|||23|||64|||461
12|||1|||24|||74|||461
probs|||1|||11|||32|||462
box|||1|||11|||34|||462
int|||62|||13|||17|||462
x_size|||1|||13|||18|||462
int|||63|||13|||20|||462
the|||2|||5|||161|||463
output|||1|||5|||162|||463
data_rows|||4|||16|||187|||463
i|||7|||3|||78|||464
MDeformWeight|||1|||4|||11|||464
\|||27|||4|||43|||464
n|||27|||4|||44|||464
int|||14|||4|||45|||464
.|||87|||23|||61|||464
pp|||1|||25|||100|||464
}|||4|||5|||105|||465
and|||1|||5|||125|||465
+|||32|||13|||110|||465
simd_cf_t|||4|||9|||141|||466
\|||77|||10|||87|||466
int|||50|||11|||128|||466
[|||30|||11|||181|||466
n|||144|||16|||92|||466
fid|||6|||16|||158|||466
if|||32|||21|||107|||466
n|||63|||9|||41|||467
{|||26|||9|||100|||467
y|||11|||16|||49|||467
"|||4|||16|||115|||467
,|||77|||16|||130|||467
\|||138|||16|||154|||467
;|||90|||16|||167|||467
{|||51|||16|||176|||467
update_ghost_nodes|||1|||3|||27|||468
temp_sol|||2|||3|||37|||468
m|||6|||8|||91|||468
\|||186|||21|||140|||468
n__global__|||2|||21|||149|||468
void|||25|||21|||150|||468
)|||2|||0|||40|||469
const|||1|||1|||11|||469
y|||2|||2|||17|||469
if|||4|||2|||42|||469
,|||15|||4|||29|||469
m2_rows)|||1|||5|||170|||469
)|||24|||7|||13|||469
.|||25|||8|||22|||469
,|||37|||9|||17|||469
,|||42|||10|||13|||469
MAT4|||1|||15|||12|||469
major|||1|||16|||19|||469
*|||98|||17|||23|||469
x|||54|||17|||38|||469
n|||185|||21|||10|||469
]|||36|||21|||40|||469
uint8_t|||1|||24|||12|||469
{|||75|||25|||12|||469
blockDim|||4|||2|||32|||470
<|||8|||3|||79|||470
\|||52|||8|||33|||470
threadIdx|||10|||8|||46|||470
int|||69|||15|||41|||470
.|||53|||16|||31|||470
{|||50|||16|||99|||470
if|||15|||10|||62|||471
{|||76|||25|||40|||471
i|||1|||1|||14|||472
x|||4|||1|||18|||472
n|||48|||7|||16|||472
.|||22|||7|||21|||472
\|||122|||15|||17|||472
blockIdx|||25|||20|||21|||472
blockIdx|||29|||22|||21|||472
int|||112|||25|||15|||472
index|||7|||3|||118|||473
defgrp_idx|||2|||4|||115|||473
n|||55|||8|||51|||473
;|||88|||16|||136|||473
]|||35|||19|||114|||473
i|||70|||21|||111|||473
(|||130|||24|||96|||473
{|||78|||25|||113|||473
(|||16|||4|||3|||474
defgrp_idx|||1|||4|||9|||474
,|||21|||5|||10|||474
*|||31|||8|||5|||474
(|||52|||11|||3|||474
*|||58|||12|||9|||474
*|||96|||17|||9|||474
float|||32|||19|||10|||474
*|||124|||22|||5|||474
(|||132|||25|||3|||474
.|||14|||4|||53|||475
n|||106|||12|||53|||475
threadIdx|||19|||16|||55|||475
i|||15|||4|||76|||476
largest|||2|||10|||69|||476
=|||43|||10|||72|||476
0|||11|||12|||64|||476
.|||79|||21|||68|||476
x|||81|||23|||70|||476
(|||126|||24|||70|||476
n|||22|||3|||98|||477
,|||28|||6|||14|||477
x|||17|||6|||39|||477
=|||41|||10|||40|||477
float|||22|||10|||45|||477
+|||41|||19|||36|||477
side|||9|||11|||160|||478
(|||56|||11|||168|||478
data_range|||2|||16|||165|||478
a|||2|||6|||62|||479
SRSLTE_SIMD_F_SIZE|||1|||9|||47|||479
(|||61|||12|||74|||479
n|||2|||0|||34|||480
if|||2|||0|||51|||480
src|||1|||24|||7|||480
x|||84|||24|||24|||480
.|||94|||24|||31|||480
i|||5|||3|||19|||481
)|||68|||14|||75|||481
(|||3|||0|||52|||482
.|||13|||4|||49|||482
count|||2|||5|||49|||482
]|||17|||6|||65|||482
input|||3|||10|||64|||482
+|||19|||11|||63|||482
if|||23|||16|||61|||482
n|||173|||19|||51|||482
void|||24|||21|||54|||482
++|||6|||13|||73|||483
ushort|||1|||14|||54|||483
*|||82|||14|||55|||483
n|||133|||14|||67|||483
tp|||2|||14|||68|||483
index|||8|||3|||138|||484
{|||17|||6|||53|||484
n|||78|||10|||52|||484
num|||9|||11|||171|||484
\|||126|||15|||62|||484
n|||210|||23|||54|||484
\|||215|||25|||52|||484
=|||113|||25|||129|||484
n|||4|||0|||47|||485
\|||15|||2|||53|||485
{|||19|||7|||50|||485
<|||23|||12|||48|||485
;|||82|||16|||41|||485
.|||60|||17|||41|||485
x|||55|||17|||42|||485
;|||125|||23|||47|||485
==|||11|||25|||48|||485
)|||13|||3|||134|||486
for|||6|||11|||101|||486
{|||33|||11|||114|||486
\|||86|||11|||126|||486
)|||52|||11|||166|||486
}|||17|||16|||124|||486
\n|||4|||16|||162|||486
\|||201|||23|||55|||486
threadIdx|||3|||2|||19|||487
x|||18|||6|||43|||487
*|||50|||11|||132|||487
{|||46|||15|||16|||487
.|||10|||2|||29|||488
x|||21|||7|||30|||488
.|||27|||8|||30|||488
=|||106|||24|||21|||488
(|||37|||9|||68|||489
&|||3|||9|||122|||489
&|||7|||24|||66|||489
"|||11|||16|||215|||490
x|||58|||17|||170|||490
,|||97|||17|||175|||490
(|||104|||19|||141|||490
*|||112|||19|||144|||490
+|||47|||21|||128|||490
\|||59|||9|||40|||491
FLT_MAX|||1|||10|||49|||491
n|||23|||3|||107|||492
)|||26|||7|||49|||492
a|||3|||9|||104|||492
box_index|||2|||11|||190|||492
n|||162|||17|||115|||492
;|||120|||21|||133|||492
{|||69|||21|||187|||492
;|||140|||25|||124|||492
*|||47|||11|||75|||493
side|||5|||11|||97|||493
;|||55|||11|||110|||493
*|||52|||11|||138|||493
&&|||6|||9|||71|||494
i|||47|||10|||91|||494
\|||83|||11|||90|||494
\|||147|||17|||84|||494
(|||1|||0|||3|||495
=|||2|||0|||64|||495
side|||3|||11|||76|||495
xpp|||1|||14|||8|||495
j|||20|||16|||67|||495
blockDim|||25|||17|||74|||495
&|||10|||25|||56|||495
<|||40|||25|||105|||495
++|||12|||25|||110|||495
blockIdx|||8|||7|||20|||496
blockIdx|||16|||14|||23|||496
.|||86|||22|||26|||496
index|||6|||0|||79|||497
[|||23|||8|||95|||497
(|||74|||14|||81|||497
(|||81|||16|||94|||497
]|||33|||19|||77|||497
\|||25|||3|||120|||498
Define|||1|||5|||120|||498
n|||125|||13|||95|||498
i|||35|||8|||93|||499
]|||21|||8|||94|||499
)|||61|||12|||135|||499
\|||130|||16|||72|||499
