]|||3|||0|||73|||0
]|||4|||1|||55|||0
]|||9|||2|||69|||0
]|||14|||3|||63|||0
]|||15|||3|||70|||0
)|||50|||7|||85|||0
]|||66|||9|||221|||0
]|||68|||10|||64|||0
mri_dof|||1|||17|||13|||1
mri_dof|||2|||17|||206|||1
(|||86|||11|||137|||2
(|||123|||14|||133|||2
data_rows|||3|||16|||132|||2
d|||13|||21|||145|||2
)|||30|||4|||115|||3
)|||45|||6|||123|||3
)|||68|||9|||163|||3
)|||122|||14|||122|||3
)|||182|||19|||115|||3
)|||216|||24|||94|||3
)|||224|||25|||101|||3
weight|||1|||4|||138|||4
known_sum|||2|||12|||77|||4
known_sum|||4|||12|||141|||4
tmp|||1|||14|||32|||4
tmp|||3|||14|||126|||4
mask|||2|||17|||144|||4
mask|||3|||17|||152|||4
tmp|||4|||19|||88|||4
tmp|||5|||19|||119|||4
dst|||1|||24|||13|||4
dst|||2|||24|||97|||4
dst|||3|||24|||104|||4
dst|||4|||24|||111|||4
dst|||5|||24|||117|||4
(|||4|||0|||75|||5
(|||7|||0|||86|||5
(|||11|||1|||58|||5
(|||59|||9|||47|||5
(|||140|||15|||77|||5
\n|||5|||16|||82|||5
(|||162|||17|||71|||5
(|||194|||21|||78|||5
(|||195|||21|||98|||5
(|||210|||24|||55|||5
(|||211|||24|||56|||5
=|||22|||3|||106|||6
=|||69|||10|||123|||6
=|||95|||12|||78|||6
=|||99|||13|||36|||6
=|||101|||13|||64|||6
=|||136|||17|||115|||6
=|||148|||19|||96|||6
=|||169|||23|||105|||6
=|||175|||24|||100|||6
=|||180|||25|||83|||6
(|||12|||2|||2|||7
(|||13|||2|||16|||7
(|||16|||3|||2|||7
(|||35|||5|||2|||7
(|||51|||8|||2|||7
f|||1|||10|||1|||7
401|||1|||10|||2|||7
(|||103|||13|||3|||7
write_graphics|||1|||16|||1|||7
(|||142|||16|||2|||7
zero_array|||1|||18|||1|||7
(|||174|||18|||2|||7
(|||189|||21|||2|||7
(|||199|||22|||2|||7
inner|||1|||25|||2|||7
sizeof|||1|||5|||54|||8
sizeof|||2|||15|||82|||8
-1|||1|||3|||169|||9
-1|||2|||3|||187|||9
m1|||1|||5|||4|||9
m1|||2|||5|||24|||9
m1|||3|||5|||32|||9
m1|||4|||5|||46|||9
m1|||5|||5|||69|||9
m1|||6|||5|||85|||9
x1|||1|||19|||41|||9
y1|||1|||19|||72|||9
x1|||2|||19|||99|||9
y1|||2|||19|||104|||9
x1|||3|||19|||109|||9
y1|||3|||19|||114|||9
for|||1|||0|||24|||10
for|||10|||5|||93|||10
for|||15|||6|||107|||10
for|||16|||6|||111|||10
for|||17|||7|||29|||10
for|||19|||8|||33|||10
for|||21|||9|||125|||10
for|||37|||15|||21|||10
for|||41|||16|||138|||10
0|||56|||16|||207|||10
"|||21|||16|||221|||10
for|||45|||17|||84|||10
for|||56|||25|||86|||10
for|||57|||25|||112|||10
*|||2|||0|||82|||11
*|||41|||11|||105|||11
*|||53|||11|||270|||11
*|||71|||14|||116|||11
*|||78|||14|||225|||11
pixels|||1|||23|||9|||12
pixels|||2|||23|||21|||12
pixel|||1|||23|||49|||12
pixels|||3|||23|||52|||12
pixel|||2|||23|||62|||12
{|||15|||4|||116|||13
{|||17|||4|||135|||13
{|||20|||5|||76|||13
{|||32|||9|||51|||13
{|||40|||10|||133|||13
{|||50|||13|||46|||13
{|||53|||13|||84|||13
{|||67|||16|||151|||13
{|||81|||20|||7|||13
{|||89|||21|||127|||13
{|||101|||25|||102|||13
{|||102|||25|||128|||13
defgrp_idx|||1|||4|||8|||14
defvert_find_index|||1|||4|||94|||14
defgrp_idx|||2|||4|||98|||14
p_index|||1|||11|||102|||14
p_index|||2|||11|||121|||14
box_index|||1|||11|||125|||14
box_index|||2|||11|||157|||14
box_index|||3|||11|||179|||14
box_index|||4|||11|||202|||14
box_index|||5|||11|||229|||14
class_index|||1|||11|||260|||14
class_index|||2|||11|||273|||14
=|||60|||9|||175|||15
=|||61|||9|||212|||15
,|||8|||4|||9|||16
,|||23|||5|||12|||16
,|||27|||6|||13|||16
,|||96|||15|||8|||16
,|||157|||23|||10|||16
;|||8|||1|||12|||17
;|||16|||2|||20|||17
;|||52|||5|||19|||17
;|||73|||7|||18|||17
;|||264|||21|||21|||17
*|||82|||14|||298|||18
rows|||1|||5|||30|||19
rows|||2|||5|||34|||19
rows|||3|||5|||38|||19
rows|||4|||5|||48|||19
rows|||5|||5|||52|||19
rows|||6|||5|||71|||19
rows|||7|||5|||103|||19
fields|||1|||13|||18|||19
fields|||2|||13|||102|||19
rows|||8|||19|||4|||19
rows|||9|||19|||34|||19
&|||1|||4|||70|||20
&|||7|||9|||185|||20
&|||8|||14|||71|||20
&|||10|||23|||68|||20
||||2|||24|||54|||20
&|||12|||24|||61|||20
(|||58|||9|||42|||21
(|||118|||14|||69|||21
v|||3|||15|||69|||21
(|||203|||23|||75|||21
(|||222|||25|||62|||21
(|||223|||25|||73|||21
the|||1|||25|||1|||22
of|||1|||25|||4|||22
the|||2|||25|||5|||22
,|||108|||16|||89|||23
fid|||6|||16|||106|||23
for|||40|||16|||124|||23
;|||218|||16|||198|||23
;|||276|||21|||151|||23
,|||11|||4|||22|||24
,|||21|||4|||159|||24
,|||41|||9|||16|||24
,|||42|||9|||106|||24
,|||55|||11|||24|||24
,|||69|||13|||8|||24
,|||91|||14|||178|||24
,|||97|||15|||18|||24
,|||122|||17|||17|||24
,|||136|||17|||170|||24
,|||137|||17|||172|||24
,|||141|||17|||192|||24
,|||165|||25|||147|||24
const|||6|||13|||14|||25
const|||10|||14|||276|||25
mask|||1|||17|||50|||25
const|||16|||24|||41|||25
const|||17|||24|||65|||25
if|||2|||4|||110|||26
if|||6|||8|||47|||26
if|||11|||13|||100|||26
if|||12|||13|||130|||26
if|||14|||14|||199|||26
if|||20|||19|||122|||26
if|||22|||21|||112|||26
if|||23|||23|||97|||26
if|||24|||25|||37|||26
FILE|||1|||16|||24|||27
P2|||1|||16|||81|||27
)|||86|||11|||143|||28
)|||87|||11|||163|||28
)|||123|||14|||136|||28
)|||184|||19|||127|||28
)|||226|||25|||127|||28
float|||5|||4|||58|||29
float|||6|||5|||56|||29
float|||17|||10|||30|||29
float|||20|||11|||28|||29
float|||22|||11|||266|||29
float|||30|||19|||71|||29
n|||1|||6|||4|||30
n|||2|||6|||49|||30
n|||8|||10|||12|||30
n|||12|||11|||46|||30
n|||17|||11|||114|||30
n|||18|||11|||142|||30
buffersize|||1|||7|||8|||31
buffersize|||2|||7|||37|||31
}|||25|||7|||92|||31
Chunk|||1|||25|||11|||31
chunks|||1|||25|||13|||31
chunks|||2|||25|||50|||31
chunks|||3|||25|||105|||31
chunks|||4|||25|||142|||31
chunks|||5|||25|||150|||31
chunks|||6|||25|||160|||31
cols|||1|||5|||22|||32
cols|||2|||5|||26|||32
vals|||1|||5|||42|||32
vals|||2|||5|||79|||32
vals|||3|||5|||87|||32
vals|||4|||5|||111|||32
vals|||5|||5|||119|||32
%|||13|||16|||222|||33
(|||230|||25|||174|||33
!|||1|||7|||67|||34
[|||52|||7|||70|||34
▁|||7|||12|||101|||34
▁|||8|||12|||103|||34
▁|||11|||12|||110|||34
not|||1|||16|||60|||34
created|||1|||16|||62|||34
opened|||1|||16|||64|||34
"|||10|||16|||70|||34
;|||215|||16|||174|||34
fid|||10|||16|||243|||34
=|||11|||2|||12|||35
=|||23|||3|||166|||35
=|||54|||9|||82|||35
=|||55|||9|||94|||35
=|||56|||9|||102|||35
=|||80|||11|||175|||35
=|||113|||14|||152|||35
=|||114|||14|||167|||35
=|||119|||14|||279|||35
,|||113|||16|||155|||35
=|||138|||17|||162|||35
=|||176|||24|||106|||35
ncx_getn_ushort_uint|||1|||14|||1|||36
uint|||1|||14|||12|||36
uint|||2|||14|||169|||36
uint|||3|||14|||180|||36
ncx_get_ushort_uint|||1|||14|||280|||36
>>|||1|||0|||85|||37
>>|||2|||23|||87|||37
>>|||3|||24|||48|||37
>>|||4|||24|||58|||37
>>|||5|||24|||72|||37
||||3|||24|||78|||37
>>|||6|||24|||82|||37
==|||15|||21|||69|||38
==|||19|||25|||66|||38
==|||20|||25|||134|||38
==|||21|||25|||178|||38
?|||1|||4|||74|||39
?|||2|||4|||88|||39
?|||3|||11|||209|||39
?|||4|||11|||236|||39
?|||5|||11|||291|||39
?|||6|||14|||234|||39
]|||33|||3|||206|||40
]|||82|||11|||281|||40
]|||87|||13|||135|||40
]|||119|||25|||145|||40
,|||13|||4|||30|||41
,|||15|||4|||36|||41
,|||16|||4|||97|||41
,|||32|||7|||56|||41
;|||78|||7|||86|||41
,|||44|||9|||179|||41
,|||48|||10|||16|||41
,|||58|||11|||36|||41
,|||70|||13|||13|||41
,|||89|||14|||118|||41
,|||124|||17|||24|||41
,|||125|||17|||32|||41
,|||130|||17|||49|||41
(|||30|||4|||111|||42
(|||61|||9|||72|||42
(|||69|||9|||169|||42
(|||77|||10|||84|||42
(|||95|||11|||298|||42
(|||99|||12|||79|||42
(|||113|||13|||151|||42
(|||120|||14|||99|||42
(|||179|||19|||98|||42
(|||182|||19|||113|||42
(|||196|||21|||113|||42
(|||214|||24|||79|||42
(|||215|||24|||80|||42
MDeformVert|||1|||4|||3|||43
dvert|||1|||4|||5|||43
mri|||1|||17|||5|||43
mri|||2|||17|||54|||43
mri|||3|||17|||60|||43
mri|||4|||17|||66|||43
mri|||5|||17|||165|||43
100000|||1|||19|||65|||44
site_def|||1|||1|||5|||45
{|||19|||5|||9|||45
{|||27|||8|||14|||45
{|||46|||12|||4|||45
{|||76|||18|||11|||45
(|||2|||0|||25|||46
(|||15|||2|||44|||46
(|||20|||3|||38|||46
(|||49|||7|||44|||46
(|||50|||7|||54|||46
(|||83|||11|||49|||46
(|||104|||13|||33|||46
(|||139|||15|||43|||46
==|||10|||16|||47|||46
(|||191|||21|||35|||46
(|||5|||0|||79|||47
(|||6|||0|||80|||47
(|||43|||6|||80|||47
(|||71|||9|||184|||47
(|||76|||10|||68|||47
(|||119|||14|||78|||47
(|||135|||14|||288|||47
(|||167|||17|||141|||47
(|||204|||23|||85|||47
:|||3|||7|||60|||48
]|||51|||7|||65|||48
]|||52|||7|||73|||48
d|||4|||12|||100|||48
d|||5|||12|||109|||48
d|||6|||12|||132|||48
data_rows|||2|||16|||101|||48
fprintf|||6|||16|||104|||48
)|||149|||16|||122|||48
)|||153|||16|||173|||48
(|||159|||16|||242|||48
\n|||10|||21|||133|||48
cnt|||3|||21|||149|||48
;|||97|||9|||152|||49
;|||133|||11|||244|||49
;|||240|||17|||188|||49
;|||243|||17|||224|||49
;|||316|||25|||198|||49
j|||12|||3|||87|||50
j|||15|||3|||141|||50
j|||16|||3|||156|||50
j|||21|||8|||51|||50
j|||23|||8|||72|||50
j|||24|||11|||44|||50
j|||27|||11|||256|||50
j|||29|||11|||283|||50
j|||34|||14|||102|||50
j|||40|||15|||58|||50
d|||10|||16|||158|||50
j|||51|||19|||59|||50
j|||56|||21|||52|||50
j|||58|||21|||61|||50
}|||11|||3|||208|||51
}|||71|||17|||216|||51
}|||72|||17|||217|||51
}|||73|||17|||218|||51
hist|||1|||19|||20|||52
hist|||2|||19|||148|||52
)|||20|||3|||51|||53
)|||57|||9|||44|||53
)|||74|||10|||48|||53
)|||75|||10|||58|||53
)|||97|||12|||49|||53
ENDCOM|||7|||12|||58|||53
)|||193|||21|||71|||53
int|||5|||3|||15|||54
int|||8|||4|||15|||54
int|||14|||6|||3|||54
int|||29|||11|||16|||54
int|||43|||12|||11|||54
int|||58|||16|||17|||54
int|||65|||18|||3|||54
int|||75|||21|||5|||54
int|||89|||24|||8|||54
,|||64|||12|||102|||55
known_sum|||3|||12|||114|||55
,|||66|||12|||115|||55
,|||68|||12|||135|||55
,|||73|||13|||77|||55
DEBUG_X|||1|||17|||130|||55
,|||163|||25|||106|||55
,|||164|||25|||108|||55
*|||16|||4|||12|||56
*|||18|||4|||25|||56
*|||19|||4|||67|||56
*|||25|||6|||19|||56
*|||31|||9|||10|||56
*|||33|||10|||8|||56
*|||36|||11|||29|||56
*|||37|||11|||30|||56
*|||55|||13|||5|||56
*|||56|||13|||10|||56
*|||66|||14|||13|||56
*|||84|||15|||68|||56
*|||87|||16|||25|||56
*|||92|||17|||12|||56
*|||99|||19|||14|||56
*|||119|||25|||12|||56
uint64_t|||2|||0|||13|||57
simd_f_t|||1|||9|||80|||57
simd_cf_t|||4|||9|||173|||57
uint32_t|||3|||24|||34|||57
uint8_t|||2|||24|||42|||57
uint8_t|||3|||24|||66|||57
;|||21|||2|||83|||58
;|||59|||5|||98|||58
ii|||3|||12|||73|||58
;|||232|||17|||89|||58
;|||54|||5|||39|||59
;|||164|||14|||30|||59
;|||166|||14|||40|||59
;|||181|||14|||211|||59
;|||241|||17|||203|||59
;|||267|||21|||44|||59
;|||305|||25|||32|||59
index|||1|||3|||75|||60
index|||2|||3|||91|||60
index|||3|||3|||109|||60
index|||4|||11|||93|||60
index|||8|||11|||220|||60
index|||10|||11|||304|||60
GammaHV|||1|||3|||151|||61
X_SIZEOF_USHORT|||1|||14|||20|||61
SIZEOF_USHORT|||1|||14|||22|||61
SIZEOF_USHORT|||2|||14|||75|||61
SIZEOF_USHORT|||3|||14|||121|||61
X_SIZEOF_USHORT|||2|||14|||270|||61
}|||1|||0|||50|||62
▁|||1|||7|||61|||62
}|||27|||8|||64|||62
ENDCOM|||5|||9|||33|||62
▁|||16|||16|||57|||62
xpp|||1|||14|||7|||63
xpp|||2|||14|||64|||63
xpp|||3|||14|||117|||63
xpp|||4|||14|||138|||63
xpp|||5|||14|||210|||63
xpp|||6|||14|||221|||63
xpp|||7|||14|||251|||63
xpp|||8|||14|||299|||63
srslte_simd_cfi_storeu|||1|||9|||183|||64
_SX|||1|||14|||18|||64
LOOPCNT|||1|||14|||34|||64
nrange|||1|||14|||42|||64
nrange|||2|||14|||87|||64
LOOPCNT|||2|||14|||93|||64
LOOPCNT|||3|||14|||104|||64
loopcnt=LOOPCNT|||1|||14|||143|||64
shortloop|||1|||14|||147|||64
Min|||2|||14|||175|||64
nrange|||3|||14|||189|||64
nrange|||4|||14|||231|||64
lstatus|||2|||14|||289|||64
lstatus|||3|||14|||295|||64
(|||8|||1|||4|||65
(|||55|||9|||2|||65
(|||96|||12|||2|||65
out|||1|||15|||4|||65
start|||1|||19|||7|||65
(|||206|||24|||2|||65
i|||1|||0|||27|||66
i|||81|||7|||35|||66
i|||153|||16|||29|||66
i|||164|||18|||23|||66
i|||167|||19|||30|||66
i|||175|||21|||37|||66
++|||5|||3|||50|||67
++|||6|||3|||88|||67
++|||8|||5|||73|||67
++|||13|||6|||90|||67
++|||14|||6|||122|||67
++|||17|||8|||44|||67
++|||19|||10|||46|||67
++|||20|||10|||77|||67
++|||21|||10|||130|||67
++|||25|||12|||48|||67
++|||26|||13|||44|||67
++|||31|||15|||52|||67
++|||42|||19|||36|||67
++|||44|||21|||22|||67
++|||54|||24|||118|||67
++|||56|||25|||99|||67
col|||1|||11|||72|||68
temp_sol|||1|||3|||8|||69
step_sol|||1|||3|||12|||69
x_sol|||1|||3|||53|||69
x_sol|||2|||3|||112|||69
y_sol|||2|||3|||129|||69
hv_sol|||2|||3|||146|||69
step_sol|||2|||3|||162|||69
y_sol|||3|||3|||197|||69
i|||156|||16|||134|||70
==|||12|||17|||129|||70
height|||1|||17|||39|||71
depth|||1|||17|||41|||71
height|||2|||17|||58|||71
height|||3|||17|||62|||71
depth|||2|||17|||64|||71
depth|||3|||17|||68|||71
depth|||4|||17|||78|||71
height|||4|||17|||92|||71
;|||4|||0|||49|||72
;|||26|||3|||42|||72
;|||42|||4|||49|||72
;|||85|||8|||63|||72
ENDCOM|||8|||13|||31|||72
;|||200|||15|||51|||72
;|||225|||17|||45|||72
v|||4|||23|||56|||72
{|||7|||2|||28|||73
{|||22|||6|||26|||73
{|||77|||18|||26|||73
{|||78|||19|||22|||73
{|||83|||21|||25|||73
{|||97|||25|||19|||73
100|||1|||10|||118|||74
100|||2|||12|||45|||74
100|||3|||12|||82|||74
100|||4|||21|||20|||74
100|||5|||21|||43|||74
100|||6|||21|||58|||74
100|||7|||21|||106|||74
matrix|||1|||5|||0|||75
concat_matrix|||1|||5|||1|||75
matrix|||2|||5|||3|||75
matrix|||3|||5|||6|||75
matrix|||4|||5|||17|||75
;|||95|||9|||127|||76
;|||96|||9|||135|||76
;|||132|||11|||217|||76
;|||183|||14|||219|||76
;|||220|||16|||212|||76
;|||315|||25|||189|||76
&|||2|||9|||73|||77
&|||3|||9|||85|||77
&|||5|||9|||146|||77
&|||9|||17|||100|||77
&|||11|||24|||51|||77
&|||13|||24|||75|||77
&|||14|||24|||85|||77
&|||16|||25|||140|||77
j|||2|||2|||31|||78
j|||7|||2|||71|||78
j|||17|||8|||18|||78
j|||20|||8|||43|||78
j|||30|||14|||27|||78
j|||36|||15|||23|||78
j|||38|||15|||32|||78
j|||62|||22|||18|||78
j|||67|||22|||41|||78
"|||1|||7|||57|||79
,|||34|||7|||78|||79
"|||3|||12|||91|||79
"|||4|||12|||112|||79
"|||5|||12|||123|||79
"|||6|||12|||134|||79
"|||7|||16|||39|||79
;|||205|||16|||43|||79
▁|||15|||16|||55|||79
}|||63|||16|||75|||79
;|||208|||16|||85|||79
%|||9|||16|||91|||79
,|||109|||16|||98|||79
"|||15|||16|||108|||79
major|||2|||16|||119|||79
+|||31|||16|||170|||79
fprintf|||8|||16|||176|||79
<|||31|||16|||196|||79
)|||155|||16|||201|||79
;|||221|||16|||239|||79
"|||23|||16|||245|||79
"|||25|||21|||130|||79
)|||197|||21|||137|||79
\n|||11|||21|||146|||79
SRSLTE_IS_ALIGNED|||1|||9|||36|||80
SRSLTE_IS_ALIGNED|||2|||9|||41|||80
SRSLTE_IS_ALIGNED|||3|||9|||46|||80
update_halo_kernel3_minus_4_b_c_wrapper|||1|||13|||2|||80
memcpy|||2|||15|||76|||80
generate_u|||1|||3|||27|||81
#if|||1|||9|||27|||81
last_i|||1|||12|||25|||81
start|||3|||19|||32|||81
src_end|||1|||24|||20|||81
0|||7|||2|||33|||82
0|||10|||3|||58|||82
0|||15|||5|||15|||82
0|||18|||6|||45|||82
0|||20|||7|||17|||82
0|||21|||7|||33|||82
0|||23|||10|||28|||82
0|||33|||12|||19|||82
0|||34|||12|||27|||82
0|||50|||15|||25|||82
0|||62|||18|||17|||82
0|||63|||18|||32|||82
0|||65|||21|||31|||82
0|||72|||25|||25|||82
;|||34|||3|||104|||83
;|||47|||4|||109|||83
;|||60|||5|||104|||83
;|||61|||5|||123|||83
;|||70|||6|||116|||83
;|||128|||11|||123|||83
;|||234|||17|||111|||83
;|||255|||19|||93|||83
i|||106|||9|||204|||84
i|||109|||9|||220|||84
tp|||1|||14|||14|||85
tp|||2|||14|||163|||85
tp|||3|||14|||216|||85
tp|||4|||14|||272|||85
tp|||5|||14|||284|||85
1|||4|||2|||45|||86
1|||5|||2|||60|||86
1|||9|||8|||24|||86
1|||10|||8|||37|||86
1|||11|||8|||75|||86
1|||17|||12|||23|||86
1|||18|||12|||41|||86
1|||22|||13|||95|||86
1|||27|||21|||54|||86
1|||30|||23|||29|||86
1|||31|||23|||88|||86
j|||8|||2|||79|||87
j|||11|||3|||83|||87
j|||13|||3|||100|||87
j|||14|||3|||124|||87
j|||28|||11|||275|||87
d|||11|||16|||223|||87
j|||54|||19|||76|||87
j|||55|||19|||84|||87
j|||61|||21|||81|||87
j|||63|||22|||22|||87
)|||5|||0|||84|||88
)|||7|||0|||93|||88
)|||44|||6|||103|||88
)|||98|||12|||65|||88
)|||105|||13|||60|||88
)|||118|||14|||73|||88
)|||140|||15|||85|||88
)|||163|||17|||96|||88
)|||194|||21|||85|||88
)|||213|||24|||77|||88
j|||6|||2|||63|||89
j|||39|||15|||37|||89
j|||52|||19|||63|||89
j|||59|||21|||66|||89
j|||60|||21|||75|||89
n_x|||1|||13|||50|||90
n_x|||3|||13|||58|||90
vol_flux_x|||1|||13|||63|||90
n_x|||4|||13|||68|||90
FIELD_VOL_FLUX_X|||1|||13|||104|||90
vol_flux_x|||2|||13|||111|||90
vol_flux_x|||3|||13|||122|||90
mass_flux_x|||2|||13|||141|||90
mass_flux_x|||3|||13|||152|||90
/|||1|||6|||70|||91
/|||3|||10|||89|||91
/|||4|||10|||93|||91
/|||7|||11|||68|||91
/|||9|||11|||186|||91
/|||10|||12|||84|||91
for|||39|||16|||66|||91
/|||12|||19|||143|||91
,|||65|||12|||113|||92
,|||74|||13|||96|||92
,|||139|||17|||181|||92
cheby_alphas|||1|||25|||155|||92
b3d9c82c5f695f932c9f504d2b6a592|||1|||10|||3|||93
)|||9|||1|||19|||94
)|||12|||2|||3|||94
)|||14|||2|||41|||94
)|||16|||3|||13|||94
)|||25|||3|||201|||94
)|||26|||4|||39|||94
)|||49|||7|||51|||94
)|||52|||8|||32|||94
)|||54|||8|||52|||94
)|||55|||9|||20|||94
)|||106|||13|||108|||94
)|||110|||13|||138|||94
)|||129|||14|||202|||94
)|||137|||15|||11|||94
if|||16|||16|||44|||94
)|||170|||17|||185|||94
)|||200|||22|||32|||94
)|||201|||23|||16|||94
)|||202|||23|||46|||94
)|||230|||25|||180|||94
OPS_ACC|||1|||13|||109|||95
OPS_ACC|||2|||13|||120|||95
BUFTYPE|||1|||17|||46|||95
NO_ERROR|||1|||17|||222|||95
)|||18|||3|||30|||96
schedule(static)|||1|||6|||38|||96
)|||48|||7|||41|||96
)|||53|||8|||45|||96
)|||73|||10|||20|||96
)|||82|||11|||39|||96
)|||138|||15|||33|||96
)|||161|||17|||28|||96
)|||177|||19|||38|||96
for|||4|||2|||15|||97
for|||5|||2|||29|||97
for|||12|||6|||41|||97
for|||18|||8|||20|||97
for|||25|||10|||120|||97
for|||29|||12|||32|||97
for|||35|||14|||149|||97
for|||36|||14|||258|||97
fprintf|||7|||16|||152|||97
for|||46|||17|||112|||97
for|||47|||18|||12|||97
for|||48|||19|||23|||97
for|||50|||21|||11|||97
for|||54|||22|||20|||97
for|||55|||25|||20|||97
r|||1|||9|||101|||98
r|||2|||9|||118|||98
r|||3|||9|||174|||98
r|||4|||9|||191|||98
rand_r|||1|||19|||15|||98
rand_r|||2|||19|||51|||98
rand_r|||3|||19|||82|||98
r|||5|||23|||40|||98
r|||6|||23|||65|||98
r|||7|||23|||71|||98
r|||8|||23|||73|||98
r|||9|||23|||76|||98
r|||10|||23|||86|||98
}|||38|||10|||97|||99
}|||92|||23|||112|||99
}|||93|||23|||113|||99
int|||2|||0|||53|||100
int|||4|||2|||10|||100
int|||7|||4|||7|||100
int|||9|||4|||19|||100
int|||13|||5|||10|||100
int|||16|||7|||7|||100
int|||17|||7|||10|||100
int|||20|||8|||11|||100
int|||26|||11|||7|||100
int|||31|||11|||22|||100
int|||38|||11|||124|||100
int|||41|||12|||5|||100
int|||44|||12|||14|||100
int|||55|||15|||16|||100
int|||56|||16|||11|||100
int|||59|||16|||20|||100
,|||115|||16|||179|||100
int|||64|||17|||30|||100
int|||66|||18|||8|||100
int|||69|||19|||6|||100
int|||70|||19|||18|||100
int|||73|||19|||151|||100
int|||74|||20|||1|||100
int|||76|||21|||13|||100
int|||81|||22|||13|||100
i|||8|||0|||72|||101
i|||15|||1|||54|||101
i|||22|||2|||68|||101
i|||29|||3|||62|||101
i|||48|||4|||63|||101
c|||7|||7|||84|||101
i|||115|||10|||63|||101
i|||139|||12|||53|||101
parallel|||1|||6|||32|||102
Settings|||1|||25|||15|||102
settings|||1|||25|||17|||102
settings|||2|||25|||29|||102
width|||1|||17|||37|||103
width|||2|||17|||52|||103
width|||3|||17|||56|||103
width|||4|||17|||120|||103
dws|||1|||4|||13|||104
dws|||2|||4|||87|||104
dws|||3|||4|||89|||104
temp_sol|||2|||3|||24|||105
y_sol|||1|||3|||60|||105
hv_sol|||1|||3|||67|||105
hv_sol|||3|||3|||203|||105
==|||3|||9|||31|||106
)|||144|||16|||49|||106
{|||64|||16|||50|||106
==|||14|||17|||137|||106
==|||18|||25|||42|||106
]|||43|||6|||63|||107
▁|||2|||7|||66|||107
]|||56|||8|||70|||107
]|||85|||11|||308|||107
]|||102|||19|||54|||107
]|||116|||23|||63|||107
)|||13|||2|||27|||108
)|||47|||7|||26|||108
value|||2|||7|||27|||108
double|||2|||13|||9|||108
)|||142|||16|||22|||108
)|||176|||19|||21|||108
)|||206|||24|||14|||108
i|||5|||0|||54|||109
i|||7|||0|||62|||109
i|||14|||1|||44|||109
i|||26|||3|||43|||109
i|||37|||3|||153|||109
i|||46|||4|||50|||109
i|||47|||4|||54|||109
i|||54|||5|||67|||109
i|||65|||6|||56|||109
i|||111|||10|||38|||109
i|||112|||10|||42|||109
i|||128|||11|||61|||109
i|||136|||12|||39|||109
i|||137|||12|||43|||109
i|||143|||14|||159|||109
i|||150|||15|||53|||109
i|||151|||15|||63|||109
i|||170|||19|||53|||109
is|||1|||12|||125|||110
larger|||1|||12|||127|||110
;|||9|||1|||20|||111
;|||18|||2|||34|||111
;|||25|||3|||36|||111
ENDCOM|||1|||6|||33|||111
;|||76|||7|||34|||111
;|||145|||12|||24|||111
;|||196|||15|||26|||111
;|||203|||16|||27|||111
;|||246|||18|||33|||111
;|||247|||19|||29|||111
;|||268|||21|||55|||111
;|||283|||23|||32|||111
<|||2|||1|||37|||112
<|||10|||6|||48|||112
<|||15|||9|||201|||112
<|||26|||14|||156|||112
▁|||22|||16|||159|||112
++|||35|||16|||214|||112
<|||35|||17|||119|||112
<|||36|||18|||20|||112
<|||41|||24|||29|||112
<|||42|||25|||28|||112
<|||43|||25|||94|||112
;|||35|||3|||111|||113
;|||37|||3|||145|||113
;|||38|||3|||160|||113
;|||98|||9|||164|||113
;|||115|||10|||119|||113
;|||116|||10|||125|||113
;|||137|||11|||277|||113
;|||154|||12|||138|||113
;|||174|||14|||123|||113
;|||178|||14|||158|||113
(|||155|||16|||190|||113
;|||236|||17|||121|||113
;|||259|||19|||147|||113
;|||260|||19|||161|||113
ENDCOM|||12|||24|||95|||113
;|||300|||24|||102|||113
)|||29|||4|||108|||114
)|||78|||10|||101|||114
)|||79|||10|||111|||114
)|||121|||14|||110|||114
)|||180|||19|||105|||114
)|||181|||19|||110|||114
)|||215|||24|||87|||114
>|||1|||4|||150|||115
>|||2|||10|||56|||115
>|||3|||11|||288|||115
>|||4|||14|||195|||115
>=|||2|||17|||153|||115
>|||5|||19|||125|||115
int|||18|||7|||14|||116
int|||19|||8|||8|||116
int|||21|||8|||15|||116
int|||27|||11|||10|||116
int|||42|||12|||8|||116
double|||1|||13|||4|||116
int|||54|||14|||277|||116
int|||57|||16|||14|||116
int|||67|||18|||14|||116
int|||82|||22|||17|||116
int|||83|||23|||11|||116
r_|||3|||15|||56|||117
r_|||5|||15|||84|||117
\n|||7|||16|||111|||117
,|||112|||16|||113|||117
;|||211|||16|||129|||117
;|||214|||16|||147|||117
}|||66|||16|||186|||117
input|||8|||16|||230|||117
)|||160|||16|||255|||117
node_set_val|||1|||1|||52|||118
low_val|||1|||17|||16|||118
hi_val|||1|||17|||19|||118
low_val|||2|||17|||154|||118
hi_val|||2|||17|||158|||118
=|||8|||1|||29|||119
=|||25|||4|||60|||119
=|||38|||6|||58|||119
}|||24|||7|||91|||119
=|||51|||8|||74|||119
=|||64|||10|||39|||119
=|||81|||11|||197|||119
=|||85|||11|||268|||119
=|||91|||12|||40|||119
=|||92|||12|||52|||119
=|||97|||12|||106|||119
=|||98|||12|||129|||119
=|||104|||13|||147|||119
=|||127|||16|||141|||119
=|||132|||17|||65|||119
=|||172|||24|||36|||119
=|||173|||24|||44|||119
)|||8|||1|||8|||120
value|||1|||7|||11|||120
)|||46|||7|||12|||120
)|||51|||8|||13|||120
)|||199|||22|||15|||120
=|||12|||2|||18|||121
=|||18|||3|||64|||121
=|||43|||7|||16|||121
=|||90|||12|||26|||121
=|||100|||13|||51|||121
=|||125|||16|||34|||121
=|||133|||17|||73|||121
=|||167|||23|||82|||121
=|||171|||24|||21|||121
<|||4|||3|||44|||122
<|||6|||4|||51|||122
<|||16|||10|||43|||122
<|||19|||11|||55|||122
<|||21|||11|||252|||122
<|||22|||12|||44|||122
<|||28|||15|||49|||122
<|||30|||16|||145|||122
<|||44|||25|||120|||122
[|||2|||0|||42|||123
[|||12|||2|||78|||123
[|||37|||4|||90|||123
[|||44|||6|||66|||123
%|||3|||7|||71|||123
[|||57|||8|||71|||123
[|||96|||15|||70|||123
[|||101|||19|||44|||123
[|||104|||19|||83|||123
[|||109|||21|||80|||123
[|||110|||21|||115|||123
[|||111|||22|||5|||123
[|||117|||25|||51|||123
=|||1|||0|||21|||124
=|||14|||2|||65|||124
=|||19|||3|||71|||124
=|||27|||4|||86|||124
=|||32|||5|||43|||124
=|||37|||6|||44|||124
=|||62|||10|||27|||124
=|||75|||11|||94|||124
=|||88|||12|||18|||124
=|||123|||15|||39|||124
=|||131|||17|||59|||124
=|||142|||19|||42|||124
=|||156|||21|||77|||124
=|||168|||23|||92|||124
vol_flux_x_p|||2|||13|||66|||125
mass_flux_x_p|||2|||13|||85|||125
(|||33|||4|||146|||126
(|||34|||4|||155|||126
(|||88|||11|||176|||126
(|||125|||14|||168|||126
(|||126|||14|||172|||126
i|||157|||16|||167|||126
fid|||8|||16|||178|||126
(|||168|||17|||151|||126
(|||169|||17|||164|||126
(|||187|||19|||153|||126
(|||227|||25|||130|||126
(|||228|||25|||139|||126
(|||229|||25|||141|||126
;|||12|||1|||43|||127
;|||41|||4|||43|||127
;|||43|||4|||53|||127
;|||55|||5|||60|||127
;|||65|||6|||50|||127
;|||108|||10|||41|||127
;|||121|||11|||59|||127
;|||147|||12|||42|||127
;|||168|||14|||50|||127
;|||199|||15|||47|||127
;|||224|||17|||42|||127
;|||249|||19|||47|||127
;|||250|||19|||55|||127
;|||287|||23|||54|||127
;|||297|||24|||40|||127
fid|||1|||16|||26|||128
fid|||2|||16|||33|||128
NULL|||2|||16|||48|||128
"|||12|||16|||83|||128
\n|||6|||16|||96|||128
if|||17|||16|||117|||128
*|||88|||16|||168|||128
;|||217|||16|||194|||128
]|||98|||16|||237|||128
}|||50|||13|||98|||129
}|||100|||25|||171|||129
;|||17|||2|||24|||130
;|||22|||3|||21|||130
;|||81|||8|||25|||130
;|||142|||12|||13|||130
;|||143|||12|||16|||130
;|||194|||15|||15|||130
;|||278|||22|||25|||130
srslte_simd_cfi_store|||1|||9|||110|||131
i|||158|||16|||191|||131
}|||79|||19|||163|||131
g_arrBackGroud|||1|||2|||47|||132
g_arrBackGroud|||2|||2|||56|||132
g_arrBackGroud|||3|||2|||66|||132
g_arrBackGroud|||4|||2|||74|||132
rand_d|||1|||19|||11|||132
rand_d|||2|||19|||43|||132
rand_d|||3|||19|||74|||132
}|||2|||0|||95|||133
}|||6|||2|||84|||133
}|||7|||2|||85|||133
}|||19|||5|||92|||133
}|||35|||9|||223|||133
}|||36|||9|||224|||133
}|||46|||12|||75|||133
}|||62|||15|||88|||133
x|||1|||9|||6|||134
x|||4|||9|||147|||134
x|||5|||9|||213|||134
x|||6|||11|||152|||134
x|||7|||17|||31|||134
x|||12|||17|||167|||134
x|||13|||17|||180|||134
x|||14|||17|||193|||134
sum|||1|||10|||26|||135
sum|||2|||10|||81|||135
sum|||3|||10|||100|||135
sum|||4|||10|||102|||135
sum|||5|||10|||110|||135
sum|||6|||10|||114|||135
sum|||7|||10|||148|||135
sum|||8|||12|||6|||135
sum|||9|||12|||17|||135
sum|||10|||12|||69|||135
sum|||11|||12|||71|||135
sum|||12|||12|||95|||135
sum|||13|||12|||104|||135
sum|||14|||12|||116|||135
sum|||15|||12|||143|||135
#endif|||1|||9|||196|||136
:|||6|||11|||293|||136
NC_NOERR|||1|||14|||235|||136
NC_ERANGE|||1|||14|||237|||136
NC_NOERR|||2|||14|||256|||136
lstatus|||1|||14|||278|||136
NC_NOERR|||3|||14|||291|||136
cc|||1|||25|||23|||137
cc|||2|||25|||27|||137
cc|||3|||25|||34|||137
cc|||5|||25|||115|||137
cc|||6|||25|||119|||137
cc|||7|||25|||126|||137
cc|||8|||25|||144|||137
cc|||9|||25|||152|||137
cc|||10|||25|||162|||137
int|||1|||0|||26|||138
int|||3|||2|||5|||138
int|||10|||4|||28|||138
int|||11|||4|||34|||138
int|||12|||4|||41|||138
int|||23|||9|||22|||138
int|||24|||10|||11|||138
int|||25|||10|||22|||138
int|||30|||11|||19|||138
int|||39|||11|||259|||138
int|||46|||13|||20|||138
int|||48|||13|||34|||138
int|||51|||14|||41|||138
int|||60|||16|||28|||138
int|||68|||19|||3|||138
int|||77|||21|||36|||138
int|||79|||21|||92|||138
int|||88|||23|||39|||138
int|||91|||25|||88|||138
int|||92|||25|||114|||138
;|||20|||2|||73|||139
;|||29|||3|||66|||139
:|||1|||4|||79|||139
ENDCOM|||3|||6|||78|||139
buffersize|||3|||7|||89|||139
out|||2|||15|||78|||139
;|||270|||21|||88|||139
12|||1|||24|||59|||139
paddingChar|||1|||0|||3|||140
check_udpdata|||1|||7|||1|||140
FLT|||1|||8|||3|||140
calc_angles_RR|||1|||19|||1|||140
cube_s|||1|||20|||2|||140
iterations|||1|||25|||3|||140
int|||28|||11|||13|||141
int|||35|||11|||71|||141
int|||49|||13|||49|||141
int|||84|||23|||14|||141
int|||86|||23|||33|||141
i|||30|||3|||69|||142
i|||56|||5|||89|||142
i|||69|||6|||85|||142
i|||71|||6|||94|||142
i|||72|||6|||101|||142
i|||95|||9|||55|||142
i|||117|||10|||73|||142
ii|||2|||12|||64|||142
)|||34|||4|||161|||143
)|||91|||11|||240|||143
)|||92|||11|||241|||143
)|||107|||13|||116|||143
)|||126|||14|||181|||143
)|||169|||17|||174|||143
)|||231|||25|||188|||143
do_rem|||1|||4|||35|||144
do_rem|||2|||4|||119|||144
srslte_simd_f_rcp|||1|||9|||95|||144
srslte_simd_f_rcp|||2|||9|||168|||144
ptr_double|||1|||13|||62|||144
ptr_double|||2|||13|||81|||144
srslte_simd_cf_mul|||1|||9|||103|||145
srslte_simd_cf_mul|||2|||9|||176|||145
<=|||3|||6|||118|||146
<=|||4|||8|||27|||146
<=|||7|||21|||19|||146
*|||8|||3|||143|||147
*|||9|||3|||158|||147
*|||11|||3|||178|||147
*|||29|||8|||5|||147
*|||43|||11|||111|||147
*|||44|||11|||128|||147
*|||47|||11|||144|||147
*|||54|||12|||81|||147
*|||67|||14|||38|||147
*|||68|||14|||57|||147
*|||73|||14|||135|||147
*|||74|||14|||137|||147
*|||77|||14|||220|||147
*|||85|||16|||4|||147
*|||103|||19|||116|||147
*|||118|||24|||116|||147
(|||45|||6|||112|||148
(|||94|||11|||286|||148
(|||111|||13|||140|||148
(|||122|||14|||113|||148
(|||134|||14|||281|||148
;|||210|||16|||116|||148
(|||181|||19|||108|||148
(|||216|||24|||90|||148
0x00|||1|||0|||48|||149
,|||24|||5|||53|||149
,|||60|||11|||45|||149
,|||85|||14|||26|||149
,|||127|||17|||36|||149
CARD32|||1|||23|||55|||149
&&|||2|||4|||120|||150
&&|||5|||9|||40|||150
&&|||6|||9|||45|||150
&&|||8|||12|||145|||150
P|||1|||0|||8|||151
P|||2|||0|||17|||151
(|||147|||16|||87|||151
*|||42|||11|||107|||152
*|||52|||11|||263|||152
fields|||3|||13|||132|||152
*|||104|||19|||145|||152
NULL|||1|||4|||114|||153
;|||62|||5|||127|||153
;|||117|||10|||129|||153
;|||177|||14|||154|||153
%|||12|||16|||157|||153
;|||235|||17|||117|||153
;|||238|||17|||149|||153
;|||301|||24|||108|||153
;|||311|||25|||111|||153
>=|||1|||2|||22|||154
;|||74|||7|||21|||154
known_sum|||1|||12|||12|||154
major|||1|||16|||18|||154
;|||245|||18|||22|||154
;|||146|||12|||28|||155
;|||280|||22|||43|||155
;|||285|||23|||38|||155
{|||65|||16|||123|||156
"|||26|||21|||134|||156
)|||198|||21|||150|||156
rg|||2|||24|||107|||156
j|||32|||14|||83|||157
j|||35|||15|||19|||157
j|||41|||15|||66|||157
fid|||7|||16|||154|||157
j|||53|||19|||68|||157
j|||65|||22|||30|||157
;|||30|||3|||73|||158
;|||58|||5|||91|||158
;|||68|||6|||88|||158
;|||112|||10|||76|||158
;|||159|||13|||57|||158
;|||202|||15|||87|||158
]|||7|||2|||61|||159
]|||8|||2|||64|||159
]|||42|||6|||57|||159
]|||44|||6|||68|||159
\n|||1|||7|||74|||159
]|||57|||8|||73|||159
]|||94|||15|||64|||159
]|||117|||25|||53|||159
}|||41|||11|||296|||160
}|||42|||11|||312|||160
}|||43|||11|||313|||160
}|||44|||11|||314|||160
}|||45|||11|||315|||160
}|||58|||14|||297|||160
#pragma|||1|||6|||30|||161
#pragma|||2|||6|||35|||161
#pragma|||3|||6|||73|||161
#pragma|||4|||6|||105|||161
#pragma|||5|||12|||29|||161
#pragma|||6|||12|||55|||161
#pragma|||7|||13|||27|||161
#pragma|||8|||14|||141|||161
#pragma|||9|||14|||145|||161
dataBlockSize|||3|||0|||43|||162
time_step|||1|||3|||4|||162
time_step|||2|||3|||29|||162
time_step|||3|||3|||34|||162
schedule(static,1)|||1|||12|||33|||162
src_end|||2|||24|||30|||162
.|||3|||5|||21|||163
.|||6|||5|||33|||163
.|||8|||5|||41|||163
.|||12|||5|||78|||163
.|||13|||5|||86|||163
.|||14|||5|||102|||163
.|||15|||5|||110|||163
.|||16|||5|||118|||163
.|||20|||11|||222|||163
.|||22|||25|||164|||163
b|||1|||6|||12|||164
b|||2|||6|||65|||164
b|||3|||9|||81|||164
b|||4|||9|||97|||164
b|||5|||9|||154|||164
b|||6|||9|||170|||164
xdim0_update_halo_kernel3_minus_4_b|||1|||13|||74|||164
xdim0_update_halo_kernel3_minus_4_b|||2|||13|||78|||164
xdim1_update_halo_kernel3_minus_4_b|||1|||13|||93|||164
xdim1_update_halo_kernel3_minus_4_b|||2|||13|||97|||164
b|||7|||22|||9|||164
b|||8|||22|||39|||164
]|||59|||9|||89|||165
]|||70|||10|||137|||165
]|||73|||11|||150|||165
rg|||3|||24|||114|||165
]|||16|||3|||98|||166
]|||19|||3|||115|||166
]|||37|||4|||92|||166
]|||40|||5|||115|||166
]|||41|||5|||122|||166
]|||46|||6|||102|||166
]|||72|||11|||122|||166
]|||118|||25|||82|||166
*|||7|||3|||126|||167
;|||216|||16|||184|||167
*|||117|||24|||110|||167
a|||3|||6|||136|||168
a|||4|||9|||69|||168
a|||6|||9|||142|||168
a|||8|||20|||5|||168
a|||12|||22|||4|||168
a|||13|||22|||34|||168
void|||3|||2|||0|||169
void|||4|||3|||0|||169
void|||5|||4|||0|||169
void|||6|||6|||0|||169
void|||7|||7|||0|||169
void|||8|||8|||0|||169
void|||9|||9|||0|||169
void|||11|||11|||0|||169
void|||16|||15|||0|||169
void|||17|||16|||0|||169
void|||18|||18|||0|||169
void|||19|||19|||0|||169
void|||20|||21|||0|||169
void|||21|||22|||0|||169
void|||22|||24|||0|||169
const|||2|||4|||23|||170
const|||4|||9|||8|||170
const|||5|||9|||17|||170
const|||13|||24|||16|||170
,|||140|||17|||183|||171
static|||2|||23|||0|||172
!=|||1|||4|||113|||173
!=|||2|||7|||46|||173
!=|||3|||14|||262|||173
!=|||4|||14|||290|||173
(|||29|||4|||102|||174
defvert_remove_group|||1|||4|||126|||174
(|||32|||4|||127|||174
srslte_simd_f_load|||1|||9|||83|||174
(|||62|||9|||84|||174
(|||101|||12|||120|||174
(|||164|||17|||102|||174
DEBUG_Y|||1|||17|||134|||174
(|||224|||25|||87|||174
angle|||1|||19|||133|||175
angle|||2|||19|||140|||175
angle|||3|||19|||142|||175
angle|||4|||19|||156|||175
i|||36|||3|||148|||176
i|||38|||3|||164|||176
i|||39|||3|||176|||176
defgrp_idx|||3|||4|||158|||176
)|||154|||16|||183|||176
fid|||9|||16|||219|||176
num|||1|||4|||16|||177
num|||2|||4|||52|||177
num|||3|||11|||11|||177
num|||4|||11|||86|||177
num|||5|||11|||97|||177
num|||6|||11|||112|||177
num|||7|||11|||134|||177
num|||8|||11|||140|||177
num|||9|||23|||12|||177
num|||10|||23|||44|||177
(|||106|||13|||101|||178
(|||130|||14|||205|||178
nodes|||1|||1|||14|||179
count|||1|||1|||22|||179
nodes|||2|||1|||34|||179
nodes|||3|||3|||45|||179
nodes|||4|||3|||93|||179
neighbors|||1|||3|||95|||179
nodes|||5|||3|||172|||179
nodes|||6|||3|||190|||179
count|||2|||5|||13|||179
count|||3|||5|||81|||179
count|||4|||5|||113|||179
cnt|||1|||21|||93|||179
cnt|||2|||21|||122|||179
calloc|||1|||5|||44|||180
fprintf|||1|||7|||53|||180
stderr|||1|||7|||55|||180
fprintf|||2|||12|||87|||180
stderr|||2|||12|||89|||180
fprintf|||3|||12|||119|||180
stderr|||3|||12|||121|||180
filename|||1|||16|||5|||180
fp|||1|||16|||7|||180
fopen|||1|||16|||35|||180
filename|||2|||16|||37|||180
"|||9|||16|||53|||180
%|||10|||16|||94|||180
)|||148|||16|||115|||180
[|||97|||16|||166|||180
=|||128|||16|||192|||180
+|||32|||16|||235|||180
printf|||2|||21|||128|||180
%|||17|||21|||144|||180
=|||15|||2|||81|||181
=|||20|||3|||80|||181
=|||35|||5|||96|||181
=|||94|||12|||70|||181
=|||115|||14|||204|||181
<|||32|||16|||210|||181
=|||134|||17|||87|||181
=|||147|||19|||89|||181
=|||158|||21|||101|||181
=|||174|||24|||68|||181
=|||181|||25|||90|||181
)|||61|||9|||78|||182
)|||81|||10|||149|||182
)|||85|||11|||135|||182
)|||94|||11|||290|||182
i|||155|||16|||130|||182
<|||29|||16|||131|||182
)|||152|||16|||164|||182
)|||165|||17|||124|||182
)|||183|||19|||120|||182
)|||186|||19|||152|||182
}|||88|||21|||140|||182
)|||227|||25|||136|||182
{|||2|||0|||40|||183
{|||3|||0|||65|||183
{|||63|||16|||23|||183
{|||84|||21|||48|||183
{|||98|||25|||36|||183
)|||4|||0|||78|||184
)|||11|||1|||60|||184
=|||47|||7|||88|||184
)|||58|||9|||49|||184
)|||59|||9|||50|||184
)|||112|||13|||157|||184
)|||113|||13|||158|||184
)|||134|||14|||285|||184
)|||141|||15|||86|||184
d|||7|||16|||92|||184
)|||162|||17|||82|||184
)|||210|||24|||60|||184
)|||222|||25|||68|||184
,|||33|||7|||76|||185
\n|||2|||12|||111|||185
\n|||3|||12|||133|||185
return|||6|||16|||73|||185
,|||111|||16|||107|||185
(|||150|||16|||125|||185
i|||160|||16|||199|||185
,|||152|||21|||135|||185
[|||6|||2|||51|||186
[|||23|||3|||137|||186
[|||25|||3|||147|||186
[|||28|||3|||163|||186
[|||46|||6|||100|||186
[|||55|||8|||58|||186
[|||66|||9|||219|||186
[|||75|||11|||170|||186
[|||88|||14|||33|||186
"|||20|||16|||182|||186
[|||105|||19|||149|||186
[|||119|||25|||143|||186
+=|||1|||3|||116|||187
+=|||2|||3|||133|||187
+=|||3|||3|||150|||187
+=|||5|||9|||137|||187
+=|||9|||14|||213|||187
+=|||10|||14|||217|||187
+=|||13|||17|||186|||187
+=|||15|||19|||159|||187
;|||40|||3|||210|||188
;|||50|||4|||162|||188
;|||134|||11|||250|||188
;|||135|||11|||254|||188
;|||155|||12|||147|||188
;|||184|||14|||228|||188
;|||185|||14|||238|||188
j|||50|||16|||232|||188
;|||239|||17|||175|||188
u|||1|||3|||174|||189
(|||65|||9|||111|||189
(|||89|||11|||199|||189
0|||55|||16|||193|||189
DiagBreak|||1|||17|||140|||190
acosf|||1|||19|||135|||190
j|||25|||11|||247|||191
j|||26|||11|||251|||191
(|||158|||16|||227|||191
*|||89|||16|||233|||191
fclose|||1|||16|||252|||191
nelems|||1|||14|||10|||192
nelems|||2|||14|||85|||192
nelems|||3|||14|||100|||192
nelems|||4|||14|||261|||192
nelems|||5|||14|||265|||192
index|||5|||11|||149|||193
i|||32|||3|||114|||194
i|||33|||3|||121|||194
i|||34|||3|||131|||194
i|||75|||6|||121|||194
i|||77|||6|||131|||194
i|||78|||6|||138|||194
i|||120|||10|||122|||194
i|||122|||10|||131|||194
i|||123|||10|||136|||194
i|||124|||10|||143|||194
i|||142|||14|||155|||194
i|||144|||14|||165|||194
j|||43|||16|||140|||194
j|||44|||16|||144|||194
simd_cf_t|||1|||9|||68|||195
simd_f_t|||2|||9|||92|||195
simd_f_t|||3|||9|||153|||195
simd_f_t|||4|||9|||165|||195
,|||4|||3|||9|||196
,|||26|||6|||9|||196
,|||31|||7|||9|||196
,|||50|||11|||9|||196
,|||83|||14|||8|||196
,|||95|||15|||5|||196
,|||101|||16|||10|||196
,|||119|||17|||6|||196
,|||149|||19|||8|||196
,|||155|||22|||12|||196
get_maxnodes|||1|||1|||16|||197
update_ghost_nodes|||1|||3|||22|||197
data_rows|||1|||16|||12|||197
data_cols|||1|||16|||15|||197
"|||16|||16|||112|||197
data_range|||2|||16|||114|||197
j|||45|||16|||148|||197
(|||153|||16|||162|||197
else|||7|||16|||187|||197
fprintf|||9|||16|||217|||197
[|||98|||16|||231|||197
;|||223|||16|||256|||197
mri_mean|||1|||17|||23|||198
mri_std|||1|||17|||27|||198
mri_mean|||2|||17|||178|||198
mri_std|||2|||17|||191|||198
;|||11|||1|||31|||199
;|||24|||3|||31|||199
ENDCOM|||2|||6|||40|||199
;|||105|||10|||24|||199
parallel|||2|||12|||31|||199
while|||1|||23|||42|||199
;|||296|||24|||25|||199
while|||2|||24|||26|||199
v|||1|||3|||192|||200
i|||41|||3|||194|||200
i|||42|||3|||199|||200
i|||99|||9|||115|||200
i|||101|||9|||136|||200
i|||146|||14|||193|||200
j|||49|||16|||213|||200
&&|||1|||1|||35|||201
&&|||3|||4|||148|||201
&&|||4|||9|||29|||201
&&|||7|||12|||66|||201
&&|||9|||14|||19|||201
&&|||10|||14|||86|||201
&&|||11|||17|||131|||201
&&|||12|||17|||135|||201
&&|||13|||17|||155|||201
MDeformVert|||2|||4|||66|||202
)|||145|||16|||71|||202
MRI|||1|||17|||3|||202
MRI|||2|||17|||7|||202
MRI|||3|||17|||11|||202
MRI|||4|||17|||21|||202
MRI|||5|||17|||25|||202
-|||1|||0|||34|||203
-|||2|||0|||71|||203
-|||4|||3|||102|||203
-|||8|||10|||33|||203
-|||10|||10|||117|||203
-|||12|||13|||118|||203
-|||13|||13|||148|||203
*|||28|||8|||4|||204
*|||34|||10|||18|||204
*|||51|||11|||242|||204
*|||57|||13|||16|||204
*|||79|||14|||242|||204
*|||94|||17|||26|||204
;|||39|||3|||207|||205
;|||94|||9|||120|||205
;|||162|||13|||129|||205
;|||180|||14|||197|||205
;|||182|||14|||215|||205
(|||157|||16|||218|||205
,|||117|||16|||226|||205
;|||242|||17|||215|||205
m|||1|||5|||18|||206
m|||2|||5|||20|||206
m|||3|||5|||28|||206
m|||4|||5|||40|||206
m|||5|||5|||77|||206
m|||6|||5|||109|||206
m|||7|||5|||126|||206
m|||8|||8|||6|||206
m|||9|||8|||54|||206
m|||10|||8|||67|||206
+=|||4|||9|||64|||207
+=|||6|||10|||82|||207
+=|||7|||14|||92|||207
+=|||8|||14|||190|||207
+=|||11|||14|||269|||207
+=|||12|||15|||60|||207
+=|||14|||17|||199|||207
*|||69|||14|||61|||208
*|||70|||14|||62|||208
*|||83|||14|||304|||208
)|||80|||10|||132|||209
)|||100|||12|||117|||209
)|||101|||12|||137|||209
=|||46|||7|||68|||210
▁|||18|||16|||61|||210
/|||11|||16|||63|||210
;|||2|||0|||30|||211
;|||19|||2|||38|||211
;|||23|||3|||26|||211
;|||77|||7|||38|||211
;|||83|||8|||38|||211
;|||87|||9|||26|||211
ENDCOM|||9|||14|||23|||211
;|||197|||15|||30|||211
;|||204|||16|||32|||211
;|||284|||23|||35|||211
}|||20|||5|||124|||212
}|||21|||5|||128|||212
}|||54|||14|||128|||212
(|||198|||21|||142|||212
"|||27|||21|||143|||212
}|||94|||23|||117|||212
P|||3|||0|||41|||213
P|||4|||0|||66|||213
FIELD_P|||1|||25|||194|||213
;|||53|||5|||27|||214
;|||63|||6|||29|||214
;|||75|||7|||28|||214
;|||82|||8|||29|||214
;|||104|||9|||222|||214
;|||144|||12|||20|||214
;|||195|||15|||20|||214
;|||279|||22|||29|||214
;|||282|||23|||25|||214
0|||11|||3|||65|||215
0|||16|||5|||65|||215
0|||26|||10|||124|||215
0|||31|||11|||294|||215
0|||35|||13|||37|||215
0|||36|||13|||52|||215
0|||40|||13|||143|||215
0|||57|||17|||74|||215
0|||64|||19|||61|||215
0|||66|||21|||70|||215
{|||12|||3|||90|||216
{|||33|||9|||67|||216
{|||39|||10|||80|||216
{|||43|||11|||91|||216
{|||51|||13|||61|||216
{|||52|||13|||65|||216
{|||55|||14|||95|||216
{|||56|||14|||111|||216
{|||59|||14|||275|||216
{|||73|||17|||97|||216
{|||74|||17|||125|||216
{|||87|||21|||111|||216
{|||88|||21|||121|||216
{|||94|||23|||103|||216
i|||23|||2|||76|||217
i|||49|||4|||77|||217
reset_fields_to_exchange|||1|||25|||72|||217
0|||13|||3|||81|||218
data_cols|||5|||16|||211|||218
best|||1|||23|||19|||219
best|||2|||23|||108|||219
best|||3|||23|||115|||219
true|||1|||25|||84|||219
true|||2|||25|||197|||219
sqrtf|||1|||6|||97|||220
sinf|||1|||19|||97|||220
sinf|||2|||19|||102|||220
cosf|||1|||19|||107|||220
cosf|||2|||19|||112|||220
cosf|||3|||19|||117|||220
i|||55|||5|||74|||221
i|||67|||6|||67|||221
[|||53|||7|||80|||221
i|||105|||9|||200|||221
i|||107|||9|||210|||221
i|||129|||11|||67|||221
i|||130|||11|||74|||221
i|||152|||15|||71|||221
ni|||1|||14|||29|||222
ni|||2|||14|||96|||222
ni|||3|||14|||119|||222
ni|||4|||14|||157|||222
ni|||5|||14|||214|||222
ni|||6|||14|||218|||222
=|||6|||1|||15|||223
=|||30|||5|||23|||223
=|||44|||7|||23|||223
++|||32|||16|||135|||224
0|||54|||16|||142|||224
0|||68|||21|||119|||224
0|||74|||25|||117|||224
{|||1|||0|||16|||225
{|||54|||14|||16|||225
{|||92|||23|||17|||225
{|||95|||24|||15|||225
[|||81|||11|||272|||226
[|||82|||11|||279|||226
[|||124|||25|||193|||226
(|||9|||1|||17|||227
(|||14|||2|||30|||227
(|||17|||3|||23|||227
(|||48|||7|||30|||227
(|||53|||8|||34|||227
(|||138|||15|||22|||227
(|||177|||19|||24|||227
i|||9|||0|||87|||228
i|||70|||6|||89|||228
;|||79|||7|||90|||228
i|||103|||9|||161|||228
i|||118|||10|||78|||228
i|||131|||11|||95|||228
i|||179|||21|||100|||228
d|||1|||7|||59|||229
d|||2|||7|||64|||229
d|||3|||7|||72|||229
%|||4|||11|||75|||229
%|||5|||12|||99|||229
%|||6|||12|||108|||229
%|||7|||12|||131|||229
%|||8|||14|||74|||229
,|||110|||16|||100|||229
;|||209|||16|||103|||229
0|||52|||16|||121|||229
]|||97|||16|||172|||229
fprintf|||10|||16|||241|||229
%|||14|||21|||67|||229
%|||15|||21|||86|||229
d|||12|||21|||132|||229
,|||153|||21|||148|||229
10|||1|||2|||37|||230
FLT_MAX|||1|||10|||34|||230
99|||1|||12|||80|||230
UINT_MIN|||1|||14|||173|||230
UINT_MAX|||1|||14|||177|||230
UINT_MAX|||2|||14|||196|||230
101|||1|||21|||8|||230
v|||2|||15|||7|||231
a|||10|||20|||11|||231
a|||11|||20|||13|||231
z|||1|||6|||24|||232
z|||2|||6|||92|||232
z|||3|||6|||129|||232
z|||7|||9|||186|||232
z|||8|||9|||208|||232
z|||14|||17|||136|||232
z|||17|||17|||197|||232
MDeformWeight|||1|||4|||10|||233
MDeformWeight|||2|||4|||83|||233
MRIgetVoxVal|||1|||17|||163|||233
MRIFvox|||1|||17|||176|||233
MRIFvox|||2|||17|||189|||233
1|||3|||0|||89|||234
1|||6|||3|||103|||234
1|||7|||6|||115|||234
1|||12|||9|||61|||234
1|||19|||13|||70|||234
1|||29|||21|||102|||234
1|||32|||24|||93|||234
n_x|||2|||13|||54|||235
mass_flux_x|||1|||13|||82|||235
n_x|||5|||13|||87|||235
;|||5|||0|||57|||236
;|||27|||3|||48|||236
;|||107|||10|||35|||236
;|||109|||10|||45|||236
;|||120|||11|||53|||236
ENDCOM|||6|||12|||36|||236
;|||148|||12|||46|||236
parallel|||3|||13|||29|||236
;|||156|||13|||38|||236
;|||167|||14|||45|||236
;|||226|||17|||51|||236
;|||269|||21|||59|||236
;|||288|||23|||64|||236
r_|||1|||15|||14|||237
r_|||2|||15|||35|||237
r_|||4|||15|||80|||237
,|||114|||16|||161|||237
{|||70|||16|||216|||237
]|||26|||3|||154|||238
]|||47|||6|||127|||238
]|||48|||6|||134|||238
)|||65|||9|||119|||239
)|||67|||9|||151|||239
)|||93|||11|||257|||239
)|||108|||13|||127|||239
;|||222|||16|||249|||239
)|||173|||17|||223|||239
i|||59|||5|||106|||240
i|||121|||10|||126|||240
i|||132|||11|||110|||240
i|||133|||11|||138|||240
i|||182|||21|||116|||240
CLAMP|||1|||4|||101|||241
MRIvox|||1|||17|||101|||241
MRIvox|||2|||17|||204|||241
{|||4|||1|||9|||242
{|||24|||7|||13|||242
{|||58|||14|||162|||242
input|||7|||16|||165|||242
{|||90|||22|||16|||242
{|||103|||25|||137|||242
}|||22|||6|||141|||243
}|||23|||6|||142|||243
}|||49|||13|||79|||243
}|||55|||14|||140|||243
}|||91|||22|||47|||243
#endif|||2|||24|||122|||243
}|||95|||24|||123|||243
}|||96|||24|||124|||243
z|||11|||17|||76|||244
z|||13|||17|||109|||244
z|||18|||17|||212|||244
{|||23|||6|||34|||245
{|||25|||7|||42|||245
{|||28|||8|||46|||245
{|||37|||10|||21|||245
{|||41|||11|||40|||245
{|||61|||15|||34|||245
{|||71|||17|||29|||245
{|||79|||19|||39|||245
;|||67|||6|||84|||246
;|||88|||9|||54|||246
;|||110|||10|||65|||246
;|||111|||10|||72|||246
;|||124|||11|||83|||246
;|||171|||14|||82|||246
,|||107|||16|||79|||246
;|||229|||17|||69|||246
;|||231|||17|||79|||246
;|||271|||21|||96|||246
;|||290|||23|||80|||246
;|||291|||23|||90|||246
;|||298|||24|||64|||246
\n|||4|||16|||69|||247
1|||8|||6|||133|||248
1|||13|||9|||134|||248
1|||14|||11|||181|||248
1|||20|||13|||76|||248
1|||21|||13|||89|||248
1|||23|||13|||107|||248
1|||24|||13|||137|||248
1|||33|||25|||109|||248
*|||40|||11|||96|||249
*|||58|||13|||69|||249
*|||101|||19|||101|||249
*|||110|||23|||94|||249
(|||27|||4|||45|||250
(|||37|||5|||55|||250
(|||38|||5|||62|||250
(|||74|||10|||37|||250
(|||97|||12|||38|||250
The|||1|||16|||54|||250
(|||178|||19|||57|||250
i|||28|||3|||55|||251
i|||35|||3|||138|||251
i|||61|||6|||28|||251
i|||62|||6|||43|||251
i|||66|||6|||62|||251
i|||83|||7|||49|||251
i|||90|||8|||30|||251
i|||91|||8|||49|||251
i|||93|||8|||69|||251
i|||114|||10|||54|||251
i|||125|||11|||42|||251
i|||134|||11|||262|||251
i|||141|||14|||151|||251
i|||165|||18|||29|||251
i|||174|||21|||28|||251
i|||178|||21|||68|||251
rcpb|||1|||9|||93|||252
pif|||1|||19|||144|||252
0|||12|||3|||72|||253
0|||29|||11|||159|||253
0|||47|||14|||153|||253
0|||49|||14|||263|||253
"|||17|||16|||156|||253
0|||60|||17|||116|||253
==|||5|||13|||106|||254
==|||6|||13|||136|||254
==|||8|||14|||88|||254
==|||16|||21|||118|||254
(|||3|||0|||52|||255
(|||42|||6|||59|||255
(|||56|||9|||35|||255
(|||70|||9|||177|||255
(|||75|||10|||51|||255
(|||112|||13|||149|||255
(|||115|||14|||54|||255
(|||193|||21|||65|||255
(|||208|||24|||45|||255
(|||209|||24|||46|||255
(|||220|||25|||47|||255
(|||221|||25|||49|||255
]|||6|||2|||53|||256
]|||23|||3|||139|||256
]|||55|||8|||60|||256
]|||74|||11|||160|||256
]|||124|||25|||195|||256
3|||1|||11|||231|||257
0|||39|||13|||126|||257
"|||22|||16|||225|||257
for|||43|||16|||203|||258
(|||156|||16|||204|||258
%|||1|||7|||58|||259
;|||206|||16|||72|||259
(|||148|||16|||105|||259
==|||11|||16|||120|||259
j|||46|||16|||171|||259
}|||64|||16|||175|||259
%|||16|||21|||131|||259
"|||28|||21|||147|||259
;|||1|||0|||23|||260
;|||64|||6|||46|||260
;|||106|||10|||29|||260
;|||119|||11|||47|||260
;|||165|||14|||36|||260
0.|||1|||15|||40|||260
;|||198|||15|||41|||260
(|||144|||16|||45|||260
;|||265|||21|||32|||260
;|||304|||25|||26|||260
settings|||4|||25|||56|||261
settings|||9|||25|||107|||261
settings|||13|||25|||175|||261
}|||10|||3|||161|||262
}|||75|||17|||225|||262
}|||76|||18|||34|||262
}|||77|||18|||35|||262
}|||78|||19|||162|||262
}|||82|||21|||33|||262
}|||90|||22|||44|||262
}|||101|||25|||182|||262
}|||102|||25|||183|||262
}|||103|||25|||184|||262
}|||104|||25|||199|||262
i|||85|||7|||81|||263
,|||71|||13|||19|||263
,|||99|||15|||81|||263
,|||106|||16|||38|||263
,|||128|||17|||38|||263
,|||129|||17|||40|||263
,|||162|||25|||55|||263
<=|||1|||0|||32|||264
<=|||2|||0|||59|||264
<=|||5|||8|||40|||264
<=|||6|||17|||157|||264
<=|||8|||21|||42|||264
<=|||9|||21|||57|||264
<=|||10|||21|||105|||264
i|||4|||0|||45|||265
i|||20|||2|||49|||265
i|||44|||4|||42|||265
i|||63|||6|||47|||265
i|||64|||6|||51|||265
i|||92|||8|||56|||265
i|||110|||10|||23|||265
i|||126|||11|||50|||265
i|||148|||15|||44|||265
i|||169|||19|||45|||265
i|||177|||21|||45|||265
void|||1|||0|||2|||266
void|||2|||1|||2|||266
void|||10|||10|||4|||266
void|||12|||13|||1|||266
void|||13|||14|||4|||266
void|||14|||14|||224|||266
void|||15|||14|||303|||266
void|||23|||25|||8|||266
;|||6|||0|||61|||267
;|||56|||5|||66|||267
ii|||1|||12|||51|||267
mtx|||2|||15|||61|||267
▁|||20|||16|||67|||267
;|||251|||19|||62|||267
v|||5|||23|||67|||267
rg|||1|||24|||43|||267
,|||56|||11|||27|||268
,|||59|||11|||43|||268
,|||72|||13|||22|||268
i|||159|||16|||195|||268
,|||126|||17|||34|||268
,|||142|||17|||194|||268
,|||144|||17|||207|||268
,|||167|||25|||159|||268
]|||17|||3|||101|||269
]|||18|||3|||110|||269
]|||21|||3|||125|||269
]|||22|||3|||132|||269
]|||31|||3|||195|||269
]|||49|||6|||139|||269
]|||58|||9|||77|||269
]|||65|||9|||216|||269
]|||71|||10|||144|||269
]|||79|||11|||221|||269
]|||84|||11|||305|||269
"|||24|||16|||247|||270
(|||170|||17|||177|||270
for|||2|||0|||51|||271
for|||3|||1|||26|||271
for|||6|||3|||37|||271
for|||8|||4|||44|||271
for|||9|||5|||61|||271
for|||11|||6|||37|||271
for|||22|||9|||197|||271
for|||23|||10|||36|||271
for|||26|||11|||48|||271
for|||30|||12|||37|||271
for|||31|||13|||30|||271
for|||32|||13|||32|||271
for|||38|||15|||42|||271
for|||49|||19|||56|||271
for|||52|||21|||49|||271
-4|||1|||13|||124|||272
-4|||2|||13|||154|||272
VEC4|||1|||15|||3|||272
VEC4|||2|||15|||6|||272
MAT4|||1|||15|||9|||272
VEC4|||3|||15|||13|||272
*|||20|||4|||84|||273
*|||80|||14|||248|||273
*|||81|||14|||250|||273
(|||160|||16|||253|||273
*|||96|||17|||146|||273
*|||102|||19|||111|||273
,|||9|||4|||14|||274
,|||12|||4|||27|||274
,|||14|||4|||33|||274
buffer|||3|||7|||79|||274
,|||45|||9|||190|||274
,|||46|||10|||10|||274
,|||86|||14|||28|||274
,|||98|||15|||79|||274
,|||103|||16|||16|||274
)|||146|||16|||84|||274
,|||123|||17|||20|||274
,|||145|||17|||209|||274
,|||161|||25|||14|||274
0|||19|||6|||83|||275
0|||25|||10|||71|||275
0|||30|||11|||249|||275
0|||32|||11|||307|||275
0|||45|||14|||81|||275
0|||67|||21|||95|||275
0|||70|||23|||23|||275
z|||4|||9|||15|||276
z|||5|||9|||48|||276
z|||6|||9|||113|||276
z|||9|||17|||35|||276
z|||10|||17|||72|||276
z|||12|||17|||80|||276
z|||15|||17|||171|||276
z|||16|||17|||184|||276
convert_coco_detections|||1|||11|||1|||277
MRIaccumulateMaskedMeansAndVariances|||1|||17|||1|||277
node_set_len|||1|||1|||42|||278
▁|||17|||16|||59|||278
src|||4|||24|||38|||278
run_ppcg_init|||1|||25|||46|||278
a|||1|||6|||8|||279
a|||2|||6|||60|||279
a|||5|||9|||105|||279
a|||7|||9|||178|||279
a|||9|||20|||9|||279
0|||4|||2|||8|||280
0|||5|||2|||13|||280
0|||6|||2|||23|||280
srslte_vec_div_cfc_simd|||1|||9|||1|||280
0|||69|||22|||24|||280
VP8LConvertBGRAToRGBA4444_C|||1|||24|||1|||280
site|||1|||1|||7|||281
site|||2|||1|||18|||281
site|||3|||1|||38|||281
site|||4|||1|||48|||281
DETECT|||1|||1|||57|||281
site|||5|||1|||59|||281
]|||2|||0|||46|||282
]|||5|||2|||50|||282
]|||30|||3|||182|||282
]|||36|||4|||81|||282
]|||54|||8|||57|||282
]|||64|||9|||211|||282
]|||69|||10|||88|||282
]|||78|||11|||205|||282
]|||80|||11|||232|||282
]|||81|||11|||276|||282
]|||96|||15|||72|||282
]|||99|||18|||6|||282
]|||101|||19|||46|||282
]|||106|||21|||9|||282
]|||109|||21|||82|||282
]|||112|||22|||11|||282
]|||113|||22|||37|||282
]|||122|||25|||163|||282
+|||4|||3|||184|||283
+|||6|||5|||35|||283
+|||8|||6|||64|||283
+|||9|||6|||135|||283
+|||16|||11|||133|||283
+|||17|||11|||136|||283
+|||18|||11|||141|||283
+|||19|||11|||158|||283
+|||20|||11|||161|||283
+|||29|||13|||86|||283
+|||30|||13|||90|||283
{|||68|||16|||188|||283
+|||33|||19|||33|||283
+|||37|||24|||98|||283
+|||38|||24|||99|||283
;|||36|||3|||128|||284
;|||127|||11|||115|||284
;|||152|||12|||86|||284
;|||173|||14|||106|||284
;|||189|||14|||264|||284
;|||213|||16|||143|||284
;|||257|||19|||131|||284
;|||312|||25|||118|||284
1|||1|||0|||29|||285
1|||2|||0|||56|||285
1|||15|||11|||212|||285
1|||16|||11|||239|||285
1|||25|||21|||16|||285
1|||26|||21|||39|||285
1|||28|||21|||84|||285
(|||19|||3|||33|||286
(|||36|||5|||45|||286
(|||41|||6|||42|||286
(|||54|||8|||48|||286
(|||73|||10|||6|||286
(|||91|||11|||226|||286
(|||192|||21|||50|||286
(|||202|||23|||43|||286
(|||207|||24|||27|||286
(|||218|||25|||21|||286
(|||219|||25|||38|||286
)|||40|||6|||25|||287
)|||175|||18|||25|||287
)|||190|||21|||24|||287
)|||217|||25|||18|||287
i|||3|||0|||37|||288
i|||12|||1|||32|||288
i|||19|||2|||25|||288
i|||25|||3|||39|||288
i|||43|||3|||205|||288
i|||89|||8|||26|||288
i|||135|||12|||15|||288
i|||147|||15|||17|||288
dataBlockSize|||1|||0|||11|||289
dataBlockSize|||2|||0|||19|||289
dataBlockSize|||4|||0|||68|||289
dataBlockSize|||5|||0|||83|||289
internal_count|||1|||3|||47|||289
stencil_size|||1|||3|||85|||289
SRSLTE_SIMD_CF_SIZE|||1|||9|||28|||289
SRSLTE_SIMD_CF_SIZE|||2|||9|||30|||289
SRSLTE_SIMD_F_SIZE|||1|||9|||32|||289
SRSLTE_SIMD_CF_SIZE|||3|||9|||59|||289
SRSLTE_SIMD_CF_SIZE|||4|||9|||65|||289
SRSLTE_SIMD_CF_SIZE|||5|||9|||132|||289
SRSLTE_SIMD_CF_SIZE|||6|||9|||138|||289
x_size|||1|||13|||21|||289
y_size|||1|||13|||24|||289
y_size|||2|||13|||41|||289
x_size|||2|||13|||56|||289
num_chunks_per_rank|||1|||25|||31|||289
num_chunks_per_rank|||2|||25|||123|||289
}|||31|||9|||121|||290
}|||32|||9|||122|||290
}|||56|||14|||198|||290
}|||80|||19|||164|||290
side|||1|||11|||17|||291
side|||5|||11|||76|||291
;|||101|||9|||193|||292
;|||130|||11|||168|||292
;|||160|||13|||80|||292
ENDCOM|||11|||14|||148|||292
;|||187|||14|||257|||292
int|||61|||16|||163|||292
;|||237|||17|||143|||292
;|||258|||19|||139|||292
;|||303|||24|||121|||292
+|||10|||9|||60|||293
+|||11|||9|||133|||293
+|||12|||10|||107|||293
+|||14|||11|||109|||293
+|||15|||11|||113|||293
+|||26|||12|||72|||293
+|||27|||13|||67|||293
+|||28|||13|||71|||293
}|||70|||16|||257|||293
+|||34|||19|||106|||293
)|||6|||0|||90|||294
)|||43|||6|||91|||294
)|||60|||9|||66|||294
)|||76|||10|||79|||294
)|||120|||14|||105|||294
)|||179|||19|||100|||294
)|||196|||21|||120|||294
)|||214|||24|||84|||294
)|||223|||25|||75|||294
i|||40|||3|||181|||295
i|||51|||4|||91|||295
i|||57|||5|||95|||295
i|||100|||9|||128|||295
j|||48|||16|||209|||295
i|||180|||21|||104|||295
]|||1|||0|||20|||296
]|||13|||3|||56|||296
]|||34|||4|||64|||296
]|||67|||10|||55|||296
]|||86|||13|||105|||296
]|||88|||14|||35|||296
]|||92|||15|||38|||296
]|||95|||15|||67|||296
]|||100|||18|||30|||296
]|||107|||21|||29|||296
]|||108|||21|||76|||296
]|||115|||23|||24|||296
{|||11|||3|||52|||297
{|||13|||4|||40|||297
{|||26|||7|||52|||297
{|||29|||8|||53|||297
{|||38|||10|||49|||297
{|||44|||11|||258|||297
{|||47|||12|||50|||297
{|||48|||12|||59|||297
{|||80|||19|||70|||297
{|||85|||21|||63|||297
{|||86|||21|||72|||297
{|||100|||25|||69|||297
[|||30|||3|||180|||298
[|||31|||3|||193|||298
[|||79|||11|||219|||298
[|||80|||11|||228|||298
[|||86|||13|||103|||298
[|||87|||13|||133|||298
[|||122|||25|||161|||298
[|||123|||25|||166|||298
*|||3|||0|||91|||299
*|||10|||3|||171|||299
*|||12|||3|||189|||299
*|||13|||3|||196|||299
*|||50|||11|||215|||299
*|||63|||13|||94|||299
*|||75|||14|||207|||299
*|||76|||14|||209|||299
*|||97|||17|||201|||299
i|||60|||5|||121|||300
i|||74|||6|||117|||300
i|||76|||6|||126|||300
i|||97|||9|||76|||300
}|||87|||21|||139|||300
i|||17|||2|||17|||301
i|||52|||5|||11|||301
i|||79|||7|||15|||301
i|||87|||8|||16|||301
i|||162|||18|||15|||301
i|||171|||21|||14|||301
i|||172|||21|||18|||301
*|||4|||1|||6|||302
*|||17|||4|||20|||302
*|||23|||6|||11|||302
*|||26|||6|||23|||302
*|||32|||9|||14|||302
*|||64|||14|||5|||302
*|||65|||14|||6|||302
*|||91|||17|||8|||302
*|||98|||19|||10|||302
*|||100|||19|||19|||302
*|||106|||20|||10|||302
*|||107|||20|||12|||302
*|||108|||23|||8|||302
*|||112|||24|||12|||302
,|||17|||4|||104|||303
,|||18|||4|||106|||303
,|||63|||12|||90|||303
memcpy|||1|||14|||112|||303
,|||131|||17|||104|||303
,|||132|||17|||106|||303
,|||133|||17|||108|||303
)|||2|||0|||39|||304
)|||3|||0|||64|||304
)|||116|||14|||63|||304
)|||191|||21|||47|||304
)|||218|||25|||35|||304
)|||221|||25|||57|||304
i|||11|||1|||28|||305
i|||16|||2|||6|||305
i|||18|||2|||21|||305
i|||24|||3|||16|||305
i|||88|||8|||22|||305
i|||94|||9|||23|||305
start|||2|||19|||28|||305
i|||168|||19|||37|||305
i|||173|||21|||23|||305
)|||72|||9|||206|||306
)|||115|||14|||56|||306
)|||117|||14|||65|||306
)|||178|||19|||69|||306
||||1|||23|||74|||306
)|||208|||24|||50|||306
"|||2|||7|||75|||307
endif|||1|||14|||312|||307
}|||59|||14|||313|||307
w|||11|||16|||40|||307
)|||143|||16|||42|||307
file|||1|||16|||56|||307
fprintf|||5|||16|||86|||307
fid|||5|||16|||88|||307
data_cols|||2|||16|||99|||307
}|||67|||16|||240|||307
=|||33|||5|||64|||308
=|||34|||5|||84|||308
▁|||3|||7|||69|||308
=|||59|||9|||167|||308
=|||72|||11|||66|||308
=|||86|||11|||285|||308
=|||106|||14|||48|||308
=|||121|||14|||300|||308
=|||130|||17|||53|||308
=|||144|||19|||60|||308
=|||149|||19|||129|||308
=|||164|||23|||57|||308
=|||165|||23|||66|||308
temp_sol|||3|||3|||107|||309
x_sol|||3|||3|||179|||309
0x80|||1|||0|||22|||310
len|||1|||9|||19|||310
len|||2|||9|||57|||310
len|||3|||9|||130|||310
len|||4|||9|||202|||310
len|||5|||18|||9|||310
len|||6|||18|||21|||310
)|||71|||9|||192|||311
)|||111|||13|||146|||311
)|||119|||14|||94|||311
)|||133|||14|||274|||311
)|||164|||17|||110|||311
)|||185|||19|||138|||311
)|||195|||21|||110|||311
)|||205|||23|||102|||311
)|||212|||24|||74|||311
for|||7|||3|||77|||312
for|||13|||6|||75|||312
for|||14|||6|||79|||312
for|||20|||9|||52|||312
for|||24|||10|||67|||312
for|||27|||11|||78|||312
for|||28|||11|||245|||312
for|||33|||13|||47|||312
for|||34|||14|||77|||312
for|||44|||17|||70|||312
for|||51|||21|||34|||312
for|||53|||21|||97|||312
row|||1|||11|||65|||313
cc|||4|||25|||52|||313
temp|||1|||10|||15|||314
temp|||2|||10|||90|||314
temp|||3|||10|||94|||314
temp|||4|||10|||106|||314
temp|||5|||10|||146|||314
temp|||6|||19|||95|||314
temp|||7|||19|||124|||314
temp|||8|||19|||128|||314
temp|||9|||19|||137|||314
ar|||1|||18|||4|||315
ar|||2|||18|||27|||315
nx|||2|||22|||28|||315
const|||8|||14|||240|||316
const|||9|||14|||246|||316
const|||11|||14|||302|||316
const|||14|||24|||19|||316
const|||15|||24|||33|||316
C|||1|||25|||43|||316
int|||6|||3|||74|||317
int|||15|||6|||27|||317
int|||22|||9|||18|||317
int|||32|||11|||37|||317
int|||33|||11|||41|||317
int|||34|||11|||64|||317
int|||36|||11|||92|||317
int|||37|||11|||101|||317
int|||45|||13|||15|||317
int|||47|||13|||23|||317
int|||52|||14|||46|||317
int|||53|||14|||253|||317
)|||159|||16|||248|||317
int|||71|||19|||25|||317
int|||72|||19|||58|||317
int|||78|||21|||51|||317
int|||80|||21|||99|||317
int|||85|||23|||26|||317
int|||87|||23|||36|||317
int|||90|||25|||22|||317
i|||2|||0|||31|||318
i|||6|||0|||58|||318
i|||13|||1|||36|||318
i|||21|||2|||58|||318
i|||27|||3|||49|||318
i|||45|||4|||46|||318
i|||53|||5|||63|||318
i|||82|||7|||39|||318
i|||102|||9|||149|||318
i|||113|||10|||47|||318
i|||127|||11|||54|||318
i|||138|||12|||47|||318
i|||140|||14|||25|||318
i|||145|||14|||184|||318
i|||149|||15|||48|||318
i|||176|||21|||41|||318
float|||2|||4|||24|||319
float|||3|||4|||31|||319
float|||4|||4|||37|||319
float|||13|||10|||7|||319
float|||14|||10|||14|||319
float|||15|||10|||17|||319
float|||16|||10|||25|||319
float|||19|||11|||25|||319
float|||21|||11|||116|||319
float|||24|||17|||18|||319
float|||25|||17|||43|||319
float|||28|||19|||40|||319
float|||29|||19|||48|||319
float|||31|||19|||79|||319
float|||32|||19|||87|||319
float|||33|||19|||94|||319
float|||34|||19|||132|||319
;|||48|||4|||132|||320
ENDCOM|||4|||6|||110|||320
;|||91|||9|||91|||320
_|||2|||12|||126|||320
ENDCOM|||10|||14|||144|||320
++|||33|||16|||149|||320
DEBUG_Z|||1|||17|||138|||320
;|||274|||21|||124|||320
;|||299|||24|||88|||320
;|||302|||24|||115|||320
,|||1|||0|||9|||321
"|||14|||16|||97|||321
data_cols|||4|||16|||169|||321
9|||1|||0|||35|||322
8|||1|||0|||60|||322
8|||2|||0|||81|||322
8|||3|||0|||92|||322
19|||1|||2|||19|||322
4|||1|||11|||145|||322
7|||1|||14|||72|||322
4|||2|||15|||29|||322
4|||3|||15|||50|||322
8|||4|||23|||78|||322
16|||1|||24|||49|||322
;|||44|||4|||65|||323
;|||86|||8|||76|||323
;|||122|||11|||70|||323
;|||149|||12|||54|||323
;|||157|||13|||42|||323
;|||227|||17|||57|||323
;|||252|||19|||66|||323
;|||289|||23|||70|||323
;|||306|||25|||58|||323
0|||9|||3|||41|||324
0|||14|||4|||48|||324
0|||41|||13|||145|||324
0|||44|||14|||49|||324
0|||71|||24|||73|||324
val|||1|||3|||20|||325
val|||2|||3|||105|||325
val|||3|||3|||119|||325
val|||4|||3|||127|||325
val|||5|||3|||136|||325
val|||6|||3|||144|||325
val|||7|||3|||159|||325
val|||8|||17|||44|||325
val|||9|||17|||161|||325
val|||10|||17|||187|||325
val|||11|||17|||200|||325
val|||12|||17|||202|||325
;|||136|||11|||265|||326
;|||186|||14|||252|||326
*|||46|||11|||139|||327
*|||49|||11|||188|||327
*|||59|||13|||73|||327
*|||60|||13|||75|||327
*|||61|||13|||88|||327
*|||72|||14|||120|||327
*|||105|||19|||155|||327
*|||115|||24|||96|||327
*|||116|||24|||103|||327
;|||3|||0|||36|||328
;|||179|||14|||188|||328
;|||281|||22|||46|||328
;|||286|||23|||41|||328
ba|||1|||24|||67|||329
ba|||2|||24|||101|||329
ba|||3|||24|||120|||329
pp|||1|||25|||89|||329
pp|||2|||25|||93|||329
pp|||3|||25|||100|||329
pp|||4|||25|||157|||329
pp|||5|||25|||167|||329
*|||1|||0|||7|||330
*|||5|||3|||7|||330
*|||6|||3|||11|||330
*|||14|||4|||4|||330
*|||15|||4|||11|||330
*|||22|||6|||7|||330
*|||24|||6|||15|||330
*|||27|||7|||4|||330
*|||30|||9|||5|||330
*|||35|||11|||4|||330
*|||38|||11|||34|||330
*|||62|||13|||92|||330
*|||86|||16|||8|||330
*|||90|||17|||4|||330
*|||93|||17|||22|||330
*|||111|||24|||5|||330
*|||113|||24|||18|||330
*|||120|||25|||16|||330
i|||84|||7|||77|||331
;|||207|||16|||74|||331
"|||13|||16|||90|||331
)|||36|||5|||58|||332
)|||37|||5|||59|||332
)|||42|||6|||69|||332
)|||56|||9|||39|||332
)|||95|||11|||300|||332
)|||136|||14|||305|||332
)|||139|||15|||54|||332
)|||220|||25|||54|||332
generate_v|||1|||3|||32|||333
dv|||1|||4|||68|||333
dw|||1|||4|||85|||333
dv|||2|||4|||96|||333
dw|||2|||4|||112|||333
dv|||3|||4|||128|||333
dw|||3|||4|||130|||333
dw|||4|||4|||136|||333
dv|||4|||4|||156|||333
Min|||1|||14|||98|||333
Max|||1|||14|||171|||333
mtx|||1|||15|||10|||333
1L|||1|||19|||160|||333
bestDist|||1|||23|||27|||333
dist|||1|||23|||34|||333
dist|||2|||23|||91|||333
dist|||3|||23|||99|||333
bestDist|||2|||23|||101|||333
bestDist|||3|||23|||104|||333
dist|||4|||23|||106|||333
FIELD_SD|||1|||25|||81|||333
<|||1|||1|||33|||334
<|||3|||2|||36|||334
<|||5|||3|||84|||334
<|||7|||4|||122|||334
<|||8|||5|||68|||334
<|||9|||5|||100|||334
<|||11|||6|||86|||334
<|||12|||7|||36|||334
<|||13|||9|||56|||334
<|||14|||9|||129|||334
<|||17|||10|||74|||334
<|||18|||10|||127|||334
<|||20|||11|||85|||334
<|||23|||13|||40|||334
<|||24|||13|||55|||334
<|||25|||14|||84|||334
<|||27|||15|||28|||334
int|||62|||16|||228|||334
<|||33|||17|||77|||334
<|||34|||17|||91|||334
<|||37|||19|||31|||334
<|||38|||19|||64|||334
<|||39|||22|||27|||334
<|||40|||23|||100|||334
,|||75|||13|||112|||335
,|||76|||13|||114|||335
,|||77|||13|||123|||335
\n|||9|||16|||246|||335
,|||143|||17|||196|||335
)|||23|||3|||183|||336
)|||84|||11|||90|||336
)|||109|||13|||128|||336
)|||132|||14|||249|||336
{|||69|||16|||202|||336
)|||172|||17|||213|||336
)|||203|||23|||79|||336
)|||204|||23|||89|||336
)|||209|||24|||53|||336
)|||211|||24|||63|||336
==|||4|||12|||142|||337
==|||7|||14|||21|||337
==|||9|||14|||232|||337
==|||13|||17|||133|||337
==|||17|||24|||92|||337
,|||5|||3|||17|||338
,|||6|||3|||19|||338
,|||10|||4|||17|||338
,|||29|||6|||21|||338
,|||40|||9|||12|||338
,|||47|||10|||13|||338
,|||53|||11|||18|||338
,|||54|||11|||21|||338
,|||57|||11|||32|||338
,|||104|||16|||19|||338
,|||105|||16|||30|||338
,|||121|||17|||14|||338
,|||151|||19|||16|||338
,|||160|||24|||10|||338
)|||35|||5|||8|||339
)|||96|||12|||3|||339
)|||125|||14|||170|||339
)|||174|||18|||10|||339
&|||4|||9|||112|||340
&|||6|||9|||158|||340
&|||15|||25|||48|||340
settings|||3|||25|||39|||341
settings|||5|||25|||63|||341
settings|||6|||25|||74|||341
settings|||7|||25|||77|||341
settings|||8|||25|||95|||341
settings|||10|||25|||121|||341
settings|||11|||25|||131|||341
settings|||12|||25|||148|||341
settings|||14|||25|||187|||341
settings|||15|||25|||190|||341
(|||67|||9|||145|||342
(|||93|||11|||246|||342
(|||108|||13|||119|||342
(|||131|||14|||223|||342
:|||7|||14|||236|||342
(|||132|||14|||245|||342
i|||161|||16|||236|||342
(|||173|||17|||221|||342
(|||231|||25|||186|||342
}|||12|||3|||211|||343
:|||5|||11|||238|||343
}|||57|||14|||229|||343
}|||74|||17|||219|||343
reset_fields_to_exchange|||2|||25|||185|||343
xp|||1|||14|||39|||344
xp|||2|||14|||124|||344
xp|||3|||14|||131|||344
xp|||4|||14|||182|||344
xp|||5|||14|||191|||344
xp|||6|||14|||203|||344
xp|||7|||14|||212|||344
xp|||8|||14|||227|||344
xp|||9|||14|||243|||344
xp|||10|||14|||268|||344
xp|||11|||14|||282|||344
xp|||12|||14|||306|||344
=|||13|||2|||32|||345
=|||31|||5|||31|||345
=|||45|||7|||32|||345
=|||49|||8|||36|||345
=|||52|||9|||24|||345
=|||57|||9|||143|||345
=|||63|||10|||32|||345
=|||89|||12|||22|||345
=|||102|||13|||83|||345
=|||103|||13|||117|||345
=|||116|||14|||222|||345
=|||122|||15|||24|||345
▁|||23|||16|||224|||345
=|||141|||19|||27|||345
=|||155|||21|||53|||345
=|||162|||23|||28|||345
=|||163|||23|||50|||345
if|||1|||2|||43|||346
if|||3|||4|||117|||346
if|||4|||4|||145|||346
if|||5|||7|||43|||346
if|||7|||9|||34|||346
if|||8|||10|||50|||346
if|||9|||10|||98|||346
if|||10|||11|||297|||346
if|||13|||14|||107|||346
if|||15|||14|||287|||346
fid|||3|||16|||46|||346
if|||18|||17|||126|||346
if|||19|||17|||150|||346
if|||21|||21|||64|||346
if|||25|||25|||61|||346
if|||26|||25|||129|||346
if|||27|||25|||173|||346
++|||1|||0|||38|||347
++|||2|||0|||63|||347
--|||1|||2|||26|||347
++|||11|||5|||114|||347
++|||12|||6|||52|||347
++|||22|||11|||60|||347
++|||23|||11|||88|||347
++|||27|||13|||59|||347
++|||28|||14|||160|||347
--|||2|||14|||266|||347
++|||29|||14|||273|||347
++|||37|||17|||95|||347
++|||38|||17|||123|||347
++|||40|||17|||214|||347
++|||41|||18|||24|||347
++|||45|||21|||46|||347
++|||47|||21|||109|||347
--|||3|||23|||45|||347
++|||50|||23|||53|||347
++|||51|||24|||39|||347
++|||55|||25|||33|||347
{|||18|||4|||153|||348
{|||57|||14|||130|||348
{|||75|||17|||160|||348
,|||19|||4|||129|||349
defvert_add_index_notest|||1|||4|||154|||349
,|||20|||4|||157|||349
,|||43|||9|||117|||349
,|||61|||11|||206|||349
,|||67|||12|||122|||349
,|||90|||14|||174|||349
(|||154|||16|||177|||349
)|||158|||16|||238|||349
,|||134|||17|||166|||349
,|||135|||17|||168|||349
,|||138|||17|||179|||349
,|||146|||17|||211|||349
,|||166|||25|||149|||349
rcpb|||2|||9|||107|||350
rcpb|||3|||9|||166|||350
rcpb|||4|||9|||180|||350
WEBP_SWAP_16BIT_CSP|||1|||24|||91|||350
n_y|||2|||13|||39|||351
n_y|||3|||13|||43|||351
n_y|||5|||13|||91|||351
i|||31|||3|||97|||352
i|||98|||9|||88|||352
i|||104|||9|||188|||352
i|||108|||9|||215|||352
:|||2|||4|||93|||353
;|||126|||11|||100|||353
;|||161|||13|||99|||353
;|||172|||14|||90|||353
;|||272|||21|||103|||353
;|||295|||23|||116|||353
;|||314|||25|||170|||353
(|||21|||3|||78|||354
(|||39|||5|||94|||354
(|||78|||10|||99|||354
(|||100|||12|||88|||354
(|||121|||14|||108|||354
d|||8|||16|||95|||354
(|||163|||17|||85|||354
(|||180|||19|||103|||354
(|||205|||23|||98|||354
(|||212|||24|||69|||354
(|||213|||24|||70|||354
weightvg_update_vg|||1|||4|||1|||355
doors|||1|||21|||6|||355
doors|||2|||21|||26|||355
doors|||3|||21|||73|||355
doors|||4|||21|||79|||355
doors|||5|||21|||114|||355
PPCG|||1|||25|||6|||355
j|||9|||3|||18|||356
j|||31|||14|||79|||356
j|||64|||22|||26|||356
srslte_simd_cfi_loadu|||1|||9|||144|||357
srslte_simd_f_loadu|||1|||9|||156|||357
buffer|||1|||7|||5|||358
buffer|||2|||7|||47|||358
]|||53|||7|||82|||358
row|||2|||11|||184|||358
miIndexedPtr|||1|||23|||4|||358
else|||4|||9|||123|||359
:|||4|||11|||211|||359
j|||47|||16|||205|||359
cheby_betas|||1|||25|||165|||359
#else|||1|||14|||239|||360
,|||118|||16|||244|||360
{|||34|||9|||124|||361
{|||35|||9|||140|||361
=|||129|||16|||206|||361
{|||104|||25|||181|||361
predictions|||1|||11|||5|||362
probs|||1|||11|||31|||362
predictions|||2|||11|||119|||362
predictions|||3|||11|||155|||362
predictions|||4|||11|||177|||362
predictions|||5|||11|||200|||362
predictions|||6|||11|||227|||362
predictions|||7|||11|||271|||362
probs|||2|||11|||278|||362
probs|||3|||11|||302|||362
is_larger|||1|||12|||9|||363
is_larger|||2|||12|||21|||363
is_larger|||3|||12|||60|||363
is_larger|||4|||12|||67|||363
known|||1|||12|||93|||363
is_larger|||5|||12|||136|||363
is_larger|||6|||12|||146|||363
▁|||19|||16|||65|||363
->|||3|||3|||46|||364
->|||6|||3|||135|||364
->|||7|||3|||173|||364
->|||9|||4|||137|||364
->|||12|||17|||67|||364
->|||13|||23|||59|||364
->|||14|||25|||30|||364
->|||20|||25|||132|||364
->|||21|||25|||176|||364
exp|||1|||10|||83|||365
log|||1|||10|||108|||365
exp|||2|||10|||139|||365
pow|||1|||11|||198|||365
pow|||2|||11|||225|||365
in|||1|||8|||12|||366
in|||2|||8|||62|||366
0|||2|||1|||24|||367
0|||28|||11|||82|||367
0|||37|||13|||113|||367
0|||38|||13|||115|||367
0|||48|||14|||233|||367
0|||61|||17|||173|||367
(|||92|||11|||234|||368
(|||107|||13|||110|||368
(|||172|||17|||205|||368
=|||10|||2|||7|||369
=|||48|||8|||23|||369
=|||65|||10|||60|||369
=|||159|||22|||23|||369
=|||161|||23|||20|||369
col|||2|||11|||162|||370
=|||2|||0|||28|||371
=|||3|||0|||47|||371
=|||4|||0|||55|||371
=|||5|||0|||74|||371
=|||7|||1|||23|||371
=|||9|||1|||56|||371
=|||29|||5|||14|||371
=|||42|||6|||128|||371
=|||70|||10|||138|||371
=|||71|||11|||51|||371
=|||74|||11|||81|||371
=|||87|||11|||309|||371
=|||93|||12|||61|||371
=|||105|||14|||43|||371
=|||107|||14|||53|||371
=|||111|||14|||125|||371
=|||124|||15|||45|||371
=|||139|||18|||16|||371
=|||145|||19|||73|||371
=|||152|||21|||15|||371
=|||154|||21|||38|||371
=|||160|||22|||38|||371
=|||177|||24|||113|||371
=|||182|||25|||116|||371
)|||22|||3|||170|||372
)|||24|||3|||188|||372
)|||33|||4|||152|||372
)|||62|||9|||90|||372
)|||89|||11|||213|||372
)|||90|||11|||214|||372
)|||102|||12|||144|||372
)|||127|||14|||186|||372
)|||128|||14|||187|||372
)|||130|||14|||208|||372
for|||42|||16|||189|||372
)|||166|||17|||139|||372
)|||171|||17|||198|||372
)|||192|||21|||62|||372
)|||229|||25|||169|||372
;|||99|||9|||172|||373
;|||100|||9|||182|||373
;|||102|||9|||199|||373
;|||138|||11|||295|||373
;|||191|||14|||296|||373
;|||193|||14|||310|||373
[|||24|||3|||140|||374
[|||62|||9|||160|||374
[|||89|||14|||164|||374
mask|||4|||17|||156|||374
C|||2|||25|||135|||374
=|||17|||3|||57|||375
=|||26|||4|||69|||375
=|||73|||11|||73|||375
=|||108|||14|||68|||375
=|||120|||14|||294|||375
=|||140|||18|||31|||375
=|||153|||21|||30|||375
=|||166|||23|||72|||375
=|||179|||25|||24|||375
(|||57|||9|||37|||376
(|||116|||14|||58|||376
(|||117|||14|||59|||376
(|||136|||14|||301|||376
(|||151|||16|||139|||376
(|||185|||19|||136|||376
(|||226|||25|||113|||376
[|||7|||2|||57|||377
[|||13|||3|||54|||377
[|||27|||3|||155|||377
[|||29|||3|||175|||377
[|||32|||3|||198|||377
[|||43|||6|||61|||377
[|||56|||8|||68|||377
[|||60|||9|||114|||377
[|||65|||9|||214|||377
[|||67|||10|||53|||377
[|||76|||11|||178|||377
[|||78|||11|||201|||377
[|||91|||14|||192|||377
[|||93|||15|||57|||377
[|||95|||15|||65|||377
[|||107|||21|||27|||377
[|||116|||23|||61|||377
[|||121|||25|||156|||377
)|||21|||3|||89|||378
)|||28|||4|||99|||378
)|||31|||4|||124|||378
)|||39|||5|||107|||378
)|||69|||9|||171|||378
)|||70|||9|||181|||378
)|||77|||10|||95|||378
)|||99|||12|||83|||378
)|||135|||14|||292|||378
)|||150|||16|||136|||378
)|||225|||25|||110|||378
)|||63|||9|||98|||379
)|||64|||9|||108|||379
)|||66|||9|||139|||379
)|||131|||14|||226|||379
)|||187|||19|||157|||379
)|||228|||25|||146|||379
-|||3|||0|||88|||380
-|||5|||6|||132|||380
-|||6|||9|||58|||380
-|||7|||9|||131|||380
-|||9|||10|||91|||380
-|||11|||10|||147|||380
-|||14|||14|||101|||380
-|||15|||19|||91|||380
-|||16|||23|||84|||380
;|||13|||1|||61|||381
;|||45|||4|||82|||381
}|||26|||7|||93|||381
;|||89|||9|||62|||381
;|||125|||11|||87|||381
;|||158|||13|||53|||381
;|||163|||13|||159|||381
;|||170|||14|||76|||381
;|||190|||14|||286|||381
;|||230|||17|||75|||381
;|||233|||17|||93|||381
;|||253|||19|||78|||381
nowait|||1|||6|||39|||382
nowait|||2|||6|||77|||382
nowait|||3|||6|||109|||382
[|||1|||0|||18|||383
[|||4|||1|||53|||383
[|||9|||2|||67|||383
[|||14|||3|||61|||383
[|||15|||3|||68|||383
[|||33|||3|||204|||383
[|||34|||4|||62|||383
[|||35|||4|||72|||383
[|||45|||6|||93|||383
,|||35|||7|||83|||383
[|||63|||9|||187|||383
[|||68|||10|||62|||383
[|||92|||15|||36|||383
[|||108|||21|||74|||383
[|||112|||22|||10|||383
[|||115|||23|||22|||383
+|||1|||0|||44|||384
+|||2|||0|||69|||384
+|||3|||2|||59|||384
+|||5|||3|||202|||384
+|||7|||5|||49|||384
+|||13|||11|||98|||384
+|||21|||11|||180|||384
+|||22|||11|||183|||384
+|||23|||11|||203|||384
+|||24|||11|||230|||384
+|||25|||11|||274|||384
+|||35|||21|||83|||384
+|||36|||24|||23|||384
(|||10|||1|||27|||385
(|||18|||3|||28|||385
(|||143|||16|||36|||385
float|||1|||3|||3|||386
float|||7|||6|||6|||386
float|||8|||6|||10|||386
float|||9|||6|||14|||386
float|||10|||6|||18|||386
float|||11|||6|||22|||386
float|||12|||9|||9|||386
float|||18|||11|||3|||386
float|||23|||17|||15|||386
float|||26|||19|||9|||386
float|||27|||19|||13|||386
float|||35|||22|||3|||386
float|||36|||22|||8|||386
)|||10|||1|||46|||387
)|||15|||2|||54|||387
)|||27|||4|||56|||387
)|||32|||4|||131|||387
)|||41|||6|||53|||387
schedule(static)|||2|||6|||76|||387
schedule(static)|||3|||6|||108|||387
)|||83|||11|||62|||387
private(i)|||1|||12|||34|||387
printf|||1|||16|||51|||387
)|||189|||21|||3|||387
)|||219|||25|||44|||387
0.0f|||1|||4|||105|||388
1.0f|||1|||4|||107|||388
2.0f|||1|||6|||71|||388
1.0f|||2|||19|||126|||388
1.0f|||3|||19|||130|||388
180.0f|||1|||19|||146|||388
4.0f|||1|||19|||154|||388
OPS_ACC|||3|||13|||139|||389
OPS_ACC|||4|||13|||150|||389
.|||1|||1|||41|||390
.|||2|||1|||51|||390
.|||4|||5|||25|||390
.|||5|||5|||29|||390
.|||7|||5|||37|||390
.|||9|||5|||47|||390
.|||10|||5|||51|||390
.|||11|||5|||70|||390
.|||17|||11|||151|||390
.|||18|||11|||173|||390
.|||19|||11|||195|||390
.|||21|||25|||154|||390
side|||4|||11|||69|||391
side|||6|||11|||104|||391
side|||7|||11|||106|||391
side|||11|||11|||187|||391
(|||22|||3|||167|||392
(|||23|||3|||168|||392
(|||25|||3|||186|||392
(|||66|||9|||126|||392
(|||128|||14|||179|||392
;|||219|||16|||208|||392
update_global_node_set|||1|||1|||3|||393
global_node_set|||1|||1|||40|||393
global_node_set|||2|||1|||50|||393
do_add|||2|||4|||147|||393
mset|||1|||8|||1|||393
mri_mask|||1|||17|||9|||393
pmask|||1|||17|||48|||393
pmask|||2|||17|||98|||393
mri_mask|||2|||17|||103|||393
pmask|||3|||17|||147|||393
fields_to_exchange|||1|||25|||79|||393
fields_to_exchange|||2|||25|||192|||393
h|||4|||11|||243|||394
0|||8|||2|||82|||395
0|||17|||5|||97|||395
0|||42|||13|||156|||395
0|||46|||14|||89|||395
0|||58|||17|||88|||395
0|||59|||17|||105|||395
0|||73|||25|||91|||395
{|||5|||1|||47|||396
{|||9|||2|||55|||396
{|||14|||4|||57|||396
{|||16|||4|||125|||396
{|||21|||5|||108|||396
{|||42|||11|||63|||396
{|||66|||16|||137|||396
{|||72|||17|||83|||396
{|||93|||23|||47|||396
j|||3|||2|||35|||397
j|||18|||8|||35|||397
j|||37|||15|||27|||397
j|||42|||16|||31|||397
j|||57|||21|||56|||397
j|||66|||22|||36|||397
(|||72|||9|||198|||398
(|||81|||10|||140|||398
(|||87|||11|||154|||398
(|||166|||17|||127|||398
(|||184|||19|||123|||398
halo_update_driver|||1|||25|||103|||398
(|||225|||25|||104|||398
,|||7|||4|||6|||399
,|||37|||8|||10|||399
,|||49|||11|||6|||399
,|||62|||11|||233|||399
,|||156|||23|||6|||399
(|||68|||9|||157|||400
(|||109|||13|||121|||400
(|||110|||13|||131|||400
FIELD_MASS_FLUX_X|||1|||13|||134|||400
(|||124|||14|||150|||400
(|||133|||14|||259|||400
(|||152|||16|||153|||400
(|||186|||19|||150|||400
uint64_t|||1|||0|||10|||401
cf_t|||1|||9|||4|||401
cf_t|||2|||9|||13|||401
size_t|||1|||14|||9|||401
uint32_t|||1|||24|||4|||401
uint8_t|||1|||24|||11|||401
uint32_t|||2|||24|||17|||401
;|||49|||4|||141|||402
;|||71|||6|||120|||402
srslte_simd_cfi_load|||1|||9|||71|||402
;|||114|||10|||112|||402
;|||118|||10|||150|||402
;|||188|||14|||260|||402
ppcg_inner_steps|||1|||25|||97|||402
;|||310|||25|||98|||402
;|||313|||25|||124|||402
=|||16|||3|||40|||403
=|||24|||4|||47|||403
=|||50|||8|||61|||403
=|||58|||9|||155|||403
=|||84|||11|||261|||403
=|||117|||14|||244|||403
=|||143|||19|||50|||403
=|||150|||19|||134|||403
=|||183|||25|||196|||403
FORTRAN|||1|||25|||67|||404
run_ppcg_inner_iteration|||1|||25|||138|||404
FORTRAN|||2|||25|||179|||404
else|||1|||4|||134|||405
else|||2|||4|||144|||405
else|||3|||8|||65|||405
else|||5|||10|||113|||405
else|||6|||14|||129|||405
else|||8|||21|||126|||405
else|||9|||25|||60|||405
else|||10|||25|||172|||405
,|||87|||14|||103|||406
%|||11|||16|||109|||406
pixel|||3|||23|||110|||406
w|||1|||4|||59|||407
w|||2|||4|||103|||407
w|||3|||4|||121|||407
w|||4|||4|||140|||407
w|||5|||4|||149|||407
w|||6|||4|||160|||407
w|||7|||11|||20|||407
w|||8|||11|||167|||407
w|||9|||11|||196|||407
w|||10|||11|||216|||407
"|||8|||16|||41|||407
char|||1|||0|||6|||408
char|||2|||0|||77|||408
char|||3|||7|||3|||408
char|||4|||7|||19|||408
char|||5|||7|||25|||408
char|||6|||14|||60|||408
char|||7|||14|||241|||408
char|||8|||14|||247|||408
char|||9|||16|||3|||408
j|||1|||2|||11|||409
/|||2|||9|||217|||410
/|||5|||10|||105|||410
/|||6|||10|||145|||410
/|||8|||11|||164|||410
}|||28|||8|||77|||411
}|||29|||8|||78|||411
}|||30|||8|||79|||411
}|||33|||9|||194|||411
}|||34|||9|||195|||411
}|||60|||15|||74|||411
}|||61|||15|||75|||411
"|||11|||16|||80|||411
}|||81|||20|||15|||411
}|||97|||25|||59|||411
i|||50|||4|||80|||412
i|||58|||5|||99|||412
i|||68|||6|||81|||412
i|||96|||9|||63|||412
i|||116|||10|||69|||412
i|||119|||10|||87|||412
i|||181|||21|||108|||412
simd_cf_t|||2|||9|||100|||413
simd_cf_t|||3|||9|||141|||413
(|||28|||4|||95|||414
(|||44|||6|||98|||414
(|||47|||7|||24|||414
(|||60|||9|||53|||414
(|||63|||9|||96|||414
(|||84|||11|||79|||414
(|||98|||12|||63|||414
(|||102|||12|||140|||414
(|||105|||13|||48|||414
(|||141|||15|||83|||414
n|||3|||6|||87|||415
n|||4|||6|||119|||415
n|||5|||8|||9|||415
n|||6|||8|||28|||415
n|||7|||8|||41|||415
n|||9|||10|||44|||415
n|||10|||10|||75|||415
n|||11|||10|||128|||415
n|||13|||11|||80|||415
n|||14|||11|||84|||415
n|||15|||11|||89|||415
n|||16|||11|||99|||415
(|||24|||3|||185|||416
(|||64|||9|||104|||416
(|||90|||11|||207|||416
(|||127|||14|||176|||416
(|||129|||14|||200|||416
(|||171|||17|||190|||416
{|||6|||2|||4|||417
{|||8|||2|||42|||417
{|||10|||3|||14|||417
{|||31|||9|||21|||417
{|||36|||9|||207|||417
{|||60|||15|||12|||417
{|||82|||21|||4|||417
{|||91|||22|||33|||417
=|||28|||4|||139|||418
=|||39|||6|||82|||418
=|||66|||10|||70|||418
=|||76|||11|||103|||418
=|||82|||11|||224|||418
=|||83|||11|||248|||418
=|||96|||12|||97|||418
=|||109|||14|||80|||418
=|||110|||14|||97|||418
=|||137|||17|||145|||418
=|||146|||19|||81|||418
=|||151|||19|||141|||418
=|||157|||21|||94|||418
;|||90|||9|||79|||419
;|||175|||14|||127|||419
;|||256|||19|||121|||419
printf|||3|||21|||141|||419
;|||72|||6|||140|||420
;|||129|||11|||146|||420
;|||153|||12|||118|||420
;|||176|||14|||139|||420
#else|||2|||24|||109|||420
;|||28|||3|||59|||421
;|||57|||5|||72|||421
;|||66|||6|||72|||421
ordered|||2|||12|||57|||421
;|||169|||14|||66|||421
;|||228|||17|||63|||421
,|||82|||13|||155|||422
,|||88|||14|||115|||422
,|||92|||14|||267|||422
,|||94|||14|||283|||422
(|||149|||16|||118|||422
=|||126|||16|||127|||422
;|||275|||21|||138|||422
long|||1|||14|||24|||423
long|||2|||14|||51|||423
long|||3|||14|||55|||423
long|||4|||19|||17|||423
(|||31|||4|||118|||424
(|||79|||10|||109|||424
(|||80|||10|||121|||424
(|||85|||11|||131|||424
(|||165|||17|||113|||424
(|||183|||19|||118|||424
(|||197|||21|||129|||424
c|||1|||6|||16|||425
c|||2|||6|||54|||425
c|||3|||6|||99|||425
c|||4|||7|||20|||425
c|||5|||7|||22|||425
c|||6|||7|||45|||425
i|||86|||7|||87|||425
;|||15|||2|||14|||426
;|||92|||9|||99|||426
;|||93|||9|||109|||426
;|||103|||9|||203|||426
;|||131|||11|||190|||426
;|||140|||12|||7|||426
;|||261|||20|||14|||426
;|||263|||21|||17|||426
ppcg_inner_iterations|||1|||25|||9|||426
]|||20|||3|||122|||427
]|||24|||3|||142|||427
]|||25|||3|||149|||427
]|||27|||3|||157|||427
]|||28|||3|||165|||427
]|||75|||11|||172|||427
]|||76|||11|||182|||427
]|||105|||19|||158|||427
]|||111|||22|||6|||427
index|||6|||11|||171|||428
index|||7|||11|||193|||428
index|||9|||11|||280|||428
indices|||1|||4|||21|||429
indices|||2|||4|||73|||429
indices|||3|||4|||75|||429
softmax_array|||1|||10|||5|||429
data_range|||1|||16|||21|||429
real|||2|||3|||10|||430
(|||175|||18|||13|||430
(|||190|||21|||12|||430
nx|||1|||22|||14|||430
(|||217|||25|||10|||430
++|||3|||1|||45|||431
++|||4|||2|||40|||431
++|||7|||4|||55|||431
++|||9|||5|||82|||431
++|||10|||5|||105|||431
++|||15|||7|||40|||431
++|||16|||8|||31|||431
++|||18|||9|||205|||431
++|||24|||11|||255|||431
++|||30|||15|||31|||431
,|||116|||16|||220|||431
data_rows|||5|||16|||234|||431
++|||36|||17|||81|||431
++|||39|||17|||148|||431
++|||43|||19|||67|||431
++|||46|||21|||60|||431
++|||48|||21|||123|||431
++|||49|||22|||31|||431
++|||52|||24|||105|||431
++|||53|||24|||112|||431
++|||57|||25|||125|||431
h|||1|||11|||23|||432
h|||2|||11|||189|||432
h|||3|||11|||223|||432
SqareDown|||1|||2|||1|||433
odefun|||1|||3|||1|||433
FindBestGray|||1|||23|||2|||433
,|||3|||3|||5|||434
real|||1|||3|||6|||434
,|||22|||5|||5|||434
,|||25|||6|||5|||434
,|||30|||7|||6|||434
,|||36|||8|||7|||434
,|||100|||16|||6|||434
,|||147|||18|||7|||434
,|||148|||19|||5|||434
,|||154|||22|||7|||434
solver|||1|||25|||7|||434
;|||46|||4|||100|||435
;|||113|||10|||96|||435
;|||294|||23|||111|||435
;|||308|||25|||85|||435
}|||3|||0|||96|||436
}|||4|||1|||62|||436
}|||5|||1|||63|||436
}|||8|||2|||86|||436
}|||9|||2|||87|||436
}|||47|||12|||76|||436
}|||51|||13|||160|||436
}|||52|||13|||161|||436
}|||53|||13|||162|||436
}|||85|||21|||91|||436
}|||99|||25|||71|||436
num_pixels|||1|||24|||9|||437
num_pixels|||2|||24|||24|||437
,|||78|||13|||125|||438
,|||79|||13|||142|||438
,|||80|||13|||144|||438
,|||81|||13|||153|||438
,|||93|||14|||271|||438
(|||1|||0|||4|||439
(|||26|||4|||2|||439
(|||40|||6|||2|||439
(|||46|||7|||2|||439
(|||52|||8|||21|||439
(|||82|||11|||2|||439
(|||114|||14|||2|||439
SS3D_Mtx_Transform|||1|||15|||1|||439
(|||137|||15|||2|||439
(|||161|||17|||2|||439
(|||176|||19|||2|||439
(|||188|||20|||3|||439
(|||200|||22|||21|||439
(|||201|||23|||3|||439
j|||4|||2|||39|||440
j|||5|||2|||52|||440
j|||10|||3|||79|||440
j|||19|||8|||39|||440
j|||22|||8|||59|||440
j|||33|||14|||91|||440
unsigned|||1|||0|||5|||441
ushort|||1|||14|||31|||441
ushort|||2|||14|||37|||441
ushort|||3|||14|||134|||441
ushort|||4|||14|||206|||441
short|||1|||20|||4|||441
padding|||1|||0|||0|||442
characters|||1|||0|||1|||442
static|||1|||1|||1|||442
07267|||1|||10|||0|||442
test_omp_parallel_for_ordered|||1|||12|||1|||442
ordered|||1|||12|||35|||442
door|||1|||21|||1|||442
Performs|||1|||25|||0|||442
kernel_language|||1|||25|||41|||442
kernel_language|||2|||25|||65|||442
kernel_language|||3|||25|||133|||442
kernel_language|||4|||25|||177|||442
node_no|||1|||1|||21|||443
vol_flux_x_p|||1|||13|||7|||443
mass_flux_x_p|||1|||13|||12|||443
return|||1|||3|||209|||444
return|||2|||5|||125|||444
return|||3|||12|||139|||444
return|||5|||14|||308|||444
return|||9|||22|||45|||444
status|||1|||14|||254|||445
status|||2|||14|||293|||445
status|||3|||14|||309|||445
i|||10|||1|||11|||446
i|||80|||7|||31|||446
i|||163|||18|||19|||446
i|||166|||19|||26|||446
,|||2|||0|||12|||447
,|||28|||6|||17|||447
,|||38|||8|||17|||447
,|||39|||9|||7|||447
,|||51|||11|||12|||447
,|||52|||11|||15|||447
,|||84|||14|||11|||447
,|||102|||16|||13|||447
,|||120|||17|||10|||447
,|||150|||19|||12|||447
,|||158|||23|||13|||447
,|||159|||24|||7|||447
Wx|||1|||3|||117|||448
Wy|||1|||3|||134|||448
;|||212|||16|||133|||448
=|||21|||3|||92|||449
=|||36|||5|||116|||449
=|||40|||6|||96|||449
=|||41|||6|||114|||449
=|||53|||9|||70|||449
=|||67|||10|||103|||449
=|||68|||10|||115|||449
=|||77|||11|||118|||449
=|||78|||11|||126|||449
=|||79|||11|||153|||449
=|||112|||14|||132|||449
=|||118|||14|||255|||449
=|||135|||17|||99|||449
=|||170|||23|||109|||449
=|||178|||24|||119|||449
[|||3|||0|||67|||450
[|||10|||2|||70|||450
[|||11|||2|||75|||450
[|||36|||4|||76|||450
[|||38|||5|||80|||450
[|||39|||5|||88|||450
[|||50|||7|||48|||450
[|||100|||18|||28|||450
[|||103|||19|||75|||450
paddingSize|||1|||0|||14|||451
paddingSize|||2|||0|||33|||451
paddingSize|||3|||0|||70|||451
Pixel|||1|||23|||1|||451
Pixel|||2|||23|||7|||451
Pixel|||3|||23|||18|||451
Pixel|||4|||23|||48|||451
largest|||1|||10|||31|||452
largest|||2|||10|||57|||452
largest|||3|||10|||59|||452
largest|||4|||10|||92|||452
largest|||5|||10|||104|||452
largest|||6|||10|||116|||452
]|||77|||11|||194|||453
]|||83|||11|||284|||453
]|||89|||14|||166|||453
]|||90|||14|||185|||453
]|||114|||22|||42|||453
]|||120|||25|||153|||453
]|||123|||25|||168|||453
omp|||1|||6|||31|||454
omp|||2|||6|||36|||454
omp|||3|||6|||74|||454
omp|||4|||6|||106|||454
omp|||5|||12|||30|||454
omp|||6|||12|||56|||454
omp|||7|||13|||28|||454
}|||13|||4|||133|||455
}|||14|||4|||142|||455
}|||15|||4|||143|||455
}|||37|||10|||66|||455
}|||39|||10|||151|||455
}|||40|||10|||152|||455
}|||83|||21|||89|||455
}|||84|||21|||90|||455
}|||86|||21|||125|||455
}|||98|||25|||70|||455
}|||16|||4|||163|||456
}|||17|||4|||164|||456
}|||18|||4|||165|||456
}|||48|||12|||148|||456
x|||2|||9|||38|||457
x|||3|||9|||74|||457
x|||8|||17|||114|||457
x|||9|||17|||118|||457
x|||10|||17|||122|||457
x|||11|||17|||128|||457
x|||15|||17|||208|||457
dr|||1|||23|||37|||458
dr|||2|||23|||81|||458
dr|||3|||23|||93|||458
dr|||4|||23|||95|||458
restrict|||1|||13|||6|||459
restrict|||2|||13|||11|||459
restrict|||3|||13|||17|||459
rgba|||1|||23|||60|||459
input|||1|||10|||9|||460
output|||1|||10|||19|||460
input|||2|||10|||52|||460
input|||3|||10|||61|||460
input|||4|||10|||85|||460
output|||2|||10|||134|||460
input|||5|||10|||141|||460
input|||6|||16|||9|||460
\n|||8|||16|||181|||460
}|||68|||16|||250|||460
src|||1|||24|||6|||460
src|||2|||24|||22|||460
src|||3|||24|||28|||460
square|||1|||11|||14|||461
square|||2|||11|||208|||461
square|||3|||11|||235|||461
return|||4|||14|||230|||462
fid|||4|||16|||78|||462
return|||7|||17|||220|||462
return|||8|||20|||8|||462
return|||10|||23|||114|||462
)|||17|||3|||25|||463
do_add|||1|||4|||29|||463
box|||1|||11|||33|||463
only_objectness|||1|||11|||38|||464
only_objectness|||2|||11|||299|||464
pIndexed|||1|||23|||5|||464
pIndexed|||2|||23|||58|||464
#if|||2|||14|||17|||465
#|||1|||14|||311|||465
#if|||3|||24|||89|||465
d|||9|||16|||110|||466
0|||53|||16|||128|||466
data_cols|||3|||16|||146|||466
"|||18|||16|||160|||466
}|||65|||16|||185|||466
)|||156|||16|||215|||466
)|||157|||16|||229|||466
fid|||11|||16|||254|||466
==|||1|||2|||46|||467
==|||2|||8|||50|||467
<<|||1|||23|||30|||468
30|||1|||23|||31|||468
<<|||2|||23|||77|||468
weights|||1|||4|||26|||469
add_thresh|||1|||4|||32|||469
rem_thresh|||1|||4|||38|||469
weights|||2|||4|||61|||469
rem_thresh|||2|||4|||123|||469
add_thresh|||2|||4|||151|||469
thresh|||1|||11|||26|||469
scale|||1|||11|||117|||469
prob|||1|||11|||267|||469
scale|||2|||11|||269|||469
prob|||2|||11|||287|||469
thresh|||2|||11|||289|||469
prob|||3|||11|||292|||469
scale|||3|||11|||310|||469
m2|||1|||5|||7|||470
m2|||2|||5|||36|||470
m2|||3|||5|||50|||470
m2|||4|||5|||101|||470
m2|||5|||5|||117|||470
nowait_example2|||1|||6|||1|||470
check_i_islarger2|||1|||12|||62|||470
x2|||1|||19|||49|||470
y2|||1|||19|||80|||470
x2|||2|||19|||90|||470
y2|||2|||19|||92|||470
)|||88|||11|||185|||471
)|||124|||14|||161|||471
)|||151|||16|||150|||471
"|||19|||16|||180|||471
)|||167|||17|||142|||471
)|||168|||17|||159|||471
i|||154|||16|||126|||472
data_rows|||4|||16|||197|||472
++|||34|||16|||200|||472
i|||183|||21|||136|||472
}|||89|||21|||152|||472
;|||10|||1|||25|||473
;|||51|||5|||16|||473
;|||80|||8|||19|||473
;|||84|||8|||42|||473
;|||141|||12|||10|||473
;|||244|||18|||18|||473
;|||248|||19|||35|||473
;|||266|||21|||40|||473
;|||277|||22|||19|||473
n_y|||1|||13|||35|||474
n_y|||4|||13|||72|||474
]|||29|||3|||177|||475
]|||60|||9|||116|||475
]|||61|||9|||150|||475
]|||91|||14|||194|||475
]|||121|||25|||158|||475
)|||1|||0|||15|||476
)|||19|||3|||35|||476
)|||38|||5|||75|||476
)|||103|||13|||25|||476
)|||104|||13|||45|||476
)|||114|||14|||15|||476
fprintf|||4|||16|||76|||476
)|||188|||20|||6|||476
)|||207|||24|||31|||476
0xff|||1|||23|||69|||477
0xf|||1|||24|||62|||477
0xf|||2|||24|||86|||477
[|||16|||3|||96|||478
[|||19|||3|||113|||478
[|||22|||3|||130|||478
[|||26|||3|||152|||478
[|||42|||6|||55|||478
[|||48|||6|||130|||478
[|||61|||9|||148|||478
[|||77|||11|||192|||478
[|||83|||11|||282|||478
[|||84|||11|||303|||478
[|||90|||14|||183|||478
[|||114|||22|||40|||478
[|||120|||25|||151|||478
i|||73|||6|||113|||479
_|||1|||12|||94|||479
tmp|||2|||14|||114|||479
[|||51|||7|||62|||480
▁|||4|||12|||92|||480
▁|||5|||12|||96|||480
▁|||6|||12|||98|||480
▁|||9|||12|||105|||480
▁|||10|||12|||107|||480
▁|||12|||12|||124|||480
▁|||13|||12|||128|||480
▁|||14|||12|||130|||480
was|||1|||16|||58|||480
writing|||1|||16|||68|||480
)|||147|||16|||102|||480
*|||21|||5|||57|||481
*|||39|||11|||57|||481
*|||45|||11|||130|||481
*|||48|||11|||166|||481
*|||95|||17|||47|||481
*|||109|||23|||51|||481
*|||114|||24|||37|||481
const|||1|||4|||18|||482
const|||3|||9|||3|||482
const|||7|||14|||3|||482
const|||12|||24|||3|||482
dvert|||2|||4|||71|||483
;|||123|||11|||77|||483
;|||201|||15|||73|||483
(|||146|||16|||77|||483
0|||1|||1|||0|||484
copy0|||1|||22|||1|||484
0xf0|||1|||24|||52|||484
0xf0|||2|||24|||76|||484
0|||3|||1|||30|||485
0|||22|||9|||25|||485
0|||24|||10|||40|||485
0|||27|||11|||52|||485
0|||43|||14|||44|||485
0|||51|||15|||46|||485
[|||5|||2|||48|||486
[|||20|||3|||120|||486
[|||21|||3|||123|||486
[|||40|||5|||112|||486
[|||49|||6|||137|||486
[|||54|||8|||55|||486
[|||59|||9|||87|||486
[|||64|||9|||209|||486
[|||70|||10|||135|||486
[|||71|||10|||142|||486
[|||73|||11|||148|||486
2|||1|||11|||204|||487
2|||2|||11|||210|||487
2|||3|||11|||237|||487
2|||4|||12|||85|||487
2|||5|||21|||87|||487
28|||1|||24|||83|||487
[|||8|||2|||62|||488
[|||17|||3|||99|||488
[|||18|||3|||108|||488
[|||41|||5|||120|||488
[|||47|||6|||125|||488
%|||2|||7|||63|||488
[|||58|||9|||75|||488
[|||69|||10|||86|||488
[|||72|||11|||120|||488
[|||74|||11|||156|||488
[|||85|||11|||306|||488
[|||94|||15|||62|||488
}|||69|||16|||251|||488
[|||99|||18|||5|||488
[|||102|||19|||52|||488
[|||106|||21|||7|||488
[|||113|||22|||35|||488
[|||118|||25|||80|||488
unsigned|||2|||0|||76|||489
gray|||1|||23|||15|||489
gray|||2|||23|||83|||489
argb|||1|||24|||35|||489
argb|||2|||24|||47|||489
argb|||3|||24|||57|||489
argb|||4|||24|||71|||489
argb|||5|||24|||81|||489
{|||30|||8|||66|||490
{|||45|||11|||301|||490
{|||49|||13|||26|||490
{|||62|||15|||55|||490
(|||145|||16|||52|||490
{|||96|||24|||32|||490
{|||99|||25|||45|||490
classes|||1|||11|||8|||491
boxes|||1|||11|||35|||491
classes|||2|||11|||108|||491
classes|||3|||11|||132|||491
boxes|||2|||11|||147|||491
boxes|||3|||11|||169|||491
boxes|||4|||11|||191|||491
boxes|||5|||11|||218|||491
classes|||4|||11|||253|||491
classes|||5|||11|||264|||491
u_int|||1|||1|||10|||492
u_int|||2|||1|||13|||492
int|||40|||12|||0|||492
function|||1|||13|||0|||492
int|||50|||14|||0|||492
int|||63|||17|||0|||492
MINLINE|||1|||20|||0|||492
realign|||1|||14|||47|||493
cxp|||1|||14|||52|||493
realign|||2|||14|||67|||493
cxp|||2|||14|||70|||493
realign|||3|||14|||109|||493
cdir|||1|||14|||142|||493
cdir|||2|||14|||146|||493
realign|||4|||14|||201|||493
side|||2|||11|||56|||494
side|||3|||11|||58|||494
side|||8|||11|||127|||494
side|||9|||11|||129|||494
side|||10|||11|||165|||494
;|||31|||3|||76|||495
;|||150|||12|||68|||495
▁|||21|||16|||93|||495
;|||254|||19|||86|||495
;|||292|||23|||96|||495
;|||307|||25|||76|||495
]|||10|||2|||72|||496
]|||11|||2|||77|||496
]|||12|||2|||80|||496
]|||32|||3|||200|||496
]|||35|||4|||78|||496
]|||38|||5|||83|||496
]|||39|||5|||90|||496
]|||45|||6|||95|||496
]|||50|||7|||50|||496
]|||62|||9|||162|||496
]|||63|||9|||189|||496
]|||93|||15|||59|||496
]|||103|||19|||77|||496
]|||104|||19|||85|||496
]|||110|||21|||117|||496
y|||1|||6|||20|||497
y|||2|||6|||124|||497
y|||3|||9|||11|||497
y|||4|||9|||43|||497
y|||5|||9|||86|||497
y|||6|||9|||159|||497
y|||7|||9|||218|||497
y|||8|||11|||174|||497
y|||9|||17|||33|||497
y|||10|||17|||86|||497
y|||11|||17|||90|||497
y|||12|||17|||94|||497
y|||13|||17|||107|||497
y|||14|||17|||132|||497
y|||15|||17|||169|||497
y|||16|||17|||182|||497
y|||17|||17|||195|||497
y|||18|||17|||210|||497
;|||7|||0|||94|||498
;|||14|||2|||9|||498
;|||32|||3|||82|||498
;|||33|||3|||86|||498
;|||69|||6|||104|||498
;|||139|||11|||311|||498
;|||151|||12|||74|||498
;|||192|||14|||307|||498
;|||262|||21|||10|||498
;|||273|||21|||107|||498
;|||293|||23|||107|||498
;|||309|||25|||92|||498
->|||1|||1|||39|||499
->|||2|||1|||49|||499
->|||4|||3|||94|||499
->|||5|||3|||118|||499
->|||8|||3|||191|||499
->|||10|||17|||55|||499
->|||11|||17|||61|||499
->|||15|||25|||40|||499
->|||16|||25|||64|||499
->|||17|||25|||78|||499
->|||18|||25|||96|||499
->|||19|||25|||122|||499
->|||22|||25|||191|||499
