DETECT|||1|||1|||57|||0
+|||4|||3|||184|||0
||||1|||23|||74|||0
||||2|||24|||54|||0
||||3|||24|||78|||0
known|||1|||12|||93|||1
cnt|||2|||21|||122|||1
best|||1|||23|||19|||1
best|||2|||23|||108|||1
best|||3|||23|||115|||1
<|||3|||2|||36|||2
<|||27|||15|||28|||2
if|||4|||4|||145|||3
if|||19|||17|||150|||3
if|||26|||25|||129|||3
temp|||1|||10|||15|||4
temp|||2|||10|||90|||4
temp|||3|||10|||94|||4
temp|||4|||10|||106|||4
temp|||5|||10|||146|||4
tmp|||4|||19|||88|||4
temp|||6|||19|||95|||4
temp|||7|||19|||124|||4
temp|||8|||19|||128|||4
temp|||9|||19|||137|||4
Wy|||1|||3|||134|||5
b|||1|||6|||12|||5
b|||2|||6|||65|||5
b|||3|||9|||81|||5
b|||4|||9|||97|||5
b|||5|||9|||154|||5
b|||6|||9|||170|||5
3|||1|||11|||231|||5
xdim0_update_halo_kernel3_minus_4_b|||1|||13|||74|||5
xdim0_update_halo_kernel3_minus_4_b|||2|||13|||78|||5
xdim1_update_halo_kernel3_minus_4_b|||1|||13|||93|||5
xdim1_update_halo_kernel3_minus_4_b|||2|||13|||97|||5
b|||7|||22|||9|||5
b|||8|||22|||39|||5
ba|||2|||24|||101|||5
ba|||3|||24|||120|||5
d|||9|||16|||110|||6
0|||53|||16|||128|||6
data_cols|||3|||16|||146|||6
"|||18|||16|||160|||6
}|||65|||16|||185|||6
)|||156|||16|||215|||6
)|||157|||16|||229|||6
fid|||11|||16|||254|||6
site|||1|||1|||7|||7
site|||2|||1|||18|||7
site|||5|||1|||59|||7
j|||24|||11|||44|||8
j|||30|||14|||27|||8
y|||9|||17|||33|||8
z|||9|||17|||35|||8
j|||56|||21|||52|||8
MDeformVert|||1|||4|||3|||9
dvert|||1|||4|||5|||9
MDeformVert|||2|||4|||66|||9
dvert|||2|||4|||71|||9
=|||32|||5|||43|||10
=|||107|||14|||53|||10
fid|||2|||16|||33|||10
=|||125|||16|||34|||10
fopen|||1|||16|||35|||10
cc|||4|||25|||52|||11
cc|||8|||25|||144|||11
cc|||9|||25|||152|||11
pp|||4|||25|||157|||11
cc|||10|||25|||162|||11
pp|||5|||25|||167|||11
i|||142|||14|||155|||12
j|||44|||16|||144|||12
x|||9|||17|||118|||12
i|||28|||3|||55|||13
i|||29|||3|||62|||13
i|||30|||3|||69|||13
i|||38|||3|||164|||13
i|||39|||3|||176|||13
i|||56|||5|||89|||13
i|||83|||7|||49|||13
i|||114|||10|||54|||13
i|||144|||14|||165|||13
)|||154|||16|||183|||13
i|||165|||18|||29|||13
i|||174|||21|||28|||13
NULL|||2|||16|||48|||14
"|||12|||16|||83|||14
)|||146|||16|||84|||14
\n|||6|||16|||96|||14
"|||14|||16|||97|||14
if|||17|||16|||117|||14
(|||149|||16|||118|||14
*|||88|||16|||168|||14
data_cols|||4|||16|||169|||14
;|||217|||16|||194|||14
i|||159|||16|||195|||14
]|||98|||16|||237|||14
)|||158|||16|||238|||14
MDeformWeight|||1|||4|||10|||15
MDeformWeight|||2|||4|||83|||15
dw|||2|||4|||112|||15
(|||17|||3|||23|||16
(|||18|||3|||28|||16
SRSLTE_IS_ALIGNED|||1|||9|||36|||16
(|||57|||9|||37|||16
(|||61|||9|||72|||16
(|||223|||25|||73|||16
;|||68|||6|||88|||17
;|||82|||8|||29|||17
;|||103|||9|||203|||17
;|||112|||10|||76|||17
;|||125|||11|||87|||17
;|||159|||13|||57|||17
j|||50|||16|||232|||17
;|||231|||17|||79|||17
;|||245|||18|||22|||17
;|||279|||22|||29|||17
xp|||1|||14|||39|||18
xp|||2|||14|||124|||18
xp|||3|||14|||131|||18
xp|||4|||14|||182|||18
xp|||5|||14|||191|||18
xp|||6|||14|||203|||18
xp|||7|||14|||212|||18
xp|||8|||14|||227|||18
xp|||9|||14|||243|||18
xp|||10|||14|||268|||18
xp|||11|||14|||282|||18
tp|||5|||14|||284|||18
xp|||12|||14|||306|||18
=|||14|||2|||65|||19
=|||65|||10|||60|||19
=|||73|||11|||73|||19
=|||92|||12|||52|||19
=|||93|||12|||61|||19
=|||108|||14|||68|||19
=|||111|||14|||125|||19
=|||112|||14|||132|||19
=|||120|||14|||294|||19
=|||149|||19|||129|||19
=|||156|||21|||77|||19
=|||165|||23|||66|||19
=|||166|||23|||72|||19
=|||173|||24|||44|||19
;|||7|||0|||94|||20
;|||13|||1|||61|||20
;|||39|||3|||207|||20
;|||58|||5|||91|||20
;|||69|||6|||104|||20
;|||104|||9|||222|||20
;|||110|||10|||65|||20
;|||113|||10|||96|||20
;|||151|||12|||74|||20
;|||201|||15|||73|||20
;|||270|||21|||88|||20
;|||280|||22|||43|||20
;|||306|||25|||58|||20
0|||9|||3|||41|||21
0|||14|||4|||48|||21
0|||16|||5|||65|||21
0|||18|||6|||45|||21
0|||27|||11|||52|||21
0|||35|||13|||37|||21
0|||62|||18|||17|||21
[|||61|||9|||148|||22
[|||71|||10|||142|||22
[|||84|||11|||303|||22
}|||69|||16|||251|||22
[|||124|||25|||193|||22
sum|||3|||10|||100|||23
sum|||5|||10|||110|||23
sum|||6|||10|||114|||23
sum|||7|||10|||148|||23
sum|||14|||12|||116|||23
sum|||15|||12|||143|||23
fields|||2|||13|||102|||24
[|||86|||13|||103|||24
fields|||3|||13|||132|||24
[|||87|||13|||133|||24
[|||12|||2|||78|||25
[|||16|||3|||96|||25
[|||40|||5|||112|||25
[|||41|||5|||120|||25
i|||1|||0|||27|||26
i|||16|||2|||6|||26
i|||24|||3|||16|||26
i|||79|||7|||15|||26
i|||87|||8|||16|||26
i|||88|||8|||22|||26
i|||94|||9|||23|||26
i|||166|||19|||26|||26
i|||171|||21|||14|||26
(|||11|||1|||58|||27
(|||71|||9|||184|||27
(|||140|||15|||77|||27
out|||2|||15|||78|||27
\n|||5|||16|||82|||27
i|||4|||0|||45|||28
i|||8|||0|||72|||28
i|||15|||1|||54|||28
i|||21|||2|||58|||28
i|||32|||3|||114|||28
i|||33|||3|||121|||28
i|||48|||4|||63|||28
i|||49|||4|||77|||28
i|||50|||4|||80|||28
i|||66|||6|||62|||28
i|||67|||6|||67|||28
i|||78|||6|||138|||28
c|||7|||7|||84|||28
i|||97|||9|||76|||28
i|||98|||9|||88|||28
i|||99|||9|||115|||28
i|||115|||10|||63|||28
i|||145|||14|||184|||28
i|||146|||14|||193|||28
i|||151|||15|||63|||28
i|||152|||15|||71|||28
i|||169|||19|||45|||28
i|||170|||19|||53|||28
{|||3|||0|||65|||29
{|||5|||1|||47|||29
{|||11|||3|||52|||29
{|||12|||3|||90|||29
{|||14|||4|||57|||29
{|||20|||5|||76|||29
{|||21|||5|||108|||29
{|||36|||9|||207|||29
{|||38|||10|||49|||29
{|||40|||10|||133|||29
{|||42|||11|||63|||29
{|||47|||12|||50|||29
{|||48|||12|||59|||29
{|||62|||15|||55|||29
{|||73|||17|||97|||29
{|||80|||19|||70|||29
char|||1|||0|||6|||30
char|||3|||7|||3|||30
char|||4|||7|||19|||30
char|||6|||14|||60|||30
ushort|||3|||14|||134|||30
char|||7|||14|||241|||30
char|||9|||16|||3|||30
FILE|||1|||16|||24|||30
short|||1|||20|||4|||30
is_larger|||2|||12|||21|||31
is_larger|||4|||12|||67|||31
reset_fields_to_exchange|||1|||25|||72|||31
fields_to_exchange|||1|||25|||79|||31
reset_fields_to_exchange|||2|||25|||185|||31
fields_to_exchange|||2|||25|||192|||31
void|||1|||0|||2|||32
void|||2|||1|||2|||32
void|||10|||10|||4|||32
void|||12|||13|||1|||32
void|||13|||14|||4|||32
void|||14|||14|||224|||32
void|||23|||25|||8|||32
9|||1|||0|||35|||33
8|||1|||0|||60|||33
8|||3|||0|||92|||33
19|||1|||2|||19|||33
10|||1|||2|||37|||33
100|||1|||10|||118|||33
square|||1|||11|||14|||33
4|||1|||11|||145|||33
100|||2|||12|||45|||33
100|||3|||12|||82|||33
2|||4|||12|||85|||33
4|||2|||15|||29|||33
4|||3|||15|||50|||33
101|||1|||21|||8|||33
100|||4|||21|||20|||33
100|||5|||21|||43|||33
100|||6|||21|||58|||33
100|||7|||21|||106|||33
30|||1|||23|||31|||33
8|||4|||23|||78|||33
16|||1|||24|||49|||33
12|||1|||24|||59|||33
*|||28|||8|||4|||34
*|||29|||8|||5|||34
the|||2|||25|||5|||34
,|||72|||13|||22|||35
for|||5|||2|||29|||36
for|||7|||3|||77|||36
for|||10|||5|||93|||36
for|||15|||6|||107|||36
for|||19|||8|||33|||36
for|||21|||9|||125|||36
for|||24|||10|||67|||36
for|||33|||13|||47|||36
for|||38|||15|||42|||36
fprintf|||7|||16|||152|||36
0|||56|||16|||207|||36
"|||21|||16|||221|||36
for|||45|||17|||84|||36
for|||51|||21|||34|||36
for|||52|||21|||49|||36
for|||53|||21|||97|||36
for|||57|||25|||112|||36
pixel|||1|||23|||49|||37
rgba|||1|||23|||60|||37
pixel|||2|||23|||62|||37
pixel|||3|||23|||110|||37
argb|||1|||24|||35|||37
schedule(static)|||1|||6|||38|||38
)|||41|||6|||53|||38
)|||177|||19|||38|||38
)|||190|||21|||24|||38
)|||191|||21|||47|||38
)|||207|||24|||31|||38
)|||218|||25|||35|||38
chunks|||1|||25|||13|||39
chunks|||2|||25|||50|||39
chunks|||3|||25|||105|||39
chunks|||4|||25|||142|||39
chunks|||5|||25|||150|||39
chunks|||6|||25|||160|||39
global_node_set|||2|||1|||50|||40
g_arrBackGroud|||1|||2|||47|||40
g_arrBackGroud|||2|||2|||56|||40
g_arrBackGroud|||3|||2|||66|||40
g_arrBackGroud|||4|||2|||74|||40
side|||1|||11|||17|||41
side|||2|||11|||56|||41
side|||3|||11|||58|||41
side|||4|||11|||69|||41
side|||5|||11|||76|||41
side|||6|||11|||104|||41
side|||7|||11|||106|||41
side|||8|||11|||127|||41
side|||9|||11|||129|||41
side|||10|||11|||165|||41
side|||11|||11|||187|||41
fprintf|||1|||7|||53|||42
pow|||2|||11|||225|||42
fprintf|||2|||12|||87|||42
fprintf|||3|||12|||119|||42
OPS_ACC|||1|||13|||109|||42
OPS_ACC|||2|||13|||120|||42
OPS_ACC|||3|||13|||139|||42
OPS_ACC|||4|||13|||150|||42
memcpy|||1|||14|||112|||42
memcpy|||2|||15|||76|||42
"|||9|||16|||53|||42
P2|||1|||16|||81|||42
%|||10|||16|||94|||42
)|||148|||16|||115|||42
[|||97|||16|||166|||42
=|||128|||16|||192|||42
+|||32|||16|||235|||42
MRIFvox|||1|||17|||176|||42
MRIFvox|||2|||17|||189|||42
printf|||2|||21|||128|||42
%|||17|||21|||144|||42
for|||2|||0|||51|||43
for|||3|||1|||26|||43
for|||11|||6|||37|||43
for|||12|||6|||41|||43
for|||14|||6|||79|||43
for|||16|||6|||111|||43
for|||30|||12|||37|||43
for|||31|||13|||30|||43
for|||32|||13|||32|||43
u_int|||1|||1|||10|||44
u_int|||2|||1|||13|||44
int|||8|||4|||15|||44
int|||29|||11|||16|||44
int|||43|||12|||11|||44
int|||44|||12|||14|||44
int|||58|||16|||17|||44
)|||15|||2|||54|||45
)|||49|||7|||51|||45
)|||54|||8|||52|||45
)|||121|||14|||110|||45
printf|||1|||16|||51|||45
)|||193|||21|||71|||45
)|||196|||21|||120|||45
)|||219|||25|||44|||45
)|||222|||25|||68|||45
}|||30|||8|||79|||46
}|||48|||12|||148|||46
}|||77|||18|||35|||46
}|||81|||20|||15|||46
}|||91|||22|||47|||46
)|||7|||0|||93|||47
)|||19|||3|||35|||47
)|||28|||4|||99|||47
)|||29|||4|||108|||47
)|||37|||5|||59|||47
)|||44|||6|||103|||47
)|||61|||9|||78|||47
)|||62|||9|||90|||47
)|||63|||9|||98|||47
)|||67|||9|||151|||47
)|||68|||9|||163|||47
)|||77|||10|||95|||47
)|||79|||10|||111|||47
private(i)|||1|||12|||34|||47
)|||109|||13|||128|||47
)|||120|||14|||105|||47
)|||122|||14|||122|||47
if|||16|||16|||44|||47
<|||29|||16|||131|||47
)|||164|||17|||110|||47
)|||167|||17|||142|||47
)|||183|||19|||120|||47
)|||215|||24|||87|||47
)|||216|||24|||94|||47
)|||223|||25|||75|||47
)|||225|||25|||110|||47
ordered|||1|||12|||35|||48
depth|||1|||17|||41|||48
depth|||2|||17|||64|||48
depth|||3|||17|||68|||48
depth|||4|||17|||78|||48
dist|||1|||23|||34|||48
(|||21|||3|||78|||49
(|||39|||5|||94|||49
(|||45|||6|||112|||49
;|||219|||16|||208|||49
(|||163|||17|||85|||49
(|||195|||21|||98|||49
defgrp_idx|||3|||4|||158|||50
box_index|||2|||11|||157|||50
box_index|||3|||11|||179|||50
class_index|||2|||11|||273|||50
pmask|||3|||17|||147|||50
kernel_language|||2|||25|||65|||50
num_chunks_per_rank|||2|||25|||123|||50
kernel_language|||3|||25|||133|||50
kernel_language|||4|||25|||177|||50
i|||7|||0|||62|||51
i|||18|||2|||21|||51
i|||19|||2|||25|||51
i|||89|||8|||26|||51
i|||90|||8|||30|||51
i|||106|||9|||204|||51
i|||164|||18|||23|||51
largest|||1|||10|||31|||52
largest|||2|||10|||57|||52
largest|||3|||10|||59|||52
largest|||4|||10|||92|||52
largest|||5|||10|||104|||52
largest|||6|||10|||116|||52
{|||34|||9|||124|||53
{|||35|||9|||140|||53
=|||129|||16|||206|||53
sum|||2|||10|||81|||54
sum|||4|||10|||102|||54
sum|||10|||12|||69|||54
dist|||2|||23|||91|||54
time_step|||2|||3|||29|||55
mri_mean|||1|||17|||23|||55
mri_mean|||2|||17|||178|||55
mri_std|||2|||17|||191|||55
<|||2|||1|||37|||56
<|||5|||3|||84|||56
<|||9|||5|||100|||56
<|||34|||17|||91|||56
<|||40|||23|||100|||56
<|||43|||25|||94|||56
[|||13|||3|||54|||57
[|||14|||3|||61|||57
[|||15|||3|||68|||57
[|||33|||3|||204|||57
[|||45|||6|||93|||57
[|||92|||15|||36|||57
[|||100|||18|||28|||57
[|||102|||19|||52|||57
[|||107|||21|||27|||57
[|||108|||21|||74|||57
[|||118|||25|||80|||57
SqareDown|||1|||2|||1|||58
GammaHV|||1|||3|||151|||58
=|||72|||11|||66|||59
=|||130|||17|||53|||59
=|||131|||17|||59|||59
=|||132|||17|||65|||59
{|||2|||0|||40|||60
{|||7|||2|||28|||60
{|||8|||2|||42|||60
{|||23|||6|||34|||60
{|||25|||7|||42|||60
{|||32|||9|||51|||60
{|||39|||10|||80|||60
{|||43|||11|||91|||60
{|||44|||11|||258|||60
{|||51|||13|||61|||60
{|||55|||14|||95|||60
{|||61|||15|||34|||60
{|||72|||17|||83|||60
{|||77|||18|||26|||60
{|||79|||19|||39|||60
{|||83|||21|||25|||60
{|||91|||22|||33|||60
{|||93|||23|||47|||60
y|||1|||6|||20|||61
y|||2|||6|||124|||61
y|||3|||9|||11|||61
y|||4|||9|||43|||61
y|||5|||9|||86|||61
y|||6|||9|||159|||61
y|||7|||9|||218|||61
y|||8|||11|||174|||61
n_y|||1|||13|||35|||61
n_y|||2|||13|||39|||61
n_y|||3|||13|||43|||61
n_y|||4|||13|||72|||61
n_y|||5|||13|||91|||61
y|||10|||17|||86|||61
y|||12|||17|||94|||61
y|||14|||17|||132|||61
DEBUG_Y|||1|||17|||134|||61
y|||15|||17|||169|||61
y|||16|||17|||182|||61
y|||17|||17|||195|||61
y|||18|||17|||210|||61
m|||1|||5|||18|||62
m|||2|||5|||20|||62
m|||3|||5|||28|||62
m|||4|||5|||40|||62
m|||5|||5|||77|||62
m|||6|||5|||109|||62
m|||7|||5|||126|||62
m|||8|||8|||6|||62
m|||9|||8|||54|||62
m|||10|||8|||67|||62
)|||30|||4|||115|||63
)|||31|||4|||124|||63
)|||45|||6|||123|||63
)|||80|||10|||132|||63
)|||133|||14|||274|||63
)|||150|||16|||136|||63
)|||165|||17|||124|||63
)|||224|||25|||101|||63
)|||8|||1|||8|||64
)|||16|||3|||13|||64
)|||26|||4|||39|||64
)|||142|||16|||22|||64
j|||11|||3|||83|||65
fid|||7|||16|||154|||65
d|||10|||16|||158|||65
d|||11|||16|||223|||65
y|||11|||17|||90|||65
y|||13|||17|||107|||65
-|||4|||3|||102|||66
-|||5|||6|||132|||66
-|||7|||9|||131|||66
-|||9|||10|||91|||66
-|||10|||10|||117|||66
-|||11|||10|||147|||66
-|||14|||14|||101|||66
}|||28|||8|||77|||67
}|||29|||8|||78|||67
}|||31|||9|||121|||67
}|||32|||9|||122|||67
}|||33|||9|||194|||67
}|||56|||14|||198|||67
}|||60|||15|||74|||67
for|||43|||16|||203|||67
}|||71|||17|||216|||67
}|||97|||25|||59|||67
matrix|||1|||5|||0|||68
concat_matrix|||1|||5|||1|||68
matrix|||2|||5|||3|||68
matrix|||3|||5|||6|||68
matrix|||4|||5|||17|||68
i|||125|||11|||42|||69
last_i|||1|||12|||25|||69
i|||140|||14|||25|||69
i|||153|||16|||29|||69
x|||7|||17|||31|||69
)|||32|||4|||131|||70
)|||34|||4|||161|||70
=|||47|||7|||88|||70
)|||169|||17|||174|||70
)|||170|||17|||185|||70
)|||171|||17|||198|||70
)|||229|||25|||169|||70
;|||49|||4|||141|||71
;|||136|||11|||265|||71
;|||176|||14|||139|||71
;|||186|||14|||252|||71
;|||238|||17|||149|||71
<|||14|||9|||129|||72
++|||35|||16|||214|||72
0|||12|||3|||72|||73
0|||19|||6|||83|||73
0|||25|||10|||71|||73
0|||30|||11|||249|||73
0|||45|||14|||81|||73
0|||46|||14|||89|||73
"|||22|||16|||225|||73
0|||67|||21|||95|||73
[|||1|||0|||18|||74
[|||60|||9|||114|||74
[|||88|||14|||33|||74
[|||90|||14|||183|||74
[|||91|||14|||192|||74
"|||20|||16|||182|||74
[|||115|||23|||22|||74
[|||120|||25|||151|||74
[|||121|||25|||156|||74
=|||54|||9|||82|||75
=|||55|||9|||94|||75
=|||82|||11|||224|||75
=|||137|||17|||145|||75
=|||150|||19|||134|||75
=|||151|||19|||141|||75
rows|||1|||5|||30|||76
rows|||2|||5|||34|||76
rows|||3|||5|||38|||76
rows|||4|||5|||48|||76
rows|||5|||5|||52|||76
rows|||6|||5|||71|||76
rows|||7|||5|||103|||76
log|||1|||10|||108|||77
sinf|||2|||19|||102|||77
cosf|||1|||19|||107|||77
cosf|||2|||19|||112|||77
cosf|||3|||19|||117|||77
)|||106|||13|||108|||78
)|||107|||13|||116|||78
)|||110|||13|||138|||78
)|||166|||17|||139|||78
)|||230|||25|||180|||78
}|||24|||7|||91|||79
=|||94|||12|||70|||79
(|||129|||14|||200|||80
+|||16|||11|||133|||81
+|||17|||11|||136|||81
+|||18|||11|||141|||81
+|||19|||11|||158|||81
+|||20|||11|||161|||81
+|||21|||11|||180|||81
+|||22|||11|||183|||81
+|||29|||13|||86|||81
+|||30|||13|||90|||81
+|||37|||24|||98|||81
+|||38|||24|||99|||81
-4|||1|||13|||124|||82
-4|||2|||13|||154|||82
VEC4|||1|||15|||3|||82
VEC4|||2|||15|||6|||82
MAT4|||1|||15|||9|||82
VEC4|||3|||15|||13|||82
tp|||2|||14|||163|||83
tp|||3|||14|||216|||83
tp|||4|||14|||272|||83
dst|||2|||24|||97|||83
dst|||3|||24|||104|||83
dst|||4|||24|||111|||83
dst|||5|||24|||117|||83
d|||4|||12|||100|||84
d|||5|||12|||109|||84
d|||6|||12|||132|||84
fprintf|||6|||16|||104|||84
)|||149|||16|||122|||84
)|||153|||16|||173|||84
(|||159|||16|||242|||84
\n|||10|||21|||133|||84
cnt|||3|||21|||149|||84
)|||35|||5|||8|||85
)|||46|||7|||12|||85
)|||51|||8|||13|||85
)|||96|||12|||3|||85
)|||174|||18|||10|||85
)|||188|||20|||6|||85
)|||199|||22|||15|||85
{|||15|||4|||116|||86
{|||18|||4|||153|||86
{|||53|||13|||84|||86
{|||58|||14|||162|||86
{|||59|||14|||275|||86
input|||7|||16|||165|||86
{|||74|||17|||125|||86
{|||75|||17|||160|||86
{|||101|||25|||102|||86
{|||102|||25|||128|||86
{|||103|||25|||137|||86
i|||53|||5|||63|||87
i|||120|||10|||122|||87
i|||162|||18|||15|||87
,|||16|||4|||97|||88
,|||17|||4|||104|||88
,|||75|||13|||112|||88
,|||88|||14|||115|||88
,|||89|||14|||118|||88
,|||130|||17|||49|||88
,|||131|||17|||104|||88
,|||144|||17|||207|||88
n|||12|||11|||46|||89
n|||13|||11|||80|||89
n|||14|||11|||84|||89
n|||15|||11|||89|||89
n|||16|||11|||99|||89
n|||17|||11|||114|||89
n|||18|||11|||142|||89
<=|||1|||0|||32|||90
<=|||2|||0|||59|||90
<=|||3|||6|||118|||90
<=|||4|||8|||27|||90
<=|||5|||8|||40|||90
<=|||6|||17|||157|||90
<=|||7|||21|||19|||90
<=|||8|||21|||42|||90
<=|||9|||21|||57|||90
<=|||10|||21|||105|||90
*|||15|||4|||11|||91
*|||16|||4|||12|||91
*|||24|||6|||15|||91
*|||55|||13|||5|||91
*|||92|||17|||12|||91
*|||119|||25|||12|||91
*|||120|||25|||16|||91
weightvg_update_vg|||1|||4|||1|||92
srslte_vec_div_cfc_simd|||1|||9|||1|||92
srslte_simd_f_rcp|||1|||9|||95|||92
test_omp_parallel_for_ordered|||1|||12|||1|||92
ncx_getn_ushort_uint|||1|||14|||1|||92
ncx_get_ushort_uint|||1|||14|||280|||92
calc_angles_RR|||1|||19|||1|||92
0x80|||1|||0|||22|||93
0x00|||1|||0|||48|||93
in|||2|||8|||62|||93
0xff|||1|||23|||69|||93
site|||3|||1|||38|||94
site|||4|||1|||48|||94
CLAMP|||1|||4|||101|||95
defvert_remove_group|||1|||4|||126|||95
MRIvox|||1|||17|||101|||95
MRIgetVoxVal|||1|||17|||163|||95
MRIvox|||2|||17|||204|||95
}|||3|||0|||96|||96
}|||5|||1|||63|||96
}|||9|||2|||87|||96
}|||12|||3|||211|||96
}|||18|||4|||165|||96
}|||21|||5|||128|||96
}|||23|||6|||142|||96
}|||36|||9|||224|||96
}|||40|||10|||152|||96
}|||45|||11|||315|||96
}|||53|||13|||162|||96
}|||62|||15|||88|||96
}|||75|||17|||225|||96
}|||80|||19|||164|||96
}|||94|||23|||117|||96
}|||96|||24|||124|||96
}|||104|||25|||199|||96
0|||3|||1|||30|||97
0|||24|||10|||40|||97
0|||44|||14|||49|||97
0|||64|||19|||61|||97
(|||32|||4|||127|||98
(|||34|||4|||155|||98
(|||62|||9|||84|||98
(|||64|||9|||104|||98
(|||65|||9|||111|||98
(|||127|||14|||176|||98
(|||134|||14|||281|||98
(|||220|||25|||47|||98
(|||228|||25|||139|||98
(|||229|||25|||141|||98
(|||231|||25|||186|||98
;|||22|||3|||21|||99
;|||41|||4|||43|||99
;|||63|||6|||29|||99
;|||80|||8|||19|||99
;|||105|||10|||24|||99
;|||119|||11|||47|||99
;|||143|||12|||16|||99
;|||164|||14|||30|||99
;|||166|||14|||40|||99
;|||195|||15|||20|||99
;|||204|||16|||32|||99
;|||224|||17|||42|||99
;|||225|||17|||45|||99
;|||226|||17|||51|||99
;|||277|||22|||19|||99
;|||284|||23|||35|||99
;|||286|||23|||41|||99
node_set_val|||1|||1|||52|||100
defgrp_idx|||1|||4|||8|||100
do_add|||1|||4|||29|||100
add_thresh|||1|||4|||32|||100
UINT_MAX|||1|||14|||177|||100
data_range|||1|||16|||21|||100
low_val|||1|||17|||16|||100
hi_val|||1|||17|||19|||100
low_val|||2|||17|||154|||100
hi_val|||2|||17|||158|||100
bestDist|||1|||23|||27|||100
;|||1|||0|||23|||101
;|||4|||0|||49|||101
;|||10|||1|||25|||101
;|||14|||2|||9|||101
;|||15|||2|||14|||101
;|||28|||3|||59|||101
;|||29|||3|||66|||101
;|||51|||5|||16|||101
;|||73|||7|||18|||101
;|||87|||9|||26|||101
;|||106|||10|||29|||101
;|||144|||12|||20|||101
;|||146|||12|||28|||101
;|||167|||14|||45|||101
;|||168|||14|||50|||101
;|||198|||15|||41|||101
;|||246|||18|||33|||101
;|||265|||21|||32|||101
;|||88|||9|||54|||102
;|||95|||9|||127|||102
;|||102|||9|||199|||102
;|||188|||14|||260|||102
i|||84|||7|||77|||103
;|||207|||16|||74|||103
"|||13|||16|||90|||103
i|||154|||16|||126|||103
data_rows|||4|||16|||197|||103
;|||218|||16|||198|||103
++|||34|||16|||200|||103
i|||183|||21|||136|||103
;|||276|||21|||151|||103
}|||89|||21|||152|||103
+=|||4|||9|||64|||104
+=|||5|||9|||137|||104
+=|||6|||10|||82|||104
+=|||7|||14|||92|||104
07267|||1|||10|||0|||105
401|||1|||10|||2|||105
door|||1|||21|||1|||105
predictions|||1|||11|||5|||106
predictions|||2|||11|||119|||106
predictions|||3|||11|||155|||106
predictions|||4|||11|||177|||106
predictions|||5|||11|||200|||106
predictions|||6|||11|||227|||106
predictions|||7|||11|||271|||106
xpp|||3|||14|||117|||106
xpp|||5|||14|||210|||106
xpp|||6|||14|||221|||106
xpp|||7|||14|||251|||106
xpp|||8|||14|||299|||106
len|||1|||9|||19|||107
len|||2|||9|||57|||107
len|||3|||9|||130|||107
len|||4|||9|||202|||107
len|||5|||18|||9|||107
len|||6|||18|||21|||107
sum|||1|||10|||26|||108
sum|||8|||12|||6|||108
sum|||9|||12|||17|||108
sum|||13|||12|||104|||108
out|||1|||15|||4|||108
i|||57|||5|||95|||109
i|||68|||6|||81|||109
i|||73|||6|||113|||109
i|||116|||10|||69|||109
*|||1|||0|||7|||110
*|||14|||4|||4|||110
*|||27|||7|||4|||110
*|||35|||11|||4|||110
*|||85|||16|||4|||110
*|||95|||17|||47|||110
miIndexedPtr|||1|||23|||4|||110
*|||113|||24|||18|||110
(|||36|||5|||45|||111
(|||44|||6|||98|||111
(|||77|||10|||84|||111
(|||81|||10|||140|||111
(|||89|||11|||199|||111
(|||91|||11|||226|||111
(|||107|||13|||110|||111
(|||109|||13|||121|||111
(|||126|||14|||172|||111
(|||143|||16|||36|||111
(|||170|||17|||177|||111
(|||171|||17|||190|||111
.|||1|||1|||41|||112
.|||2|||1|||51|||112
cc|||1|||25|||23|||113
cc|||2|||25|||27|||113
cc|||3|||25|||34|||113
pp|||1|||25|||89|||113
pp|||2|||25|||93|||113
cc|||5|||25|||115|||113
cc|||6|||25|||119|||113
cc|||7|||25|||126|||113
settings|||2|||25|||29|||114
settings|||3|||25|||39|||114
settings|||5|||25|||63|||114
settings|||6|||25|||74|||114
settings|||7|||25|||77|||114
settings|||8|||25|||95|||114
settings|||10|||25|||121|||114
settings|||11|||25|||131|||114
settings|||13|||25|||175|||114
settings|||14|||25|||187|||114
settings|||15|||25|||190|||114
int|||28|||11|||13|||115
int|||30|||11|||19|||115
int|||31|||11|||22|||115
int|||57|||16|||14|||115
int|||59|||16|||20|||115
int|||84|||23|||14|||115
;|||132|||11|||217|||116
;|||133|||11|||244|||116
;|||160|||13|||80|||116
;|||161|||13|||99|||116
;|||162|||13|||129|||116
;|||299|||24|||88|||116
real|||2|||3|||10|||117
float|||9|||6|||14|||117
float|||11|||6|||22|||117
float|||27|||19|||13|||117
&|||2|||9|||73|||118
&|||3|||9|||85|||118
&|||5|||9|||146|||118
&|||6|||9|||158|||118
&|||7|||9|||185|||118
nodes|||3|||3|||45|||119
nodes|||4|||3|||93|||119
nodes|||5|||3|||172|||119
nodes|||6|||3|||190|||119
i|||129|||11|||67|||120
i|||133|||11|||138|||120
i|||139|||12|||53|||120
defvert_find_index|||1|||4|||94|||121
defgrp_idx|||2|||4|||98|||121
p_index|||1|||11|||102|||121
p_index|||2|||11|||121|||121
box_index|||1|||11|||125|||121
class_index|||1|||11|||260|||121
pmask|||2|||17|||98|||121
mri_mask|||2|||17|||103|||121
padding|||1|||0|||0|||122
dw|||4|||4|||136|||122
weight|||1|||4|||138|||122
mask|||2|||17|||144|||122
mask|||3|||17|||152|||122
mask|||4|||17|||156|||122
angle|||1|||19|||133|||122
angle|||2|||19|||140|||122
angle|||3|||19|||142|||122
angle|||4|||19|||156|||122
(|||47|||7|||24|||123
(|||102|||12|||140|||123
(|||112|||13|||149|||123
(|||115|||14|||54|||123
(|||117|||14|||59|||123
(|||123|||14|||133|||123
(|||125|||14|||168|||123
fid|||8|||16|||178|||123
(|||186|||19|||150|||123
=|||46|||7|||68|||124
is|||1|||12|||125|||124
▁|||16|||16|||57|||124
▁|||18|||16|||61|||124
/|||11|||16|||63|||124
▁|||19|||16|||65|||124
▁|||20|||16|||67|||124
weights|||2|||4|||61|||125
output|||2|||10|||134|||125
probs|||2|||11|||278|||125
probs|||3|||11|||302|||125
doors|||2|||21|||26|||125
doors|||3|||21|||73|||125
pIndexed|||2|||23|||58|||125
i|||31|||3|||97|||126
i|||51|||4|||91|||126
i|||60|||5|||121|||126
i|||72|||6|||101|||126
i|||103|||9|||161|||126
i|||104|||9|||188|||126
i|||119|||10|||87|||126
}|||87|||21|||139|||126
,|||3|||3|||5|||127
,|||22|||5|||5|||127
,|||25|||6|||5|||127
,|||30|||7|||6|||127
,|||36|||8|||7|||127
,|||47|||10|||13|||127
,|||100|||16|||6|||127
,|||147|||18|||7|||127
,|||148|||19|||5|||127
,|||154|||22|||7|||127
status|||1|||14|||254|||128
status|||2|||14|||293|||128
status|||3|||14|||309|||128
[|||59|||9|||87|||129
[|||73|||11|||148|||129
[|||75|||11|||170|||129
[|||77|||11|||192|||129
[|||82|||11|||279|||129
)|||95|||11|||300|||130
bestDist|||2|||23|||101|||130
)|||205|||23|||102|||130
)|||18|||3|||30|||131
)|||23|||3|||183|||131
)|||42|||6|||69|||131
)|||56|||9|||39|||131
)|||88|||11|||185|||131
)|||117|||14|||65|||131
)|||127|||14|||186|||131
)|||128|||14|||187|||131
for|||42|||16|||189|||131
)|||220|||25|||54|||131
)|||228|||25|||146|||131
j|||1|||2|||11|||132
j|||9|||3|||18|||132
j|||17|||8|||18|||132
j|||35|||15|||19|||132
j|||42|||16|||31|||132
j|||51|||19|||59|||132
j|||62|||22|||18|||132
.|||5|||5|||29|||133
.|||7|||5|||37|||133
.|||8|||5|||41|||133
.|||9|||5|||47|||133
.|||10|||5|||51|||133
.|||16|||5|||118|||133
}|||1|||0|||50|||134
}|||19|||5|||92|||134
}|||37|||10|||66|||134
}|||47|||12|||76|||134
}|||49|||13|||79|||134
}|||50|||13|||98|||134
}|||82|||21|||33|||134
}|||84|||21|||90|||134
}|||85|||21|||91|||134
}|||98|||25|||70|||134
}|||99|||25|||71|||134
int|||1|||0|||26|||135
int|||2|||0|||53|||135
int|||48|||13|||34|||135
int|||49|||13|||49|||135
,|||115|||16|||179|||135
int|||67|||18|||14|||135
int|||71|||19|||25|||135
int|||72|||19|||58|||135
int|||76|||21|||13|||135
int|||77|||21|||36|||135
int|||78|||21|||51|||135
int|||80|||21|||99|||135
int|||90|||25|||22|||135
int|||91|||25|||88|||135
int|||92|||25|||114|||135
(|||6|||0|||80|||136
(|||23|||3|||168|||136
(|||25|||3|||186|||136
(|||85|||11|||131|||136
(|||90|||11|||207|||136
(|||92|||11|||234|||136
(|||128|||14|||179|||136
(|||141|||15|||83|||136
(|||209|||24|||46|||136
(|||211|||24|||56|||136
(|||213|||24|||70|||136
(|||215|||24|||80|||136
(|||221|||25|||49|||136
m2|||1|||5|||7|||137
m2|||2|||5|||36|||137
m2|||3|||5|||50|||137
m2|||4|||5|||101|||137
m2|||5|||5|||117|||137
nowait_example2|||1|||6|||1|||137
2|||1|||11|||204|||137
check_i_islarger2|||1|||12|||62|||137
x2|||1|||19|||49|||137
y2|||1|||19|||80|||137
x2|||2|||19|||90|||137
y2|||2|||19|||92|||137
2|||5|||21|||87|||137
/|||2|||9|||217|||138
/|||3|||10|||89|||138
/|||4|||10|||93|||138
/|||5|||10|||105|||138
/|||6|||10|||145|||138
/|||8|||11|||164|||138
/|||10|||12|||84|||138
/|||12|||19|||143|||138
srslte_simd_cfi_store|||1|||9|||110|||139
srslte_simd_cf_mul|||2|||9|||176|||139
run_ppcg_init|||1|||25|||46|||139
(|||4|||0|||75|||140
(|||7|||0|||86|||140
(|||24|||3|||185|||140
(|||108|||13|||119|||140
(|||203|||23|||75|||140
(|||210|||24|||55|||140
(|||214|||24|||79|||140
buffer|||2|||7|||47|||141
]|||53|||7|||82|||141
x|||5|||9|||213|||141
input|||2|||10|||52|||141
input|||3|||10|||61|||141
input|||4|||10|||85|||141
input|||5|||10|||141|||141
▁|||17|||16|||59|||141
\n|||8|||16|||181|||141
}|||68|||16|||250|||141
pixels|||2|||23|||21|||141
,|||10|||4|||17|||142
,|||50|||11|||9|||142
,|||52|||11|||15|||142
,|||53|||11|||18|||142
,|||103|||16|||16|||142
,|||104|||16|||19|||142
.|||17|||11|||151|||143
.|||18|||11|||173|||143
.|||19|||11|||195|||143
.|||20|||11|||222|||143
.|||21|||25|||154|||143
.|||22|||25|||164|||143
dataBlockSize|||4|||0|||68|||144
indices|||2|||4|||73|||144
indices|||3|||4|||75|||144
ordered|||2|||12|||57|||144
doors|||1|||21|||6|||144
doors|||4|||21|||79|||144
doors|||5|||21|||114|||144
i|||76|||6|||126|||145
i|||107|||9|||210|||145
i|||108|||9|||215|||145
i|||109|||9|||220|||145
i|||123|||10|||136|||145
row|||1|||11|||65|||146
width|||2|||17|||52|||146
[|||24|||3|||140|||147
[|||27|||3|||155|||147
[|||57|||8|||71|||147
[|||83|||11|||282|||147
[|||95|||15|||65|||147
i|||3|||0|||37|||148
i|||14|||1|||44|||148
i|||82|||7|||39|||148
z|||12|||17|||80|||148
i|||177|||21|||45|||148
*|||97|||17|||201|||149
*|||106|||20|||10|||149
*|||107|||20|||12|||149
float|||2|||4|||24|||150
float|||19|||11|||25|||150
thresh|||1|||11|||26|||150
schedule(static)|||3|||6|||108|||151
)|||78|||10|||101|||151
)|||129|||14|||202|||151
;|||3|||0|||36|||152
;|||19|||2|||38|||152
;|||77|||7|||38|||152
;|||84|||8|||42|||152
;|||135|||11|||254|||152
;|||197|||15|||30|||152
;|||200|||15|||51|||152
;|||248|||19|||35|||152
;|||267|||21|||44|||152
;|||269|||21|||59|||152
*|||3|||0|||91|||153
%|||15|||21|||86|||153
&|||14|||24|||85|||153
0xf|||2|||24|||86|||153
void|||3|||2|||0|||154
void|||4|||3|||0|||154
void|||5|||4|||0|||154
void|||6|||6|||0|||154
void|||7|||7|||0|||154
void|||8|||8|||0|||154
void|||9|||9|||0|||154
void|||11|||11|||0|||154
void|||16|||15|||0|||154
void|||17|||16|||0|||154
void|||18|||18|||0|||154
void|||19|||19|||0|||154
void|||20|||21|||0|||154
void|||21|||22|||0|||154
void|||22|||24|||0|||154
i|||69|||6|||85|||155
i|||74|||6|||117|||155
i|||105|||9|||200|||155
i|||117|||10|||73|||155
i|||121|||10|||126|||155
else|||1|||4|||134|||156
else|||2|||4|||144|||156
else|||3|||8|||65|||156
else|||4|||9|||123|||156
else|||5|||10|||113|||156
else|||6|||14|||129|||156
j|||47|||16|||205|||156
else|||8|||21|||126|||156
#else|||2|||24|||109|||156
else|||9|||25|||60|||156
else|||10|||25|||172|||156
dataBlockSize|||2|||0|||19|||157
nodes|||2|||1|||34|||157
rows|||9|||19|||34|||157
pixels|||3|||23|||52|||157
num_pixels|||1|||24|||9|||157
num_pixels|||2|||24|||24|||157
FLT|||1|||8|||3|||158
99|||1|||12|||80|||158
Max|||1|||14|||171|||158
if|||8|||10|||50|||159
if|||9|||10|||98|||159
if|||13|||14|||107|||159
fid|||3|||16|||46|||159
if|||21|||21|||64|||159
if|||23|||23|||97|||159
int|||7|||4|||7|||160
int|||16|||7|||7|||160
int|||17|||7|||10|||160
int|||26|||11|||7|||160
int|||27|||11|||10|||160
int|||56|||16|||11|||160
int|||69|||19|||6|||160
int|||81|||22|||13|||160
int|||83|||23|||11|||160
int|||89|||24|||8|||160
i|||6|||0|||58|||161
i|||172|||21|||18|||161
i|||178|||21|||68|||161
r|||6|||23|||65|||161
r|||7|||23|||71|||161
*|||2|||0|||82|||162
*|||21|||5|||57|||162
*|||69|||14|||61|||162
*|||70|||14|||62|||162
*|||73|||14|||135|||162
*|||75|||14|||207|||162
*|||78|||14|||225|||162
*|||80|||14|||248|||162
*|||83|||14|||304|||162
+|||6|||5|||35|||163
+|||7|||5|||49|||163
+|||12|||10|||107|||163
+|||13|||11|||98|||163
+|||14|||11|||109|||163
+|||15|||11|||113|||163
+|||26|||12|||72|||163
+|||27|||13|||67|||163
+|||28|||13|||71|||163
+|||33|||19|||33|||163
+|||34|||19|||106|||163
+|||36|||24|||23|||163
const|||3|||9|||3|||164
const|||7|||14|||3|||164
const|||8|||14|||240|||164
const|||9|||14|||246|||164
const|||14|||24|||19|||164
}|||10|||3|||161|||165
}|||16|||4|||163|||165
}|||17|||4|||164|||165
}|||22|||6|||141|||165
}|||39|||10|||151|||165
}|||78|||19|||162|||165
}|||79|||19|||163|||165
}|||95|||24|||123|||165
)|||57|||9|||44|||166
)|||86|||11|||143|||166
)|||98|||12|||65|||166
)|||194|||21|||85|||166
)|||214|||24|||84|||166
>>|||1|||0|||85|||167
<<|||1|||23|||30|||167
<<|||2|||23|||77|||167
>>|||2|||23|||87|||167
>>|||3|||24|||48|||167
>>|||4|||24|||58|||167
>>|||5|||24|||72|||167
>>|||6|||24|||82|||167
+=|||1|||3|||116|||168
+=|||2|||3|||133|||168
+=|||3|||3|||150|||168
+=|||12|||15|||60|||168
+=|||13|||17|||186|||168
+=|||14|||17|||199|||168
+=|||15|||19|||159|||168
)|||75|||10|||58|||169
)|||135|||14|||292|||169
)|||184|||19|||127|||169
float|||5|||4|||58|||170
float|||16|||10|||25|||170
float|||17|||10|||30|||170
ushort|||2|||14|||37|||170
float|||25|||17|||43|||170
float|||28|||19|||40|||170
float|||30|||19|||71|||170
check_udpdata|||1|||7|||1|||171
convert_coco_detections|||1|||11|||1|||171
only_objectness|||2|||11|||299|||171
SS3D_Mtx_Transform|||1|||15|||1|||171
MRIaccumulateMaskedMeansAndVariances|||1|||17|||1|||171
Performs|||1|||25|||0|||171
halo_update_driver|||1|||25|||103|||171
;|||32|||3|||82|||172
;|||59|||5|||98|||172
;|||67|||6|||84|||172
;|||111|||10|||72|||172
;|||158|||13|||53|||172
;|||220|||16|||212|||172
;|||230|||17|||75|||172
;|||232|||17|||89|||172
;|||251|||19|||62|||172
v|||2|||15|||7|||173
v|||3|||15|||69|||173
v|||4|||23|||56|||173
v|||5|||23|||67|||173
i|||59|||5|||106|||174
i|||118|||10|||78|||174
i|||128|||11|||61|||174
i|||150|||15|||53|||174
i|||168|||19|||37|||174
*|||4|||1|||6|||175
*|||6|||3|||11|||175
*|||30|||9|||5|||175
*|||32|||9|||14|||175
*|||33|||10|||8|||175
*|||98|||19|||10|||175
*|||100|||19|||19|||175
*|||111|||24|||5|||175
*|||112|||24|||12|||175
filename|||2|||16|||37|||176
,|||106|||16|||38|||176
z|||1|||6|||24|||177
z|||2|||6|||92|||177
z|||3|||6|||129|||177
z|||4|||9|||15|||177
z|||5|||9|||48|||177
z|||6|||9|||113|||177
z|||7|||9|||186|||177
z|||8|||9|||208|||177
z|||10|||17|||72|||177
z|||11|||17|||76|||177
z|||13|||17|||109|||177
z|||14|||17|||136|||177
DEBUG_Z|||1|||17|||138|||177
z|||15|||17|||171|||177
z|||16|||17|||184|||177
z|||17|||17|||197|||177
z|||18|||17|||212|||177
d|||1|||7|||59|||178
d|||2|||7|||64|||178
d|||3|||7|||72|||178
%|||5|||12|||99|||178
%|||6|||12|||108|||178
%|||7|||12|||131|||178
,|||110|||16|||100|||178
;|||209|||16|||103|||178
0|||52|||16|||121|||178
]|||97|||16|||172|||178
fprintf|||10|||16|||241|||178
%|||14|||21|||67|||178
d|||12|||21|||132|||178
,|||153|||21|||148|||178
ENDCOM|||1|||6|||33|||179
nowait|||1|||6|||39|||179
ENDCOM|||2|||6|||40|||179
nowait|||2|||6|||77|||179
ENDCOM|||3|||6|||78|||179
nowait|||3|||6|||109|||179
ENDCOM|||4|||6|||110|||179
ENDCOM|||5|||9|||33|||179
ENDCOM|||6|||12|||36|||179
ENDCOM|||7|||12|||58|||179
ENDCOM|||8|||13|||31|||179
ENDCOM|||9|||14|||23|||179
ENDCOM|||10|||14|||144|||179
ENDCOM|||11|||14|||148|||179
}|||2|||0|||95|||180
}|||4|||1|||62|||180
}|||6|||2|||84|||180
}|||13|||4|||133|||180
}|||27|||8|||64|||180
}|||35|||9|||223|||180
}|||46|||12|||75|||180
i|||158|||16|||191|||180
}|||76|||18|||34|||180
}|||83|||21|||89|||180
}|||90|||22|||44|||180
}|||100|||25|||171|||180
;|||5|||0|||57|||181
;|||11|||1|||31|||181
;|||26|||3|||42|||181
;|||42|||4|||49|||181
;|||56|||5|||66|||181
;|||64|||6|||46|||181
;|||108|||10|||41|||181
;|||116|||10|||125|||181
;|||120|||11|||53|||181
;|||147|||12|||42|||181
;|||156|||13|||38|||181
;|||199|||15|||47|||181
;|||244|||18|||18|||181
;|||263|||21|||17|||181
0|||26|||10|||124|||182
0|||47|||14|||153|||182
0|||49|||14|||263|||182
0|||54|||16|||142|||182
"|||17|||16|||156|||182
0|||60|||17|||116|||182
#pragma|||3|||6|||73|||183
omp|||3|||6|||74|||183
#pragma|||4|||6|||105|||183
omp|||4|||6|||106|||183
#pragma|||6|||12|||55|||183
omp|||6|||12|||56|||183
site_def|||1|||1|||5|||184
c|||1|||6|||16|||184
c|||2|||6|||54|||184
c|||3|||6|||99|||184
c|||4|||7|||20|||184
c|||5|||7|||22|||184
c|||6|||7|||45|||184
i|||86|||7|||87|||184
VP8LConvertBGRAToRGBA4444_C|||1|||24|||1|||184
C|||1|||25|||43|||184
C|||2|||25|||135|||184
,|||12|||4|||27|||185
,|||13|||4|||30|||185
,|||14|||4|||33|||185
,|||15|||4|||36|||185
,|||48|||10|||16|||185
,|||56|||11|||27|||185
,|||57|||11|||32|||185
,|||58|||11|||36|||185
,|||70|||13|||13|||185
,|||71|||13|||19|||185
,|||122|||17|||17|||185
,|||123|||17|||20|||185
,|||124|||17|||24|||185
dv|||1|||4|||68|||186
dw|||1|||4|||85|||186
dv|||2|||4|||96|||186
dv|||3|||4|||128|||186
dv|||4|||4|||156|||186
dr|||1|||23|||37|||186
dr|||2|||23|||81|||186
rg|||1|||24|||43|||186
ba|||1|||24|||67|||186
7|||1|||14|||72|||187
FORTRAN|||1|||25|||67|||187
;|||70|||6|||116|||188
;|||83|||8|||38|||188
,|||117|||16|||226|||188
;|||266|||21|||40|||188
;|||268|||21|||55|||188
;|||272|||21|||103|||188
<|||20|||11|||85|||189
<|||36|||18|||20|||189
<|||41|||24|||29|||189
generate_u|||1|||3|||27|||190
generate_v|||1|||3|||32|||190
u|||1|||3|||174|||190
v|||1|||3|||192|||190
n_x|||1|||13|||50|||191
n_x|||2|||13|||54|||191
n_x|||3|||13|||58|||191
vol_flux_x|||1|||13|||63|||191
=|||40|||6|||96|||192
=|||95|||12|||78|||192
=|||101|||13|||64|||192
=|||110|||14|||97|||192
=|||135|||17|||99|||192
=|||148|||19|||96|||192
=|||169|||23|||105|||192
val|||1|||3|||20|||193
val|||2|||3|||105|||193
val|||3|||3|||119|||193
val|||4|||3|||127|||193
val|||5|||3|||136|||193
val|||6|||3|||144|||193
val|||7|||3|||159|||193
val|||8|||17|||44|||193
val|||9|||17|||161|||193
val|||10|||17|||187|||193
val|||11|||17|||200|||193
val|||12|||17|||202|||193
(|||3|||0|||52|||194
(|||27|||4|||45|||194
(|||38|||5|||62|||194
(|||74|||10|||37|||194
(|||97|||12|||38|||194
(|||104|||13|||33|||194
(|||178|||19|||57|||194
(|||226|||25|||113|||194
=|||5|||0|||74|||195
=|||9|||1|||56|||195
=|||34|||5|||84|||195
=|||42|||6|||128|||195
=|||61|||9|||212|||195
=|||70|||10|||138|||195
=|||87|||11|||309|||195
=|||160|||22|||38|||195
!=|||1|||4|||113|||196
!=|||2|||7|||46|||196
!=|||3|||14|||262|||196
!=|||4|||14|||290|||196
*|||7|||3|||126|||197
*|||8|||3|||143|||197
*|||9|||3|||158|||197
*|||11|||3|||178|||197
*|||13|||3|||196|||197
*|||47|||11|||144|||197
*|||50|||11|||215|||197
*|||51|||11|||242|||197
*|||60|||13|||75|||197
*|||84|||15|||68|||197
*|||103|||19|||116|||197
*|||105|||19|||155|||197
index|||1|||3|||75|||198
index|||2|||3|||91|||198
index|||4|||11|||93|||198
cnt|||1|||21|||93|||198
*|||19|||4|||67|||199
*|||20|||4|||84|||199
*|||67|||14|||38|||199
*|||74|||14|||137|||199
*|||76|||14|||209|||199
*|||77|||14|||220|||199
*|||79|||14|||242|||199
*|||81|||14|||250|||199
*|||82|||14|||298|||199
*|||110|||23|||94|||199
/|||1|||6|||70|||200
/|||7|||11|||68|||200
%|||4|||11|||75|||200
/|||9|||11|||186|||200
for|||39|||16|||66|||200
[|||4|||1|||53|||201
[|||18|||3|||108|||201
[|||20|||3|||120|||201
[|||37|||4|||90|||201
[|||44|||6|||66|||201
[|||49|||6|||137|||201
%|||3|||7|||71|||201
[|||58|||9|||75|||201
[|||62|||9|||160|||201
[|||69|||10|||86|||201
[|||96|||15|||70|||201
[|||101|||19|||44|||201
[|||109|||21|||80|||201
[|||110|||21|||115|||201
[|||117|||25|||51|||201
*|||40|||11|||96|||202
*|||43|||11|||111|||202
*|||52|||11|||263|||202
*|||58|||13|||69|||202
*|||59|||13|||73|||202
*|||72|||14|||120|||202
*|||101|||19|||101|||202
*|||102|||19|||111|||202
[|||99|||18|||5|||203
[|||106|||21|||7|||203
[|||111|||22|||5|||203
[|||7|||2|||57|||204
[|||11|||2|||75|||204
[|||32|||3|||198|||204
[|||38|||5|||80|||204
[|||39|||5|||88|||204
[|||103|||19|||75|||204
[|||104|||19|||83|||204
[|||114|||22|||40|||204
[|||123|||25|||166|||204
int|||51|||14|||41|||205
int|||52|||14|||46|||205
j|||2|||2|||31|||206
j|||3|||2|||35|||206
j|||10|||3|||79|||206
j|||18|||8|||35|||206
j|||19|||8|||39|||206
j|||25|||11|||247|||206
j|||26|||11|||251|||206
j|||31|||14|||79|||206
j|||32|||14|||83|||206
j|||33|||14|||91|||206
j|||36|||15|||23|||206
j|||37|||15|||27|||206
(|||158|||16|||227|||206
j|||52|||19|||63|||206
j|||57|||21|||56|||206
j|||64|||22|||26|||206
(|||54|||8|||48|||207
(|||56|||9|||35|||207
(|||75|||10|||51|||207
(|||106|||13|||101|||207
data_rows|||3|||16|||132|||207
(|||166|||17|||127|||207
(|||193|||21|||65|||207
(|||222|||25|||62|||207
(|||230|||25|||174|||207
;|||12|||1|||43|||208
;|||27|||3|||48|||208
;|||43|||4|||53|||208
;|||57|||5|||72|||208
;|||65|||6|||50|||208
;|||109|||10|||45|||208
;|||121|||11|||59|||208
;|||157|||13|||42|||208
++|||33|||16|||149|||208
;|||305|||25|||32|||208
int|||10|||4|||28|||209
int|||11|||4|||34|||209
int|||32|||11|||37|||209
int|||60|||16|||28|||209
int|||86|||23|||33|||209
int|||87|||23|||36|||209
int|||88|||23|||39|||209
prob|||1|||11|||267|||210
prob|||2|||11|||287|||210
prob|||3|||11|||292|||210
scale|||1|||11|||117|||211
scale|||2|||11|||269|||211
thresh|||2|||11|||289|||211
scale|||3|||11|||310|||211
lstatus|||3|||14|||295|||211
mask|||1|||17|||50|||211
;|||6|||0|||61|||212
;|||16|||2|||20|||212
;|||148|||12|||46|||212
;|||264|||21|||21|||212
Wx|||1|||3|||117|||213
mtx|||1|||15|||10|||213
mtx|||2|||15|||61|||213
i|||9|||0|||87|||214
[|||53|||7|||80|||214
i|||130|||11|||74|||214
i|||131|||11|||95|||214
i|||132|||11|||110|||214
i|||134|||11|||262|||214
r|||8|||23|||73|||214
r|||9|||23|||76|||214
r|||10|||23|||86|||214
#|||1|||14|||311|||215
#if|||3|||24|||89|||215
(|||216|||24|||90|||215
=|||53|||9|||70|||216
=|||57|||9|||143|||216
=|||58|||9|||155|||216
=|||59|||9|||167|||216
=|||60|||9|||175|||216
=|||67|||10|||103|||216
=|||85|||11|||268|||216
=|||117|||14|||244|||216
=|||118|||14|||255|||216
=|||121|||14|||300|||216
=|||2|||0|||28|||217
=|||52|||9|||24|||217
=|||141|||19|||27|||217
=|||179|||25|||24|||217
double|||1|||13|||4|||218
double|||2|||13|||9|||218
ptr_double|||1|||13|||62|||218
ptr_double|||2|||13|||81|||218
=|||4|||0|||55|||219
=|||20|||3|||80|||219
=|||35|||5|||96|||219
=|||41|||6|||114|||219
=|||69|||10|||123|||219
<|||32|||16|||210|||219
▁|||23|||16|||224|||219
=|||134|||17|||87|||219
=|||158|||21|||101|||219
=|||181|||25|||90|||219
=|||182|||25|||116|||219
float|||21|||11|||116|||220
float|||22|||11|||266|||220
float|||31|||19|||79|||220
float|||32|||19|||87|||220
float|||33|||19|||94|||220
int|||12|||4|||41|||221
int|||33|||11|||41|||221
int|||46|||13|||20|||221
int|||47|||13|||23|||221
do_rem|||1|||4|||35|||222
do_rem|||2|||4|||119|||222
is_larger|||1|||12|||9|||222
is_larger|||3|||12|||60|||222
is_larger|||6|||12|||146|||222
mri_mask|||1|||17|||9|||222
global_node_set|||1|||1|||40|||223
vol_flux_x_p|||1|||13|||7|||223
mass_flux_x_p|||1|||13|||12|||223
vol_flux_x_p|||2|||13|||66|||223
mass_flux_x_p|||2|||13|||85|||223
rand_d|||1|||19|||11|||223
rand_d|||2|||19|||43|||223
rand_r|||2|||19|||51|||223
rand_d|||3|||19|||74|||223
rand_r|||3|||19|||82|||223
cube_s|||1|||20|||2|||223
srslte_simd_cfi_load|||1|||9|||71|||224
srslte_simd_f_load|||1|||9|||83|||224
srslte_simd_cf_mul|||1|||9|||103|||224
srslte_simd_cfi_loadu|||1|||9|||144|||224
srslte_simd_f_loadu|||1|||9|||156|||224
srslte_simd_cfi_storeu|||1|||9|||183|||224
<|||7|||4|||122|||225
<|||15|||9|||201|||225
<|||18|||10|||127|||225
<|||35|||17|||119|||225
;|||48|||4|||132|||226
;|||50|||4|||162|||226
buffersize|||3|||7|||89|||226
;|||94|||9|||120|||226
;|||100|||9|||182|||226
;|||101|||9|||193|||226
;|||118|||10|||150|||226
;|||163|||13|||159|||226
;|||190|||14|||286|||226
;|||242|||17|||215|||226
printf|||3|||21|||141|||226
;|||314|||25|||170|||226
;|||21|||2|||83|||227
;|||62|||5|||127|||227
}|||26|||7|||93|||227
;|||85|||8|||63|||227
;|||86|||8|||76|||227
;|||139|||11|||311|||227
;|||191|||14|||296|||227
;|||274|||21|||124|||227
;|||281|||22|||46|||227
;|||294|||23|||111|||227
;|||295|||23|||116|||227
buffer|||1|||7|||5|||228
input|||1|||10|||9|||228
xpp|||1|||14|||7|||228
filename|||1|||16|||5|||228
input|||6|||16|||9|||228
pixels|||1|||23|||9|||228
src|||1|||24|||6|||228
#pragma|||1|||6|||30|||229
omp|||1|||6|||31|||229
parallel|||1|||6|||32|||229
#pragma|||2|||6|||35|||229
omp|||2|||6|||36|||229
#pragma|||5|||12|||29|||229
omp|||5|||12|||30|||229
parallel|||2|||12|||31|||229
#pragma|||7|||13|||27|||229
omp|||7|||13|||28|||229
parallel|||3|||13|||29|||229
(|||28|||4|||95|||230
(|||29|||4|||102|||230
(|||67|||9|||145|||230
(|||111|||13|||140|||230
(|||120|||14|||99|||230
(|||164|||17|||102|||230
(|||169|||17|||164|||230
(|||172|||17|||205|||230
=|||68|||10|||115|||231
=|||102|||13|||83|||231
=|||103|||13|||117|||231
=|||116|||14|||222|||231
;|||34|||3|||104|||232
;|||35|||3|||111|||232
;|||47|||4|||109|||232
;|||61|||5|||123|||232
;|||90|||9|||79|||232
;|||114|||10|||112|||232
;|||128|||11|||123|||232
;|||174|||14|||123|||232
;|||234|||17|||111|||232
;|||256|||19|||121|||232
;|||262|||21|||10|||232
;|||55|||5|||60|||233
;|||75|||7|||28|||233
;|||107|||10|||35|||233
;|||122|||11|||70|||233
;|||123|||11|||77|||233
;|||149|||12|||54|||233
;|||170|||14|||76|||233
,|||107|||16|||79|||233
;|||227|||17|||57|||233
;|||228|||17|||63|||233
;|||229|||17|||69|||233
;|||296|||24|||25|||233
h|||1|||11|||23|||234
h|||2|||11|||189|||234
dst|||1|||24|||13|||234
rg|||2|||24|||107|||234
int|||14|||6|||3|||235
int|||19|||8|||8|||235
int|||24|||10|||11|||235
int|||65|||18|||3|||235
int|||68|||19|||3|||235
(|||5|||0|||79|||236
(|||22|||3|||167|||236
(|||42|||6|||59|||236
(|||86|||11|||137|||236
(|||87|||11|||154|||236
(|||88|||11|||176|||236
(|||94|||11|||286|||236
(|||116|||14|||58|||236
(|||118|||14|||69|||236
(|||194|||21|||78|||236
(|||208|||24|||45|||236
(|||212|||24|||69|||236
,|||29|||6|||21|||237
,|||40|||9|||12|||237
,|||69|||13|||8|||237
,|||121|||17|||14|||237
,|||151|||19|||16|||237
,|||160|||24|||10|||237
;|||96|||9|||135|||238
;|||117|||10|||129|||238
;|||252|||19|||66|||238
;|||313|||25|||124|||238
static|||1|||1|||1|||239
int|||40|||12|||0|||239
int|||50|||14|||0|||239
int|||63|||17|||0|||239
MINLINE|||1|||20|||0|||239
static|||2|||23|||0|||239
j|||20|||8|||43|||240
j|||21|||8|||51|||240
j|||27|||11|||256|||240
LOOPCNT|||2|||14|||93|||240
j|||38|||15|||32|||240
j|||53|||19|||68|||240
j|||58|||21|||61|||240
a|||1|||6|||8|||241
a|||2|||6|||60|||241
a|||3|||6|||136|||241
in|||1|||8|||12|||241
a|||4|||9|||69|||241
a|||5|||9|||105|||241
a|||6|||9|||142|||241
a|||7|||9|||178|||241
a|||12|||22|||4|||241
a|||13|||22|||34|||241
)|||21|||3|||89|||242
)|||39|||5|||107|||242
)|||43|||6|||91|||242
)|||59|||9|||50|||242
)|||60|||9|||66|||242
)|||76|||10|||79|||242
)|||84|||11|||90|||242
)|||105|||13|||60|||242
)|||119|||14|||94|||242
)|||162|||17|||82|||242
)|||163|||17|||96|||242
)|||195|||21|||110|||242
▁|||3|||7|||69|||243
=|||96|||12|||97|||243
=|||97|||12|||106|||243
=|||98|||12|||129|||243
argb|||2|||24|||47|||244
argb|||3|||24|||57|||244
argb|||4|||24|||71|||244
argb|||5|||24|||81|||244
;|||40|||3|||210|||245
;|||185|||14|||238|||245
;|||193|||14|||310|||245
;|||202|||15|||87|||245
;|||243|||17|||224|||245
;|||315|||25|||189|||245
;|||316|||25|||198|||245
,|||28|||6|||17|||246
,|||161|||25|||14|||246
=|||113|||14|||152|||247
,|||113|||16|||155|||247
=|||136|||17|||115|||247
]|||5|||2|||50|||248
]|||9|||2|||69|||248
]|||11|||2|||77|||248
]|||16|||3|||98|||248
]|||23|||3|||139|||248
]|||26|||3|||154|||248
]|||54|||8|||57|||248
]|||56|||8|||70|||248
]|||75|||11|||172|||248
]|||77|||11|||194|||248
]|||79|||11|||221|||248
]|||82|||11|||281|||248
]|||84|||11|||305|||248
]|||94|||15|||64|||248
]|||122|||25|||163|||248
]|||48|||6|||134|||249
▁|||2|||7|||66|||249
\n|||1|||7|||74|||249
]|||74|||11|||160|||249
]|||80|||11|||232|||249
]|||86|||13|||105|||249
]|||87|||13|||135|||249
]|||118|||25|||82|||249
]|||124|||25|||195|||249
]|||2|||0|||46|||250
]|||3|||0|||73|||250
]|||4|||1|||55|||250
]|||8|||2|||64|||250
]|||12|||2|||80|||250
]|||13|||3|||56|||250
]|||14|||3|||63|||250
]|||15|||3|||70|||250
]|||19|||3|||115|||250
]|||22|||3|||132|||250
]|||25|||3|||149|||250
]|||28|||3|||165|||250
]|||38|||5|||83|||250
]|||40|||5|||115|||250
]|||42|||6|||57|||250
]|||45|||6|||95|||250
]|||47|||6|||127|||250
]|||55|||8|||60|||250
]|||57|||8|||73|||250
]|||64|||9|||211|||250
]|||70|||10|||137|||250
]|||73|||11|||150|||250
]|||83|||11|||284|||250
]|||85|||11|||308|||250
]|||89|||14|||166|||250
]|||92|||15|||38|||250
]|||93|||15|||59|||250
]|||100|||18|||30|||250
]|||107|||21|||29|||250
]|||108|||21|||76|||250
]|||110|||21|||117|||250
]|||113|||22|||37|||250
tmp|||1|||14|||32|||251
tmp|||2|||14|||114|||251
tmp|||3|||14|||126|||251
loopcnt=LOOPCNT|||1|||14|||143|||251
tmp|||5|||19|||119|||251
rg|||3|||24|||114|||251
%|||1|||7|||58|||252
w|||11|||16|||40|||252
file|||1|||16|||56|||252
fprintf|||5|||16|||86|||252
data_cols|||2|||16|||99|||252
==|||11|||16|||120|||252
j|||46|||16|||171|||252
}|||67|||16|||240|||252
%|||16|||21|||131|||252
"|||28|||21|||147|||252
const|||2|||4|||23|||253
const|||4|||9|||8|||253
const|||5|||9|||17|||253
const|||6|||13|||14|||253
const|||10|||14|||276|||253
const|||13|||24|||16|||253
const|||16|||24|||41|||253
const|||17|||24|||65|||253
0|||17|||5|||97|||254
data_cols|||5|||16|||211|||254
0|||73|||25|||91|||254
0|||74|||25|||117|||254
?|||1|||4|||74|||255
dws|||2|||4|||87|||255
?|||2|||4|||88|||255
dws|||3|||4|||89|||255
?|||6|||14|||234|||255
sinf|||1|||19|||97|||255
;|||181|||14|||211|||256
;|||182|||14|||215|||256
;|||183|||14|||219|||256
;|||192|||14|||307|||256
;|||241|||17|||203|||256
;|||293|||23|||107|||256
;|||300|||24|||102|||256
;|||302|||24|||115|||256
i|||17|||2|||17|||257
i|||25|||3|||39|||257
i|||45|||4|||46|||257
i|||62|||6|||43|||257
i|||126|||11|||50|||257
i|||141|||14|||151|||257
j|||48|||16|||209|||257
x|||8|||17|||114|||257
0|||10|||3|||58|||258
0|||11|||3|||65|||258
0|||33|||12|||19|||258
0|||61|||17|||173|||258
0|||65|||21|||31|||258
0|||70|||23|||23|||258
for|||20|||9|||52|||259
for|||22|||9|||197|||259
for|||29|||12|||32|||259
for|||36|||14|||258|||259
for|||47|||18|||12|||259
for|||48|||19|||23|||259
for|||50|||21|||11|||259
for|||55|||25|||20|||259
,|||34|||7|||78|||260
"|||4|||12|||112|||260
"|||6|||12|||134|||260
;|||205|||16|||43|||260
}|||63|||16|||75|||260
%|||9|||16|||91|||260
"|||15|||16|||108|||260
fprintf|||8|||16|||176|||260
)|||155|||16|||201|||260
"|||23|||16|||245|||260
)|||197|||21|||137|||260
if|||2|||4|||110|||261
if|||3|||4|||117|||261
if|||7|||9|||34|||261
if|||18|||17|||126|||261
if|||20|||19|||122|||261
i|||10|||1|||11|||262
i|||44|||4|||42|||262
i|||52|||5|||11|||262
i|||61|||6|||28|||262
i|||110|||10|||23|||262
i|||135|||12|||15|||262
i|||147|||15|||17|||262
=|||26|||4|||69|||263
=|||27|||4|||86|||263
=|||115|||14|||204|||263
=|||146|||19|||81|||263
=|||147|||19|||89|||263
=|||167|||23|||82|||263
=|||168|||23|||92|||263
=|||174|||24|||68|||263
if|||1|||2|||43|||264
if|||5|||7|||43|||264
if|||6|||8|||47|||264
if|||11|||13|||100|||264
if|||12|||13|||130|||264
if|||22|||21|||112|||264
if|||24|||25|||37|||264
ii|||1|||12|||51|||265
ii|||2|||12|||64|||265
ii|||3|||12|||73|||265
ni|||1|||14|||29|||265
ni|||2|||14|||96|||265
ni|||3|||14|||119|||265
ni|||4|||14|||157|||265
ni|||5|||14|||214|||265
ni|||6|||14|||218|||265
dr|||3|||23|||93|||265
dr|||4|||23|||95|||265
hv_sol|||2|||3|||146|||266
step_sol|||2|||3|||162|||266
hv_sol|||3|||3|||203|||266
do_add|||2|||4|||147|||266
hist|||2|||19|||148|||266
;|||38|||3|||160|||267
;|||72|||6|||140|||267
;|||138|||11|||295|||267
;|||155|||12|||147|||267
;|||260|||19|||161|||267
;|||301|||24|||108|||267
;|||303|||24|||121|||267
)|||85|||11|||135|||268
)|||94|||11|||290|||268
)|||179|||19|||100|||268
)|||180|||19|||105|||268
)|||181|||19|||110|||268
)|||182|||19|||115|||268
)|||212|||24|||74|||268
)|||213|||24|||77|||268
(|||43|||6|||80|||269
(|||76|||10|||68|||269
%|||13|||16|||222|||269
(|||15|||2|||44|||270
(|||33|||4|||146|||270
(|||49|||7|||44|||270
(|||95|||11|||298|||270
(|||135|||14|||288|||270
==|||10|||16|||47|||270
(|||168|||17|||151|||270
(|||202|||23|||43|||270
(|||207|||24|||27|||270
(|||219|||25|||38|||270
(|||227|||25|||130|||270
{|||4|||1|||9|||271
{|||6|||2|||4|||271
{|||19|||5|||9|||271
{|||24|||7|||13|||271
{|||27|||8|||14|||271
{|||46|||12|||4|||271
{|||76|||18|||11|||271
{|||81|||20|||7|||271
{|||82|||21|||4|||271
{|||90|||22|||16|||271
>=|||1|||2|||22|||272
>|||1|||4|||150|||272
>|||2|||10|||56|||272
>|||3|||11|||288|||272
>|||4|||14|||195|||272
>=|||2|||17|||153|||272
>|||5|||19|||125|||272
:|||3|||7|||60|||273
]|||51|||7|||65|||273
]|||52|||7|||73|||273
data_rows|||2|||16|||101|||273
"|||1|||7|||57|||274
"|||3|||12|||91|||274
"|||5|||12|||123|||274
"|||7|||16|||39|||274
▁|||15|||16|||55|||274
;|||208|||16|||85|||274
,|||109|||16|||98|||274
major|||2|||16|||119|||274
+|||31|||16|||170|||274
<|||31|||16|||196|||274
;|||221|||16|||239|||274
"|||25|||21|||130|||274
\n|||11|||21|||146|||274
i|||27|||3|||49|||275
i|||47|||4|||54|||275
i|||64|||6|||51|||275
i|||138|||12|||47|||275
i|||143|||14|||159|||275
x|||10|||17|||122|||275
int|||5|||3|||15|||276
int|||9|||4|||19|||276
int|||15|||6|||27|||276
int|||22|||9|||18|||276
int|||23|||9|||22|||276
int|||25|||10|||22|||276
int|||45|||13|||15|||276
int|||54|||14|||277|||276
int|||55|||15|||16|||276
int|||64|||17|||30|||276
int|||70|||19|||18|||276
int|||73|||19|||151|||276
int|||74|||20|||1|||276
{|||9|||2|||55|||277
{|||16|||4|||125|||277
{|||17|||4|||135|||277
{|||29|||8|||53|||277
{|||30|||8|||66|||277
{|||45|||11|||301|||277
{|||52|||13|||65|||277
{|||56|||14|||111|||277
{|||57|||14|||130|||277
{|||66|||16|||137|||277
{|||86|||21|||72|||277
{|||88|||21|||121|||277
{|||89|||21|||127|||277
{|||94|||23|||103|||277
{|||99|||25|||45|||277
{|||100|||25|||69|||277
{|||104|||25|||181|||277
]|||7|||2|||61|||278
]|||20|||3|||122|||278
]|||21|||3|||125|||278
]|||27|||3|||157|||278
]|||29|||3|||177|||278
]|||31|||3|||195|||278
]|||35|||4|||78|||278
]|||43|||6|||63|||278
]|||44|||6|||68|||278
]|||60|||9|||116|||278
]|||65|||9|||216|||278
]|||67|||10|||55|||278
]|||71|||10|||144|||278
]|||76|||11|||182|||278
]|||78|||11|||205|||278
]|||90|||14|||185|||278
]|||91|||14|||194|||278
]|||95|||15|||67|||278
]|||109|||21|||82|||278
]|||117|||25|||53|||278
]|||119|||25|||145|||278
]|||120|||25|||153|||278
]|||121|||25|||158|||278
0|||13|||3|||81|||279
0|||51|||15|||46|||279
0|||58|||17|||88|||279
i|||70|||6|||89|||280
i|||75|||6|||121|||280
fid|||9|||16|||219|||280
i|||181|||21|||108|||280
[|||112|||22|||10|||281
0|||31|||11|||294|||282
0|||32|||11|||307|||282
0|||37|||13|||113|||282
0|||38|||13|||115|||282
0|||39|||13|||126|||282
0|||40|||13|||143|||282
0|||41|||13|||145|||282
0|||42|||13|||156|||282
0|||59|||17|||105|||282
0|||71|||24|||73|||282
_|||1|||12|||94|||283
_|||2|||12|||126|||283
r_|||1|||15|||14|||283
r_|||2|||15|||35|||283
r_|||3|||15|||56|||283
r_|||4|||15|||80|||283
r_|||5|||15|||84|||283
\n|||7|||16|||111|||283
,|||112|||16|||113|||283
;|||211|||16|||129|||283
;|||214|||16|||147|||283
,|||114|||16|||161|||283
{|||70|||16|||216|||283
input|||8|||16|||230|||283
)|||25|||3|||201|||284
)|||87|||11|||163|||284
)|||92|||11|||241|||284
)|||141|||15|||86|||284
)|||173|||17|||223|||284
)|||231|||25|||188|||284
=|||11|||2|||12|||285
=|||29|||5|||14|||285
=|||43|||7|||16|||285
=|||62|||10|||27|||285
=|||88|||12|||18|||285
=|||90|||12|||26|||285
=|||157|||21|||94|||285
[|||5|||2|||48|||286
[|||9|||2|||67|||286
[|||29|||3|||175|||286
[|||30|||3|||180|||286
[|||31|||3|||193|||286
[|||85|||11|||306|||286
temp_sol|||2|||3|||24|||287
x_sol|||1|||3|||53|||287
y_sol|||1|||3|||60|||287
hv_sol|||1|||3|||67|||287
temp_sol|||3|||3|||107|||287
x_sol|||2|||3|||112|||287
y_sol|||2|||3|||129|||287
x_sol|||3|||3|||179|||287
y_sol|||3|||3|||197|||287
;|||177|||14|||154|||288
;|||189|||14|||264|||288
;|||213|||16|||143|||288
%|||12|||16|||157|||288
;|||235|||17|||117|||288
;|||309|||25|||92|||288
;|||312|||25|||118|||288
0.|||1|||15|||40|||289
i|||20|||2|||49|||290
i|||91|||8|||49|||290
i|||92|||8|||56|||290
i|||148|||15|||44|||290
j|||43|||16|||140|||290
i|||175|||21|||37|||290
i|||179|||21|||100|||290
;|||8|||1|||12|||291
;|||52|||5|||19|||291
;|||74|||7|||21|||291
b3d9c82c5f695f932c9f504d2b6a592|||1|||10|||3|||291
;|||140|||12|||7|||291
;|||141|||12|||10|||291
;|||142|||12|||13|||291
;|||194|||15|||15|||291
;|||203|||16|||27|||291
;|||285|||23|||38|||291
)|||9|||1|||19|||292
)|||11|||1|||60|||292
)|||64|||9|||108|||292
)|||65|||9|||119|||292
)|||69|||9|||171|||292
)|||70|||9|||181|||292
)|||71|||9|||192|||292
)|||81|||10|||149|||292
)|||100|||12|||117|||292
)|||101|||12|||137|||292
)|||113|||13|||158|||292
)|||134|||14|||285|||292
fprintf|||4|||16|||76|||292
d|||7|||16|||92|||292
{|||69|||16|||202|||292
)|||172|||17|||213|||292
)|||185|||19|||138|||292
}|||88|||21|||140|||292
)|||221|||25|||57|||292
dataBlockSize|||5|||0|||83|||293
stencil_size|||1|||3|||85|||293
num|||5|||11|||97|||293
classes|||2|||11|||108|||293
num|||6|||11|||112|||293
classes|||3|||11|||132|||293
num|||7|||11|||134|||293
num|||8|||11|||140|||293
classes|||4|||11|||253|||293
classes|||5|||11|||264|||293
y_size|||2|||13|||41|||293
x_size|||2|||13|||56|||293
nelems|||2|||14|||85|||293
nelems|||3|||14|||100|||293
LOOPCNT|||3|||14|||104|||293
nelems|||4|||14|||261|||293
nelems|||5|||14|||265|||293
*|||18|||4|||25|||294
*|||25|||6|||19|||294
*|||26|||6|||23|||294
*|||31|||9|||10|||294
*|||34|||10|||18|||294
*|||36|||11|||29|||294
*|||37|||11|||30|||294
*|||56|||13|||10|||294
*|||57|||13|||16|||294
*|||66|||14|||13|||294
*|||87|||16|||25|||294
*|||93|||17|||22|||294
*|||94|||17|||26|||294
*|||99|||19|||14|||294
count|||1|||1|||22|||295
node_set_len|||1|||1|||42|||295
internal_count|||1|||3|||47|||295
neighbors|||1|||3|||95|||295
count|||2|||5|||13|||295
count|||3|||5|||81|||295
count|||4|||5|||113|||295
i|||155|||16|||130|||295
==|||1|||2|||46|||296
==|||2|||8|||50|||296
==|||3|||9|||31|||296
==|||4|||12|||142|||296
==|||5|||13|||106|||296
==|||6|||13|||136|||296
==|||7|||14|||21|||296
==|||8|||14|||88|||296
==|||9|||14|||232|||296
)|||144|||16|||49|||296
i|||156|||16|||134|||296
BUFTYPE|||1|||17|||46|||296
==|||12|||17|||129|||296
==|||13|||17|||133|||296
==|||14|||17|||137|||296
==|||15|||21|||69|||296
==|||16|||21|||118|||296
==|||17|||24|||92|||296
==|||18|||25|||42|||296
==|||19|||25|||66|||296
==|||20|||25|||134|||296
==|||21|||25|||178|||296
}|||11|||3|||208|||297
}|||15|||4|||143|||297
}|||34|||9|||195|||297
}|||57|||14|||229|||297
}|||61|||15|||75|||297
(|||156|||16|||204|||297
}|||72|||17|||217|||297
}|||73|||17|||218|||297
}|||74|||17|||219|||297
}|||101|||25|||182|||297
}|||102|||25|||183|||297
}|||103|||25|||184|||297
sum|||11|||12|||71|||298
sum|||12|||12|||95|||298
dist|||3|||23|||99|||298
dist|||4|||23|||106|||298
cols|||1|||5|||22|||299
cols|||2|||5|||26|||299
data_cols|||1|||16|||15|||299
"|||16|||16|||112|||299
(|||153|||16|||162|||299
else|||7|||16|||187|||299
[|||98|||16|||231|||299
cheby_betas|||1|||25|||165|||299
data_rows|||1|||16|||12|||300
data_range|||2|||16|||114|||300
;|||212|||16|||133|||300
j|||45|||16|||148|||300
fprintf|||9|||16|||217|||300
;|||223|||16|||256|||300
width|||3|||17|||56|||300
mri_dof|||2|||17|||206|||300
<|||8|||5|||68|||301
<|||23|||13|||40|||301
int|||39|||11|||259|||302
int|||53|||14|||253|||302
)|||159|||16|||248|||302
=|||6|||1|||15|||303
=|||30|||5|||23|||303
=|||31|||5|||31|||303
=|||44|||7|||23|||303
=|||89|||12|||22|||303
=|||161|||23|||20|||303
=|||162|||23|||28|||303
=|||171|||24|||21|||303
[|||2|||0|||42|||304
[|||3|||0|||67|||304
[|||72|||11|||120|||304
[|||74|||11|||156|||304
[|||76|||11|||178|||304
[|||78|||11|||201|||304
[|||79|||11|||219|||304
[|||80|||11|||228|||304
[|||81|||11|||272|||304
*|||5|||3|||7|||305
*|||17|||4|||20|||305
*|||22|||6|||7|||305
*|||23|||6|||11|||305
*|||38|||11|||34|||305
*|||64|||14|||5|||305
*|||65|||14|||6|||305
*|||86|||16|||8|||305
*|||90|||17|||4|||305
*|||91|||17|||8|||305
*|||108|||23|||8|||305
(|||37|||5|||55|||306
(|||79|||10|||109|||306
(|||167|||17|||141|||306
(|||181|||19|||108|||306
(|||182|||19|||113|||306
(|||183|||19|||118|||306
(|||185|||19|||136|||306
)|||73|||10|||20|||307
)|||137|||15|||11|||307
)|||201|||23|||16|||307
x|||4|||9|||147|||308
x|||6|||11|||152|||308
mass_flux_x|||1|||13|||82|||308
FIELD_VOL_FLUX_X|||1|||13|||104|||308
vol_flux_x|||2|||13|||111|||308
vol_flux_x|||3|||13|||122|||308
FIELD_MASS_FLUX_X|||1|||13|||134|||308
mass_flux_x|||2|||13|||141|||308
mass_flux_x|||3|||13|||152|||308
height|||1|||17|||39|||309
height|||2|||17|||58|||309
height|||3|||17|||62|||309
height|||4|||17|||92|||309
width|||4|||17|||120|||309
rem_thresh|||2|||4|||123|||310
vals|||1|||5|||42|||310
vals|||2|||5|||79|||310
vals|||3|||5|||87|||310
vals|||4|||5|||111|||310
vals|||5|||5|||119|||310
known_sum|||1|||12|||12|||310
known_sum|||2|||12|||77|||310
known_sum|||3|||12|||114|||310
known_sum|||4|||12|||141|||310
pmask|||1|||17|||48|||310
bestDist|||3|||23|||104|||310
cheby_alphas|||1|||25|||155|||310
float|||8|||6|||10|||311
float|||26|||19|||9|||311
nrange|||1|||14|||42|||312
nrange|||2|||14|||87|||312
nrange|||3|||14|||189|||312
nrange|||4|||14|||231|||312
lstatus|||1|||14|||278|||312
lstatus|||2|||14|||289|||312
0|||28|||11|||82|||313
0|||36|||13|||52|||313
%|||8|||14|||74|||314
&|||10|||23|||68|||314
&|||11|||24|||51|||314
&|||12|||24|||61|||314
0xf|||1|||24|||62|||314
&|||13|||24|||75|||314
x|||1|||9|||6|||315
x|||2|||9|||38|||315
x|||3|||9|||74|||315
n_x|||4|||13|||68|||315
n_x|||5|||13|||87|||315
x|||11|||17|||128|||315
DEBUG_X|||1|||17|||130|||315
update_global_node_set|||1|||1|||3|||316
mset|||1|||8|||1|||316
box|||1|||11|||33|||316
ar|||1|||18|||4|||316
ar|||2|||18|||27|||316
j|||5|||2|||52|||317
j|||7|||2|||71|||317
j|||22|||8|||59|||317
LOOPCNT|||1|||14|||34|||317
j|||39|||15|||37|||317
j|||54|||19|||76|||317
j|||55|||19|||84|||317
j|||66|||22|||36|||317
j|||67|||22|||41|||317
0|||8|||2|||82|||318
0|||63|||18|||32|||318
;|||2|||0|||30|||319
;|||17|||2|||24|||319
;|||18|||2|||34|||319
;|||76|||7|||34|||319
;|||81|||8|||25|||319
;|||124|||11|||83|||319
;|||134|||11|||250|||319
;|||171|||14|||82|||319
;|||172|||14|||90|||319
;|||196|||15|||26|||319
;|||247|||19|||29|||319
;|||278|||22|||25|||319
;|||304|||25|||26|||319
,|||24|||5|||53|||320
,|||62|||11|||233|||320
,|||99|||15|||81|||320
defvert_add_index_notest|||1|||4|||154|||321
exp|||2|||10|||139|||321
pow|||1|||11|||198|||321
-|||12|||13|||118|||321
-|||13|||13|||148|||321
UINT_MIN|||1|||14|||173|||321
Min|||2|||14|||175|||321
,|||5|||3|||17|||322
,|||6|||3|||19|||322
,|||23|||5|||12|||322
,|||38|||8|||17|||322
,|||59|||11|||43|||322
,|||60|||11|||45|||322
,|||85|||14|||26|||322
,|||86|||14|||28|||322
,|||97|||15|||18|||322
,|||105|||16|||30|||322
,|||125|||17|||32|||322
,|||126|||17|||34|||322
,|||127|||17|||36|||322
,|||128|||17|||38|||322
,|||129|||17|||40|||322
1|||1|||0|||29|||323
1|||2|||0|||56|||323
1|||3|||0|||89|||323
1|||4|||2|||45|||323
1|||5|||2|||60|||323
1|||6|||3|||103|||323
1|||7|||6|||115|||323
1|||8|||6|||133|||323
1|||9|||8|||24|||323
1|||10|||8|||37|||323
1|||11|||8|||75|||323
1|||12|||9|||61|||323
1|||13|||9|||134|||323
1|||14|||11|||181|||323
1|||15|||11|||212|||323
1|||16|||11|||239|||323
1|||17|||12|||23|||323
1|||18|||12|||41|||323
1|||19|||13|||70|||323
1|||20|||13|||76|||323
1|||21|||13|||89|||323
1|||22|||13|||95|||323
1|||23|||13|||107|||323
1|||24|||13|||137|||323
1|||25|||21|||16|||323
1|||26|||21|||39|||323
1|||27|||21|||54|||323
1|||28|||21|||84|||323
1|||29|||21|||102|||323
1|||30|||23|||29|||323
1|||31|||23|||88|||323
1|||32|||24|||93|||323
true|||1|||25|||84|||323
1|||33|||25|||109|||323
true|||2|||25|||197|||323
(|||2|||0|||25|||324
(|||10|||1|||27|||324
(|||20|||3|||38|||324
(|||41|||6|||42|||324
(|||48|||7|||30|||324
(|||83|||11|||49|||324
(|||93|||11|||246|||324
(|||138|||15|||22|||324
(|||177|||19|||24|||324
(|||218|||25|||21|||324
(|||224|||25|||87|||324
int|||20|||8|||11|||325
int|||66|||18|||8|||325
(|||99|||12|||79|||326
(|||130|||14|||205|||326
(|||131|||14|||223|||326
(|||132|||14|||245|||326
(|||136|||14|||301|||326
"|||24|||16|||247|||326
(|||173|||17|||221|||326
(|||204|||23|||85|||326
;|||9|||1|||20|||327
;|||23|||3|||26|||327
;|||24|||3|||31|||327
;|||25|||3|||36|||327
;|||53|||5|||27|||327
;|||54|||5|||39|||327
;|||145|||12|||24|||327
(|||144|||16|||45|||327
;|||283|||23|||32|||327
;|||33|||3|||86|||328
;|||60|||5|||104|||328
;|||71|||6|||120|||328
;|||89|||9|||62|||328
;|||178|||14|||158|||328
int|||61|||16|||163|||328
(|||157|||16|||218|||328
;|||233|||17|||93|||328
;|||236|||17|||121|||328
;|||273|||21|||107|||328
;|||310|||25|||98|||328
,|||21|||4|||159|||329
,|||76|||13|||114|||329
,|||78|||13|||125|||329
,|||80|||13|||144|||329
,|||135|||17|||168|||329
,|||136|||17|||170|||329
,|||137|||17|||172|||329
,|||140|||17|||183|||329
,|||142|||17|||194|||329
,|||143|||17|||196|||329
,|||145|||17|||209|||329
,|||146|||17|||211|||329
value|||1|||7|||11|||330
value|||2|||7|||27|||330
0|||2|||1|||24|||331
0|||4|||2|||8|||331
0|||5|||2|||13|||331
0|||15|||5|||15|||331
0|||20|||7|||17|||331
0|||22|||9|||25|||331
0|||23|||10|||28|||331
0|||34|||12|||27|||331
0|||43|||14|||44|||331
,|||1|||0|||9|||332
,|||4|||3|||9|||332
,|||7|||4|||6|||332
,|||26|||6|||9|||332
,|||49|||11|||6|||332
,|||83|||14|||8|||332
,|||95|||15|||5|||332
,|||101|||16|||10|||332
,|||119|||17|||6|||332
,|||149|||19|||8|||332
,|||156|||23|||6|||332
,|||19|||4|||129|||333
,|||20|||4|||157|||333
,|||42|||9|||106|||333
,|||44|||9|||179|||333
,|||77|||13|||123|||333
,|||79|||13|||142|||333
,|||81|||13|||153|||333
,|||82|||13|||155|||333
,|||94|||14|||283|||333
,|||134|||17|||166|||333
,|||138|||17|||179|||333
,|||139|||17|||181|||333
,|||141|||17|||192|||333
,|||163|||25|||106|||333
,|||164|||25|||108|||333
dws|||1|||4|||13|||334
output|||1|||10|||19|||334
gray|||1|||23|||15|||334
gray|||2|||23|||83|||334
"|||2|||7|||75|||335
)|||143|||16|||42|||335
;|||206|||16|||72|||335
fid|||5|||16|||88|||335
(|||148|||16|||105|||335
{|||65|||16|||123|||335
}|||64|||16|||175|||335
,|||118|||16|||244|||335
"|||26|||21|||134|||335
)|||198|||21|||150|||335
(|||179|||19|||98|||336
(|||180|||19|||103|||336
Chunk|||1|||25|||11|||337
Settings|||1|||25|||15|||337
(|||1|||0|||4|||338
(|||8|||1|||4|||338
(|||12|||2|||2|||338
(|||16|||3|||2|||338
(|||26|||4|||2|||338
(|||35|||5|||2|||338
(|||40|||6|||2|||338
(|||46|||7|||2|||338
(|||51|||8|||2|||338
(|||55|||9|||2|||338
(|||73|||10|||6|||338
(|||82|||11|||2|||338
(|||96|||12|||2|||338
(|||103|||13|||3|||338
(|||114|||14|||2|||338
(|||137|||15|||2|||338
(|||142|||16|||2|||338
(|||161|||17|||2|||338
(|||174|||18|||2|||338
(|||176|||19|||2|||338
(|||188|||20|||3|||338
(|||189|||21|||2|||338
(|||199|||22|||2|||338
(|||201|||23|||3|||338
(|||206|||24|||2|||338
(|||217|||25|||10|||338
=|||7|||1|||23|||339
=|||63|||10|||32|||339
=|||105|||14|||43|||339
8|||2|||0|||81|||340
sizeof|||1|||5|||54|||340
sqrtf|||1|||6|||97|||340
exp|||1|||10|||83|||340
sizeof|||2|||15|||82|||340
(|||60|||9|||53|||341
(|||84|||11|||79|||341
(|||105|||13|||48|||341
(|||119|||14|||78|||341
(|||162|||17|||71|||341
WEBP_SWAP_16BIT_CSP|||1|||24|||91|||342
*|||71|||14|||116|||343
*|||96|||17|||146|||343
*|||109|||23|||51|||343
*|||114|||24|||37|||343
*|||115|||24|||96|||343
*|||116|||24|||103|||343
*|||117|||24|||110|||343
*|||118|||24|||116|||343
▁|||5|||12|||96|||344
▁|||7|||12|||101|||344
▁|||8|||12|||103|||344
▁|||9|||12|||105|||344
▁|||11|||12|||110|||344
)|||147|||16|||102|||344
for|||40|||16|||124|||344
;|||215|||16|||174|||344
fid|||10|||16|||243|||344
col|||1|||11|||72|||345
col|||2|||11|||162|||345
row|||2|||11|||184|||345
<|||26|||14|||156|||346
<|||30|||16|||145|||346
<|||44|||25|||120|||346
=|||1|||0|||21|||347
=|||3|||0|||47|||347
=|||15|||2|||81|||347
=|||17|||3|||57|||347
=|||18|||3|||64|||347
=|||19|||3|||71|||347
=|||50|||8|||61|||347
=|||51|||8|||74|||347
=|||123|||15|||39|||347
=|||140|||18|||31|||347
=|||153|||21|||30|||347
=|||180|||25|||83|||347
,|||98|||15|||79|||348
probs|||1|||11|||31|||349
boxes|||1|||11|||35|||349
only_objectness|||1|||11|||38|||349
fields|||1|||13|||18|||349
fid|||1|||16|||26|||349
hist|||1|||19|||20|||349
pIndexed|||1|||23|||5|||349
settings|||1|||25|||17|||349
j|||4|||2|||39|||350
j|||12|||3|||87|||350
*|||89|||16|||233|||350
j|||65|||22|||30|||350
{|||1|||0|||16|||351
{|||10|||3|||14|||351
{|||13|||4|||40|||351
{|||22|||6|||26|||351
{|||31|||9|||21|||351
{|||37|||10|||21|||351
{|||41|||11|||40|||351
{|||49|||13|||26|||351
{|||54|||14|||16|||351
{|||60|||15|||12|||351
{|||63|||16|||23|||351
{|||71|||17|||29|||351
{|||78|||19|||22|||351
{|||92|||23|||17|||351
{|||95|||24|||15|||351
{|||97|||25|||19|||351
w|||1|||4|||59|||352
w|||2|||4|||103|||352
w|||3|||4|||121|||352
dw|||3|||4|||130|||352
w|||4|||4|||140|||352
w|||5|||4|||149|||352
w|||6|||4|||160|||352
w|||8|||11|||167|||352
w|||10|||11|||216|||352
"|||8|||16|||41|||352
0|||6|||2|||23|||353
0|||7|||2|||33|||353
0|||21|||7|||33|||353
0|||50|||15|||25|||353
0|||57|||17|||74|||353
0|||69|||22|||24|||353
0|||72|||25|||25|||353
int|||3|||2|||5|||354
int|||4|||2|||10|||354
int|||13|||5|||10|||354
int|||18|||7|||14|||354
int|||21|||8|||15|||354
int|||41|||12|||5|||354
int|||42|||12|||8|||354
int|||75|||21|||5|||354
int|||82|||22|||17|||354
int|||85|||23|||26|||354
)|||12|||2|||3|||355
)|||189|||21|||3|||355
characters|||1|||0|||1|||356
odefun|||1|||3|||1|||356
inner|||1|||25|||2|||356
iterations|||1|||25|||3|||356
of|||1|||25|||4|||356
PPCG|||1|||25|||6|||356
solver|||1|||25|||7|||356
NULL|||1|||4|||114|||357
0|||29|||11|||159|||357
0|||48|||14|||233|||357
{|||64|||16|||50|||357
++|||32|||16|||135|||357
0|||66|||21|||70|||357
0|||68|||21|||119|||357
.|||3|||5|||21|||358
.|||4|||5|||25|||358
.|||6|||5|||33|||358
.|||11|||5|||70|||358
.|||12|||5|||78|||358
.|||13|||5|||86|||358
.|||14|||5|||102|||358
.|||15|||5|||110|||358
Min|||1|||14|||98|||359
100000|||1|||19|||65|||359
buffer|||3|||7|||79|||360
i|||85|||7|||81|||360
;|||78|||7|||86|||360
,|||65|||12|||113|||360
,|||68|||12|||135|||360
%|||11|||16|||109|||360
=|||126|||16|||127|||360
\n|||9|||16|||246|||360
;|||275|||21|||138|||360
-|||1|||0|||34|||361
-|||2|||0|||71|||361
-|||3|||0|||88|||361
-|||6|||9|||58|||361
-|||8|||10|||33|||361
-|||15|||19|||91|||361
-|||16|||23|||84|||361
j|||8|||2|||79|||362
j|||13|||3|||100|||362
j|||14|||3|||124|||362
j|||15|||3|||141|||362
j|||28|||11|||275|||362
j|||34|||14|||102|||362
j|||61|||21|||81|||362
float|||10|||6|||18|||363
float|||15|||10|||17|||363
float|||20|||11|||28|||363
}|||14|||4|||142|||364
}|||20|||5|||124|||364
}|||38|||10|||97|||364
}|||41|||11|||296|||364
}|||54|||14|||128|||364
}|||55|||14|||140|||364
}|||86|||21|||125|||364
(|||198|||21|||142|||364
"|||27|||21|||143|||364
}|||92|||23|||112|||364
}|||93|||23|||113|||364
,|||2|||0|||12|||365
,|||8|||4|||9|||365
,|||27|||6|||13|||365
,|||31|||7|||9|||365
,|||37|||8|||10|||365
,|||41|||9|||16|||365
,|||51|||11|||12|||365
,|||84|||14|||11|||365
,|||96|||15|||8|||365
,|||102|||16|||13|||365
,|||120|||17|||10|||365
,|||150|||19|||12|||365
,|||155|||22|||12|||365
,|||157|||23|||10|||365
,|||158|||23|||13|||365
]|||10|||2|||72|||366
]|||17|||3|||101|||366
]|||18|||3|||110|||366
]|||24|||3|||142|||366
]|||33|||3|||206|||366
]|||34|||4|||64|||366
]|||36|||4|||81|||366
]|||39|||5|||90|||366
]|||41|||5|||122|||366
]|||49|||6|||139|||366
]|||58|||9|||77|||366
]|||63|||9|||189|||366
]|||66|||9|||221|||366
]|||68|||10|||64|||366
]|||69|||10|||88|||366
]|||72|||11|||122|||366
]|||81|||11|||276|||366
]|||88|||14|||35|||366
]|||96|||15|||72|||366
]|||101|||19|||46|||366
]|||102|||19|||54|||366
]|||103|||19|||77|||366
]|||104|||19|||85|||366
]|||114|||22|||42|||366
]|||115|||23|||24|||366
]|||116|||23|||63|||366
)|||33|||4|||152|||367
)|||66|||9|||139|||367
)|||124|||14|||161|||367
)|||151|||16|||150|||367
)|||152|||16|||164|||367
)|||168|||17|||159|||367
)|||226|||25|||127|||367
)|||227|||25|||136|||367
if|||10|||11|||297|||368
if|||14|||14|||199|||368
if|||15|||14|||287|||368
if|||25|||25|||61|||368
if|||27|||25|||173|||368
;|||44|||4|||65|||369
;|||165|||14|||36|||369
;|||249|||19|||47|||369
;|||250|||19|||55|||369
;|||282|||23|||25|||369
;|||287|||23|||54|||369
;|||288|||23|||64|||369
;|||297|||24|||40|||369
square|||2|||11|||208|||370
?|||3|||11|||209|||370
2|||2|||11|||210|||370
square|||3|||11|||235|||370
?|||4|||11|||236|||370
2|||3|||11|||237|||370
float|||12|||9|||9|||371
uint|||1|||14|||12|||371
float|||1|||3|||3|||372
float|||6|||5|||56|||372
float|||13|||10|||7|||372
float|||18|||11|||3|||372
float|||35|||22|||3|||372
;|||36|||3|||128|||373
;|||91|||9|||91|||373
;|||115|||10|||119|||373
;|||129|||11|||146|||373
;|||152|||12|||86|||373
;|||180|||14|||197|||373
;|||237|||17|||143|||373
;|||257|||19|||131|||373
;|||258|||19|||139|||373
;|||311|||25|||111|||373
&|||4|||9|||112|||374
&|||15|||25|||48|||374
&|||16|||25|||140|||374
r|||1|||9|||101|||375
r|||2|||9|||118|||375
r|||3|||9|||174|||375
r|||4|||9|||191|||375
1L|||1|||19|||160|||375
r|||5|||23|||40|||375
}|||58|||14|||297|||376
"|||11|||16|||80|||376
=|||21|||3|||92|||377
=|||22|||3|||106|||377
=|||75|||11|||94|||377
=|||76|||11|||103|||377
=|||78|||11|||126|||377
=|||84|||11|||261|||377
=|||163|||23|||50|||377
+=|||8|||14|||190|||378
+=|||9|||14|||213|||378
+=|||10|||14|||217|||378
+=|||11|||14|||269|||378
=|||119|||14|||279|||379
x1|||1|||19|||41|||379
=|||142|||19|||42|||379
=|||145|||19|||73|||379
float|||3|||4|||31|||380
float|||4|||4|||37|||380
float|||23|||17|||15|||380
float|||24|||17|||18|||380
paddingSize|||1|||0|||14|||381
paddingSize|||2|||0|||33|||381
paddingSize|||3|||0|||70|||381
tp|||1|||14|||14|||381
unsigned|||1|||0|||5|||382
unsigned|||2|||0|||76|||382
long|||1|||14|||24|||382
long|||3|||14|||55|||382
uint|||2|||14|||169|||382
uint|||3|||14|||180|||382
long|||4|||19|||17|||382
update_ghost_nodes|||1|||3|||22|||383
indices|||1|||4|||21|||383
calloc|||1|||5|||44|||383
softmax_array|||1|||10|||5|||383
zero_array|||1|||18|||1|||383
SRSLTE_SIMD_CF_SIZE|||1|||9|||28|||384
SRSLTE_SIMD_CF_SIZE|||2|||9|||30|||384
SRSLTE_SIMD_F_SIZE|||1|||9|||32|||384
SRSLTE_SIMD_CF_SIZE|||3|||9|||59|||384
SRSLTE_SIMD_CF_SIZE|||4|||9|||65|||384
SRSLTE_SIMD_CF_SIZE|||5|||9|||132|||384
SRSLTE_SIMD_CF_SIZE|||6|||9|||138|||384
X_SIZEOF_USHORT|||1|||14|||20|||385
SIZEOF_USHORT|||1|||14|||22|||385
SIZEOF_USHORT|||2|||14|||75|||385
SIZEOF_USHORT|||3|||14|||121|||385
X_SIZEOF_USHORT|||2|||14|||270|||385
dataBlockSize|||3|||0|||43|||386
time_step|||1|||3|||4|||386
time_step|||3|||3|||34|||386
rem_thresh|||1|||4|||38|||386
x_size|||1|||13|||21|||386
y_size|||1|||13|||24|||386
width|||1|||17|||37|||386
src_end|||1|||24|||20|||386
src_end|||2|||24|||30|||386
num_chunks_per_rank|||1|||25|||31|||386
kernel_language|||1|||25|||41|||386
->|||3|||3|||46|||387
->|||7|||3|||173|||387
->|||9|||4|||137|||387
->|||10|||17|||55|||387
->|||11|||17|||61|||387
->|||12|||17|||67|||387
->|||13|||23|||59|||387
;|||93|||9|||109|||388
;|||99|||9|||172|||388
;|||131|||11|||190|||388
;|||153|||12|||118|||388
;|||179|||14|||188|||388
(|||155|||16|||190|||388
;|||239|||17|||175|||388
;|||240|||17|||188|||388
rcpb|||1|||9|||93|||389
rcpb|||2|||9|||107|||389
rcpb|||3|||9|||166|||389
rcpb|||4|||9|||180|||389
0.0f|||1|||4|||105|||390
1.0f|||1|||4|||107|||390
2.0f|||1|||6|||71|||390
1.0f|||2|||19|||126|||390
1.0f|||3|||19|||130|||390
180.0f|||1|||19|||146|||390
4.0f|||1|||19|||154|||390
)|||17|||3|||25|||391
)|||203|||23|||79|||391
)|||204|||23|||89|||391
)|||208|||24|||50|||391
)|||209|||24|||53|||391
)|||210|||24|||60|||391
)|||211|||24|||63|||391
i|||2|||0|||31|||392
i|||12|||1|||32|||392
i|||26|||3|||43|||392
i|||46|||4|||50|||392
i|||54|||5|||67|||392
i|||58|||5|||99|||392
i|||63|||6|||47|||392
i|||81|||7|||35|||392
i|||112|||10|||42|||392
i|||127|||11|||54|||392
i|||137|||12|||43|||392
i|||149|||15|||48|||392
j|||49|||16|||213|||392
i|||163|||18|||19|||392
i|||167|||19|||30|||392
i|||176|||21|||41|||392
i|||180|||21|||104|||392
=|||10|||2|||7|||393
=|||12|||2|||18|||393
=|||48|||8|||23|||393
=|||91|||12|||40|||393
=|||99|||13|||36|||393
=|||139|||18|||16|||393
=|||152|||21|||15|||393
=|||159|||22|||23|||393
0|||1|||1|||0|||394
,|||108|||16|||89|||394
fid|||6|||16|||106|||394
copy0|||1|||22|||1|||394
0xf0|||1|||24|||52|||394
0xf0|||2|||24|||76|||394
FIELD_SD|||1|||25|||81|||394
▁|||22|||16|||159|||395
int|||62|||16|||228|||395
<|||4|||3|||44|||396
<|||6|||4|||51|||396
<|||10|||6|||48|||396
<|||16|||10|||43|||396
<|||19|||11|||55|||396
<|||22|||12|||44|||396
<|||28|||15|||49|||396
temp_sol|||1|||3|||8|||397
step_sol|||1|||3|||12|||397
write_graphics|||1|||16|||1|||397
mri_std|||1|||17|||27|||397
rand_r|||1|||19|||15|||397
i|||34|||3|||131|||398
i|||37|||3|||153|||398
i|||40|||3|||181|||398
i|||77|||6|||131|||398
i|||102|||9|||149|||398
i|||124|||10|||143|||398
x|||12|||17|||167|||398
x|||13|||17|||180|||398
)|||5|||0|||84|||399
schedule(static)|||2|||6|||76|||399
)|||99|||12|||83|||399
)|||118|||14|||73|||399
MRI|||1|||17|||3|||400
MRI|||2|||17|||7|||400
MRI|||3|||17|||11|||400
MRI|||4|||17|||21|||400
MRI|||5|||17|||25|||400
-1|||1|||3|||169|||401
-1|||2|||3|||187|||401
x1|||2|||19|||99|||401
y1|||2|||19|||104|||401
x1|||3|||19|||109|||401
y1|||3|||19|||114|||401
int|||6|||3|||74|||402
int|||36|||11|||92|||402
int|||37|||11|||101|||402
int|||79|||21|||92|||402
,|||18|||4|||106|||403
,|||45|||9|||190|||403
,|||64|||12|||102|||403
,|||66|||12|||115|||403
,|||73|||13|||77|||403
,|||87|||14|||103|||403
,|||132|||17|||106|||403
,|||133|||17|||108|||403
,|||162|||25|||55|||403
i|||22|||2|||68|||404
i|||23|||2|||76|||404
i|||35|||3|||138|||404
i|||36|||3|||148|||404
i|||41|||3|||194|||404
i|||42|||3|||199|||404
i|||43|||3|||205|||404
i|||93|||8|||69|||404
x|||14|||17|||193|||404
x|||15|||17|||208|||404
i|||182|||21|||116|||404
&&|||1|||1|||35|||405
&&|||4|||9|||29|||405
&&|||5|||9|||40|||405
&&|||6|||9|||45|||405
&&|||7|||12|||66|||405
&&|||8|||12|||145|||405
&&|||9|||14|||19|||405
&&|||10|||14|||86|||405
[|||51|||7|||62|||406
!|||1|||7|||67|||406
[|||52|||7|||70|||406
▁|||4|||12|||92|||406
▁|||6|||12|||98|||406
▁|||10|||12|||107|||406
▁|||12|||12|||124|||406
▁|||13|||12|||128|||406
▁|||14|||12|||130|||406
was|||1|||16|||58|||406
not|||1|||16|||60|||406
created|||1|||16|||62|||406
opened|||1|||16|||64|||406
writing|||1|||16|||68|||406
"|||10|||16|||70|||406
return|||1|||3|||209|||407
return|||2|||5|||125|||407
return|||3|||12|||139|||407
return|||4|||14|||230|||407
return|||5|||14|||308|||407
fid|||4|||16|||78|||407
return|||7|||17|||220|||407
return|||8|||20|||8|||407
return|||9|||22|||45|||407
return|||10|||23|||114|||407
)|||3|||0|||64|||408
)|||10|||1|||46|||408
)|||20|||3|||51|||408
)|||27|||4|||56|||408
)|||38|||5|||75|||408
)|||74|||10|||48|||408
)|||83|||11|||62|||408
)|||97|||12|||49|||408
)|||104|||13|||45|||408
)|||139|||15|||54|||408
)|||178|||19|||69|||408
)|||192|||21|||62|||408
#endif|||1|||9|||196|||409
endif|||1|||14|||312|||409
}|||59|||14|||313|||409
#endif|||2|||24|||122|||409
;|||30|||3|||73|||410
;|||31|||3|||76|||410
;|||187|||14|||257|||410
;|||271|||21|||96|||410
;|||308|||25|||85|||410
;|||20|||2|||73|||411
;|||45|||4|||82|||411
;|||46|||4|||100|||411
;|||66|||6|||72|||411
;|||169|||14|||66|||411
(|||146|||16|||77|||411
;|||289|||23|||70|||411
;|||290|||23|||80|||411
;|||291|||23|||90|||411
;|||298|||24|||64|||411
index|||3|||3|||109|||412
index|||5|||11|||149|||412
index|||6|||11|||171|||412
index|||7|||11|||193|||412
box_index|||4|||11|||202|||412
index|||8|||11|||220|||412
box_index|||5|||11|||229|||412
index|||9|||11|||280|||412
index|||10|||11|||304|||412
int|||38|||11|||124|||413
long|||2|||14|||51|||413
nodes|||1|||1|||14|||414
buffersize|||1|||7|||8|||414
buffersize|||2|||7|||37|||414
}|||25|||7|||92|||414
NC_ERANGE|||1|||14|||237|||415
DiagBreak|||1|||17|||140|||415
acosf|||1|||19|||135|||415
stderr|||1|||7|||55|||416
,|||32|||7|||56|||416
stderr|||2|||12|||89|||416
,|||63|||12|||90|||416
stderr|||3|||12|||121|||416
,|||67|||12|||122|||416
;|||79|||7|||90|||417
i|||95|||9|||55|||417
i|||96|||9|||63|||417
i|||100|||9|||128|||417
i|||101|||9|||136|||417
(|||80|||10|||121|||418
(|||124|||14|||150|||418
(|||133|||14|||259|||418
(|||165|||17|||113|||418
boxes|||2|||11|||147|||419
boxes|||3|||11|||169|||419
boxes|||4|||11|||191|||419
boxes|||5|||11|||218|||419
settings|||4|||25|||56|||419
settings|||9|||25|||107|||419
settings|||12|||25|||148|||419
xpp|||2|||14|||64|||420
xpp|||4|||14|||138|||420
mri|||1|||17|||5|||420
mri|||2|||17|||54|||420
mri|||3|||17|||60|||420
mri|||4|||17|||66|||420
mri|||5|||17|||165|||420
src|||2|||24|||22|||420
src|||4|||24|||38|||420
j|||6|||2|||63|||421
j|||16|||3|||156|||421
j|||23|||8|||72|||421
j|||29|||11|||283|||421
j|||40|||15|||58|||421
j|||41|||15|||66|||421
fclose|||1|||16|||252|||421
j|||59|||21|||66|||421
j|||60|||21|||75|||421
num|||2|||4|||52|||422
n|||2|||6|||49|||422
n|||3|||6|||87|||422
n|||4|||6|||119|||422
n|||6|||8|||28|||422
n|||7|||8|||41|||422
n|||8|||10|||12|||422
n|||9|||10|||44|||422
n|||10|||10|||75|||422
n|||11|||10|||128|||422
num|||4|||11|||86|||422
start|||2|||19|||28|||422
start|||3|||19|||32|||422
nx|||2|||22|||28|||422
num|||10|||23|||44|||422
(|||30|||4|||111|||423
(|||31|||4|||118|||423
(|||78|||10|||99|||423
(|||110|||13|||131|||423
(|||121|||14|||108|||423
(|||184|||19|||123|||423
(|||196|||21|||113|||423
(|||205|||23|||98|||423
int|||34|||11|||64|||424
int|||35|||11|||71|||424
{|||26|||7|||52|||425
{|||28|||8|||46|||425
{|||33|||9|||67|||425
{|||50|||13|||46|||425
(|||145|||16|||52|||425
{|||67|||16|||151|||425
{|||84|||21|||48|||425
{|||85|||21|||63|||425
{|||87|||21|||111|||425
{|||96|||24|||32|||425
{|||98|||25|||36|||425
<|||1|||1|||33|||426
<|||11|||6|||86|||426
<|||12|||7|||36|||426
<|||13|||9|||56|||426
<|||17|||10|||74|||426
<|||21|||11|||252|||426
<|||24|||13|||55|||426
<|||25|||14|||84|||426
<|||33|||17|||77|||426
<|||37|||19|||31|||426
<|||38|||19|||64|||426
<|||39|||22|||27|||426
<|||42|||25|||28|||426
i|||55|||5|||74|||427
i|||113|||10|||47|||427
i|||122|||10|||131|||427
i|||173|||21|||23|||427
pp|||3|||25|||100|||427
[|||34|||4|||62|||428
[|||35|||4|||72|||428
[|||36|||4|||76|||428
[|||94|||15|||62|||428
[|||116|||23|||61|||428
:|||1|||4|||79|||429
:|||2|||4|||93|||429
▁|||1|||7|||61|||429
:|||4|||11|||211|||429
:|||5|||11|||238|||429
:|||6|||11|||293|||429
:|||7|||14|||236|||429
(|||50|||7|||54|||430
(|||100|||12|||88|||430
(|||101|||12|||120|||430
(|||122|||14|||113|||430
The|||1|||16|||54|||430
d|||8|||16|||95|||430
;|||210|||16|||116|||430
i|||157|||16|||167|||430
0|||55|||16|||193|||430
i|||161|||16|||236|||430
(|||197|||21|||129|||430
d|||13|||21|||145|||430
&&|||2|||4|||120|||431
&&|||3|||4|||148|||431
&&|||11|||17|||131|||431
&&|||12|||17|||135|||431
&&|||13|||17|||155|||431
++|||1|||0|||38|||432
++|||2|||0|||63|||432
++|||3|||1|||45|||432
--|||1|||2|||26|||432
++|||4|||2|||40|||432
++|||5|||3|||50|||432
++|||6|||3|||88|||432
++|||7|||4|||55|||432
++|||8|||5|||73|||432
++|||10|||5|||105|||432
++|||12|||6|||52|||432
++|||13|||6|||90|||432
++|||14|||6|||122|||432
++|||15|||7|||40|||432
++|||16|||8|||31|||432
++|||17|||8|||44|||432
++|||18|||9|||205|||432
++|||19|||10|||46|||432
++|||20|||10|||77|||432
++|||21|||10|||130|||432
++|||22|||11|||60|||432
++|||23|||11|||88|||432
++|||24|||11|||255|||432
++|||25|||12|||48|||432
++|||26|||13|||44|||432
++|||27|||13|||59|||432
++|||28|||14|||160|||432
++|||30|||15|||31|||432
++|||31|||15|||52|||432
,|||116|||16|||220|||432
data_rows|||5|||16|||234|||432
++|||36|||17|||81|||432
++|||37|||17|||95|||432
++|||38|||17|||123|||432
++|||41|||18|||24|||432
++|||42|||19|||36|||432
++|||43|||19|||67|||432
++|||44|||21|||22|||432
++|||45|||21|||46|||432
++|||46|||21|||60|||432
++|||47|||21|||109|||432
++|||49|||22|||31|||432
--|||3|||23|||45|||432
++|||55|||25|||33|||432
++|||56|||25|||99|||432
++|||57|||25|||125|||432
;|||216|||16|||184|||433
}|||66|||16|||186|||433
(|||160|||16|||253|||433
)|||160|||16|||255|||433
)|||6|||0|||90|||434
)|||22|||3|||170|||434
)|||24|||3|||188|||434
)|||89|||11|||213|||434
)|||90|||11|||214|||434
schedule(static,1)|||1|||12|||33|||434
)|||102|||12|||144|||434
simd_cf_t|||1|||9|||68|||435
simd_f_t|||1|||9|||80|||435
simd_f_t|||2|||9|||92|||435
simd_cf_t|||2|||9|||100|||435
simd_cf_t|||3|||9|||141|||435
simd_f_t|||3|||9|||153|||435
simd_f_t|||4|||9|||165|||435
simd_cf_t|||4|||9|||173|||435
CARD32|||1|||23|||55|||435
uint32_t|||3|||24|||34|||435
uint8_t|||2|||24|||42|||435
uint8_t|||3|||24|||66|||435
(|||63|||9|||96|||436
(|||68|||9|||157|||436
srslte_simd_f_rcp|||2|||9|||168|||436
(|||69|||9|||169|||436
(|||70|||9|||177|||436
(|||113|||13|||151|||436
(|||187|||19|||153|||436
(|||225|||25|||104|||436
paddingChar|||1|||0|||3|||437
FindBestGray|||1|||23|||2|||437
[|||6|||2|||51|||438
[|||8|||2|||62|||438
[|||10|||2|||70|||438
[|||17|||3|||99|||438
[|||21|||3|||123|||438
[|||55|||8|||58|||438
for|||6|||3|||37|||439
for|||8|||4|||44|||439
for|||9|||5|||61|||439
for|||23|||10|||36|||439
for|||25|||10|||120|||439
for|||27|||11|||78|||439
for|||28|||11|||245|||439
for|||34|||14|||77|||439
for|||35|||14|||149|||439
for|||44|||17|||70|||439
for|||46|||17|||112|||439
for|||49|||19|||56|||439
for|||56|||25|||86|||439
for|||13|||6|||75|||440
\n|||4|||16|||69|||440
)|||145|||16|||71|||440
)|||36|||5|||58|||441
)|||58|||9|||49|||441
)|||91|||11|||240|||441
)|||108|||13|||127|||441
)|||111|||13|||146|||441
)|||112|||13|||157|||441
)|||140|||15|||85|||441
)|||187|||19|||157|||441
]|||1|||0|||20|||442
]|||105|||19|||158|||442
i|||13|||1|||36|||443
src|||3|||24|||28|||443
=|||28|||4|||139|||444
=|||36|||5|||116|||444
=|||170|||23|||109|||444
=|||175|||24|||100|||444
=|||176|||24|||106|||444
=|||177|||24|||113|||444
=|||178|||24|||119|||444
=|||183|||25|||196|||444
?|||5|||11|||291|||445
,|||43|||9|||117|||446
,|||61|||11|||206|||446
,|||74|||13|||96|||446
,|||90|||14|||174|||446
,|||91|||14|||178|||446
,|||92|||14|||267|||446
,|||93|||14|||271|||446
(|||154|||16|||177|||446
,|||165|||25|||147|||446
,|||166|||25|||149|||446
,|||167|||25|||159|||446
)|||1|||0|||15|||447
)|||40|||6|||25|||447
)|||55|||9|||20|||447
)|||82|||11|||39|||447
)|||103|||13|||25|||447
)|||114|||14|||15|||447
)|||161|||17|||28|||447
)|||176|||19|||21|||447
)|||206|||24|||14|||447
)|||217|||25|||18|||447
char|||2|||0|||77|||448
char|||5|||7|||25|||448
ushort|||4|||14|||206|||448
char|||8|||14|||247|||448
void|||15|||14|||303|||448
(|||13|||2|||16|||449
(|||52|||8|||21|||449
(|||72|||9|||198|||449
(|||151|||16|||139|||449
(|||175|||18|||13|||449
(|||190|||21|||12|||449
(|||200|||22|||21|||449
i|||65|||6|||56|||450
i|||71|||6|||94|||450
}|||7|||2|||85|||451
}|||8|||2|||86|||451
}|||42|||11|||312|||451
}|||43|||11|||313|||451
}|||44|||11|||314|||451
}|||51|||13|||160|||451
}|||52|||13|||161|||451
=|||8|||1|||29|||452
=|||13|||2|||32|||452
=|||16|||3|||40|||452
=|||24|||4|||47|||452
=|||33|||5|||64|||452
=|||37|||6|||44|||452
=|||39|||6|||82|||452
=|||45|||7|||32|||452
=|||49|||8|||36|||452
=|||64|||10|||39|||452
=|||66|||10|||70|||452
=|||71|||11|||51|||452
=|||74|||11|||81|||452
=|||83|||11|||248|||452
=|||100|||13|||51|||452
=|||109|||14|||80|||452
=|||122|||15|||24|||452
=|||124|||15|||45|||452
=|||127|||16|||141|||452
=|||133|||17|||73|||452
=|||144|||19|||60|||452
=|||154|||21|||38|||452
=|||155|||21|||53|||452
;|||175|||14|||127|||453
;|||184|||14|||228|||453
;|||261|||20|||14|||453
get_maxnodes|||1|||1|||16|||454
update_halo_kernel3_minus_4_b_c_wrapper|||1|||13|||2|||454
mri_dof|||1|||17|||13|||454
ppcg_inner_iterations|||1|||25|||9|||454
ppcg_inner_steps|||1|||25|||97|||454
run_ppcg_inner_iteration|||1|||25|||138|||454
+|||1|||0|||44|||455
+|||2|||0|||69|||455
+|||3|||2|||59|||455
+|||5|||3|||202|||455
+|||8|||6|||64|||455
+|||9|||6|||135|||455
+|||10|||9|||60|||455
+|||11|||9|||133|||455
+|||23|||11|||203|||455
+|||24|||11|||230|||455
+|||25|||11|||274|||455
{|||68|||16|||188|||455
}|||70|||16|||257|||455
+|||35|||21|||83|||455
node_no|||1|||1|||21|||456
#if|||1|||9|||27|||456
#if|||2|||14|||17|||456
_SX|||1|||14|||18|||456
#else|||1|||14|||239|||456
;|||37|||3|||145|||457
;|||92|||9|||99|||457
;|||98|||9|||164|||457
;|||130|||11|||168|||457
;|||137|||11|||277|||457
;|||154|||12|||138|||457
;|||259|||19|||147|||457
ENDCOM|||12|||24|||95|||457
)|||4|||0|||78|||458
)|||47|||7|||26|||458
)|||115|||14|||56|||458
)|||116|||14|||63|||458
)|||123|||14|||136|||458
)|||125|||14|||170|||458
)|||126|||14|||181|||458
)|||130|||14|||208|||458
)|||131|||14|||226|||458
)|||132|||14|||249|||458
)|||136|||14|||305|||458
"|||19|||16|||180|||458
;|||222|||16|||249|||458
)|||186|||19|||152|||458
[|||26|||3|||152|||459
[|||48|||6|||130|||459
[|||19|||3|||113|||460
[|||42|||6|||55|||460
[|||47|||6|||125|||460
%|||2|||7|||63|||460
[|||54|||8|||55|||460
[|||56|||8|||68|||460
[|||64|||9|||209|||460
[|||70|||10|||135|||460
[|||89|||14|||164|||460
[|||93|||15|||57|||460
[|||113|||22|||35|||460
[|||22|||3|||130|||461
[|||23|||3|||137|||461
[|||25|||3|||147|||461
[|||28|||3|||163|||461
[|||105|||19|||149|||461
=|||25|||4|||60|||462
=|||77|||11|||118|||462
=|||143|||19|||50|||462
=|||164|||23|||57|||462
=|||172|||24|||36|||462
,|||33|||7|||76|||463
\n|||2|||12|||111|||463
\n|||3|||12|||133|||463
return|||6|||16|||73|||463
,|||111|||16|||107|||463
(|||150|||16|||125|||463
i|||160|||16|||199|||463
,|||152|||21|||135|||463
]|||99|||18|||6|||464
]|||106|||21|||9|||464
]|||111|||22|||6|||464
]|||112|||22|||11|||464
]|||6|||2|||53|||465
]|||30|||3|||182|||465
]|||32|||3|||200|||465
]|||37|||4|||92|||465
]|||46|||6|||102|||465
]|||50|||7|||50|||465
)|||50|||7|||85|||465
]|||59|||9|||89|||465
]|||61|||9|||150|||465
]|||62|||9|||162|||465
]|||123|||25|||168|||465
dataBlockSize|||1|||0|||11|||466
num|||1|||4|||16|||466
n|||1|||6|||4|||466
n|||5|||8|||9|||466
classes|||1|||11|||8|||466
num|||3|||11|||11|||466
nelems|||1|||14|||10|||466
major|||1|||16|||18|||466
rows|||8|||19|||4|||466
start|||1|||19|||7|||466
nx|||1|||22|||14|||466
num|||9|||23|||12|||466
add_thresh|||2|||4|||151|||467
larger|||1|||12|||127|||467
is_larger|||5|||12|||136|||467
->|||1|||1|||39|||468
->|||2|||1|||49|||468
->|||4|||3|||94|||468
->|||5|||3|||118|||468
->|||6|||3|||135|||468
->|||8|||3|||191|||468
->|||14|||25|||30|||468
->|||15|||25|||40|||468
->|||16|||25|||64|||468
->|||17|||25|||78|||468
->|||18|||25|||96|||468
->|||19|||25|||122|||468
->|||20|||25|||132|||468
->|||21|||25|||176|||468
->|||22|||25|||191|||468
)|||2|||0|||39|||469
)|||13|||2|||27|||469
)|||14|||2|||41|||469
)|||48|||7|||41|||469
)|||52|||8|||32|||469
)|||53|||8|||45|||469
)|||72|||9|||206|||469
)|||93|||11|||257|||469
)|||138|||15|||33|||469
)|||175|||18|||25|||469
)|||200|||22|||32|||469
)|||202|||23|||46|||469
const|||1|||4|||18|||470
const|||11|||14|||302|||470
const|||12|||24|||3|||470
const|||15|||24|||33|||470
*|||10|||3|||171|||471
*|||12|||3|||189|||471
*|||46|||11|||139|||471
*|||61|||13|||88|||471
*|||62|||13|||92|||471
*|||63|||13|||94|||471
w|||9|||11|||196|||472
h|||3|||11|||223|||472
h|||4|||11|||243|||472
;|||97|||9|||152|||473
;|||126|||11|||100|||473
;|||127|||11|||115|||473
;|||150|||12|||68|||473
;|||173|||14|||106|||473
▁|||21|||16|||93|||473
;|||253|||19|||78|||473
;|||254|||19|||86|||473
;|||255|||19|||93|||473
;|||292|||23|||96|||473
;|||307|||25|||76|||473
[|||43|||6|||61|||474
[|||46|||6|||100|||474
[|||50|||7|||48|||474
,|||35|||7|||83|||474
[|||63|||9|||187|||474
[|||65|||9|||214|||474
[|||66|||9|||219|||474
[|||67|||10|||53|||474
[|||68|||10|||62|||474
[|||119|||25|||143|||474
[|||122|||25|||161|||474
#pragma|||8|||14|||141|||475
cdir|||1|||14|||142|||475
#pragma|||9|||14|||145|||475
cdir|||2|||14|||146|||475
shortloop|||1|||14|||147|||475
*|||39|||11|||57|||476
*|||41|||11|||105|||476
*|||42|||11|||107|||476
*|||54|||12|||81|||476
*|||68|||14|||57|||476
=|||106|||14|||48|||477
&|||1|||4|||70|||478
&|||8|||14|||71|||478
&|||9|||17|||100|||478
(|||9|||1|||17|||479
(|||19|||3|||33|||479
SRSLTE_IS_ALIGNED|||2|||9|||41|||479
(|||58|||9|||42|||479
SRSLTE_IS_ALIGNED|||3|||9|||46|||479
(|||59|||9|||47|||479
(|||98|||12|||63|||479
++|||9|||5|||82|||480
++|||11|||5|||114|||480
--|||2|||14|||266|||480
++|||29|||14|||273|||480
++|||39|||17|||148|||480
++|||40|||17|||214|||480
++|||48|||21|||123|||480
++|||50|||23|||53|||480
++|||51|||24|||39|||480
++|||52|||24|||105|||480
++|||53|||24|||112|||480
++|||54|||24|||118|||480
w|||7|||11|||20|||481
,|||54|||11|||21|||481
,|||55|||11|||24|||481
FLT_MAX|||1|||10|||34|||482
UINT_MAX|||2|||14|||196|||482
NC_NOERR|||1|||14|||235|||482
NC_NOERR|||2|||14|||256|||482
NC_NOERR|||3|||14|||291|||482
NO_ERROR|||1|||17|||222|||482
pif|||1|||19|||144|||482
28|||1|||24|||83|||482
FORTRAN|||2|||25|||179|||482
*|||44|||11|||128|||483
*|||45|||11|||130|||483
*|||48|||11|||166|||483
*|||49|||11|||188|||483
*|||53|||11|||270|||483
*|||104|||19|||145|||483
=|||23|||3|||166|||484
=|||38|||6|||58|||484
=|||56|||9|||102|||484
=|||79|||11|||153|||484
=|||80|||11|||175|||484
=|||81|||11|||197|||484
=|||86|||11|||285|||484
=|||104|||13|||147|||484
=|||114|||14|||167|||484
=|||138|||17|||162|||484
f|||1|||10|||1|||485
function|||1|||13|||0|||485
the|||1|||25|||1|||485
m1|||1|||5|||4|||486
m1|||2|||5|||24|||486
m1|||3|||5|||32|||486
m1|||4|||5|||46|||486
m1|||5|||5|||69|||486
m1|||6|||5|||85|||486
y1|||1|||19|||72|||486
,|||9|||4|||14|||487
,|||11|||4|||22|||487
,|||39|||9|||7|||487
,|||46|||10|||10|||487
,|||159|||24|||7|||487
real|||1|||3|||6|||488
float|||7|||6|||6|||488
float|||14|||10|||14|||488
fp|||1|||16|||7|||488
float|||36|||22|||8|||488
uint64_t|||1|||0|||10|||489
uint64_t|||2|||0|||13|||489
cf_t|||1|||9|||4|||489
cf_t|||2|||9|||13|||489
size_t|||1|||14|||9|||489
uint32_t|||1|||24|||4|||489
uint8_t|||1|||24|||11|||489
uint32_t|||2|||24|||17|||489
a|||8|||20|||5|||490
a|||9|||20|||9|||490
a|||10|||20|||11|||490
a|||11|||20|||13|||490
weights|||1|||4|||26|||491
restrict|||1|||13|||6|||491
restrict|||2|||13|||11|||491
restrict|||3|||13|||17|||491
for|||1|||0|||24|||492
for|||4|||2|||15|||492
for|||17|||7|||29|||492
for|||18|||8|||20|||492
for|||26|||11|||48|||492
for|||37|||15|||21|||492
for|||41|||16|||138|||492
for|||54|||22|||20|||492
while|||1|||23|||42|||492
while|||2|||24|||26|||492
realign|||1|||14|||47|||493
cxp|||1|||14|||52|||493
realign|||2|||14|||67|||493
cxp|||2|||14|||70|||493
realign|||3|||14|||109|||493
realign|||4|||14|||201|||493
float|||29|||19|||48|||494
float|||34|||19|||132|||494
i|||5|||0|||54|||495
i|||11|||1|||28|||495
i|||80|||7|||31|||495
i|||111|||10|||38|||495
i|||136|||12|||39|||495
j|||63|||22|||22|||495
(|||14|||2|||30|||496
(|||66|||9|||126|||496
(|||152|||16|||153|||496
(|||192|||21|||50|||496
(|||53|||8|||34|||497
(|||139|||15|||43|||497
(|||191|||21|||35|||497
ushort|||1|||14|||31|||498
Pixel|||1|||23|||1|||498
Pixel|||2|||23|||7|||498
Pixel|||3|||23|||18|||498
Pixel|||4|||23|||48|||498
P|||1|||0|||8|||499
P|||2|||0|||17|||499
P|||3|||0|||41|||499
P|||4|||0|||66|||499
(|||147|||16|||87|||499
FIELD_P|||1|||25|||194|||499
