;|||14|||3|||83|||0
;|||40|||9|||128|||0
0|||9|||11|||105|||0
index|||9|||11|||118|||0
side|||9|||11|||160|||0
(|||56|||11|||168|||0
;|||106|||19|||68|||0
j|||26|||19|||93|||0
float|||36|||19|||98|||0
threadId|||1|||23|||58|||0
.|||88|||23|||65|||0
n|||219|||24|||44|||0
__global__|||2|||1|||0|||1
__global__|||3|||2|||0|||1
__global__|||5|||4|||0|||1
__global__|||10|||9|||0|||1
__global__|||15|||14|||0|||1
__global__|||19|||18|||0|||1
__global__|||20|||19|||0|||1
float|||38|||19|||118|||1
__global__|||21|||20|||0|||1
__global__|||22|||21|||0|||1
x|||73|||21|||77|||1
__global__|||25|||24|||0|||1
int|||28|||7|||11|||2
*|||37|||9|||15|||2
,|||74|||16|||17|||2
,|||89|||17|||21|||2
{|||62|||21|||8|||2
settings|||1|||25|||10|||2
simd_f_t|||1|||9|||69|||3
i|||40|||9|||125|||3
(|||46|||9|||175|||3
}|||12|||12|||122|||4
\|||101|||12|||123|||4
{|||38|||12|||136|||4
blockDim|||3|||2|||15|||5
=|||32|||8|||20|||5
blockIdx|||20|||17|||36|||5
[|||39|||21|||38|||5
for|||13|||21|||90|||5
\|||219|||25|||77|||5
{|||24|||9|||22|||6
\|||58|||9|||23|||6
n|||62|||9|||24|||6
=|||35|||9|||27|||6
blockIdx|||11|||9|||28|||6
*|||38|||9|||31|||6
blockDim|||14|||9|||32|||6
,|||62|||13|||93|||6
\|||113|||13|||94|||6
+|||31|||13|||106|||6
(|||124|||24|||60|||6
(|||125|||24|||61|||6
n|||225|||25|||53|||6
blockIdx|||33|||25|||130|||6
update_global_node_set|||1|||1|||2|||7
void|||3|||2|||1|||7
,|||8|||3|||46|||7
j|||10|||8|||58|||7
void|||22|||20|||1|||7
SRSLTE_SIMD_CF_SIZE|||4|||9|||98|||8
)|||38|||9|||99|||8
int|||42|||11|||20|||9
\|||102|||12|||126|||10
sum|||4|||12|||140|||10
;|||83|||16|||58|||10
;|||86|||16|||117|||10
fprintf|||3|||16|||156|||10
*|||122|||21|||158|||10
{|||5|||2|||5|||11
*|||25|||6|||16|||11
n|||52|||8|||10|||11
float|||25|||11|||29|||11
int|||55|||12|||16|||11
,|||60|||13|||16|||11
nelems|||1|||14|||11|||11
,|||69|||15|||11|||11
)|||71|||16|||23|||11
*|||99|||17|||27|||11
int|||81|||18|||8|||11
*|||108|||19|||15|||11
,|||108|||20|||10|||11
b|||6|||22|||10|||11
n|||206|||23|||30|||11
0x80|||1|||0|||65|||12
g_arrBackGroud|||1|||2|||57|||12
y|||5|||8|||40|||12
=|||40|||10|||23|||12
input|||4|||10|||73|||12
\|||76|||10|||81|||12
*|||64|||12|||93|||12
=|||59|||12|||148|||12
100000|||1|||19|||90|||12
(|||114|||21|||108|||12
x|||34|||11|||58|||13
x|||35|||11|||62|||13
=|||61|||13|||45|||13
int|||5|||2|||8|||14
n|||139|||16|||26|||14
)|||83|||17|||29|||14
)|||1|||0|||14|||15
i|||2|||2|||9|||15
*|||26|||6|||20|||15
)|||27|||8|||14|||15
,|||51|||11|||33|||15
)|||54|||12|||19|||15
tp|||1|||14|||15|||15
int|||74|||16|||27|||15
{|||54|||17|||30|||15
\|||158|||18|||12|||15
long|||1|||19|||18|||15
)|||100|||20|||14|||15
)|||110|||22|||14|||15
\|||12|||2|||6|||16
,|||34|||8|||11|||16
n|||211|||23|||56|||17
num|||11|||23|||100|||17
[|||9|||4|||75|||18
int|||33|||8|||35|||18
(|||33|||9|||51|||18
i|||73|||23|||90|||18
;|||133|||25|||29|||18
FIELD_SD|||1|||25|||90|||18
.|||5|||1|||21|||19
.|||6|||1|||25|||19
val|||1|||3|||23|||19
,|||7|||3|||31|||19
\|||18|||3|||40|||19
>|||8|||3|||64|||19
float|||5|||4|||71|||19
+|||11|||6|||40|||19
.|||32|||9|||33|||19
0|||8|||10|||41|||19
input|||3|||10|||64|||19
predictions|||2|||11|||148|||19
x|||44|||14|||25|||19
tid|||6|||15|||20|||19
(|||105|||19|||146|||19
,|||114|||23|||14|||19
\|||195|||23|||19|||19
pixels|||2|||23|||24|||19
;|||124|||23|||42|||19
uint8_t|||2|||24|||57|||19
n|||224|||25|||42|||19
)|||19|||5|||86|||20
(|||19|||5|||3|||21
*|||18|||5|||5|||21
++|||3|||5|||67|||22
=|||20|||5|||69|||22
\|||39|||5|||106|||22
}|||5|||5|||108|||22
float|||9|||5|||127|||22
=|||26|||5|||151|||22
output|||1|||5|||162|||22
matrices\n|||1|||5|||180|||22
;|||21|||4|||59|||23
[|||10|||4|||87|||23
indices|||2|||4|||88|||23
=|||54|||12|||55|||23
x|||57|||17|||88|||23
(|||138|||25|||98|||23
>|||3|||3|||35|||24
rcpb|||2|||9|||148|||24
&|||4|||9|||155|||24
1|||8|||13|||115|||24
n|||138|||15|||63|||24
>=|||3|||17|||89|||24
mri|||2|||17|||90|||24
|||||2|||17|||99|||24
z|||9|||17|||100|||24
n|||161|||17|||112|||24
;|||99|||17|||120|||24
\|||152|||17|||121|||24
n|||164|||17|||122|||24
BUFTYPE|||1|||17|||123|||24
)|||9|||3|||38|||25
&&|||5|||9|||61|||25
n|||120|||13|||25|||25
x|||41|||13|||31|||25
\|||109|||13|||41|||25
idx|||8|||24|||20|||25
x|||37|||11|||185|||26
=|||104|||23|||91|||26
*|||10|||4|||12|||27
x|||45|||14|||29|||27
xp|||1|||14|||56|||27
,|||26|||6|||6|||28
blockIdx|||7|||6|||33|||28
/|||1|||6|||72|||28
*|||126|||22|||24|||28
side|||1|||11|||18|||29
dataBlockSize|||1|||0|||10|||30
site|||1|||1|||6|||30
>|||9|||3|||65|||30
float|||2|||4|||26|||30
int|||17|||5|||18|||30
(|||21|||5|||80|||30
int|||27|||7|||8|||30
,|||36|||9|||13|||30
,|||41|||10|||10|||30
int|||43|||11|||23|||30
{|||31|||11|||41|||30
*|||59|||12|||13|||30
y_size|||1|||13|||21|||30
=|||68|||15|||21|||30
int|||71|||16|||15|||30
float|||29|||17|||19|||30
mask|||2|||17|||153|||30
)|||94|||19|||133|||30
{|||65|||21|||87|||30
[|||40|||21|||119|||30
i|||71|||21|||165|||30
int|||102|||23|||15|||30
[|||43|||23|||25|||30
n|||208|||23|||44|||30
x|||21|||7|||30|||31
=|||77|||17|||52|||31
int|||93|||21|||57|||31
const|||2|||1|||30|||32
site|||2|||1|||37|||32
;|||13|||3|||77|||32
;|||19|||3|||127|||32
]|||9|||4|||93|||32
<=|||1|||17|||158|||32
+|||52|||25|||25|||32
x|||55|||17|||42|||33
blockDim|||24|||17|||57|||33
.|||63|||17|||58|||33
+|||39|||17|||77|||33
temp_sol|||1|||3|||9|||34
,|||28|||6|||14|||34
,|||33|||8|||8|||34
,|||105|||19|||13|||34
num_pixels|||1|||24|||10|||34
,|||117|||25|||7|||34
>|||6|||3|||50|||35
time_step|||3|||3|||67|||35
run_ppcg_init|||1|||25|||54|||35
side|||7|||11|||133|||36
=|||62|||13|||65|||36
->|||9|||25|||107|||36
\|||223|||25|||125|||36
*|||2|||0|||24|||37
index|||3|||0|||53|||37
\|||74|||10|||60|||37
<|||28|||16|||64|||37
*|||101|||17|||56|||37
.|||78|||21|||23|||37
if|||20|||12|||73|||38
\|||183|||21|||116|||38
\|||194|||23|||1|||38
n|||24|||3|||116|||39
i|||17|||4|||95|||39
int|||49|||11|||117|||39
=|||50|||11|||147|||39
last_i|||2|||12|||67|||39
;|||129|||23|||93|||39
while|||2|||23|||96|||39
)|||117|||24|||75|||39
const|||15|||24|||82|||39
(|||129|||24|||87|||39
0|||1|||1|||46|||40
i|||14|||4|||64|||40
)|||22|||6|||52|||40
<|||17|||9|||89|||40
i|||38|||9|||96|||40
]|||26|||10|||76|||40
\|||77|||10|||87|||40
(|||70|||14|||38|||40
i|||63|||19|||66|||40
float|||35|||19|||71|||40
\|||165|||19|||96|||40
uint64_t|||1|||0|||9|||41
SqareDown|||1|||2|||2|||41
b|||1|||6|||13|||41
m|||4|||8|||7|||41
int|||61|||13|||13|||41
,|||64|||14|||9|||41
VEC4|||2|||15|||8|||41
*|||105|||18|||5|||41
rand_d|||1|||19|||12|||41
,|||107|||20|||7|||41
int|||91|||21|||4|||41
,|||110|||22|||7|||41
chunks|||1|||25|||6|||41
(|||41|||9|||107|||42
;|||39|||9|||114|||42
,|||80|||16|||150|||42
x|||90|||25|||132|||42
double|||1|||13|||4|||43
vol_flux_x_p|||1|||13|||6|||43
n|||122|||13|||51|||43
{|||41|||13|||75|||43
n|||125|||13|||95|||43
n_x|||5|||13|||107|||43
x|||30|||9|||109|||44
}|||8|||9|||166|||44
{|||21|||8|||62|||45
i|||35|||8|||93|||45
\|||96|||12|||80|||45
ii|||4|||12|||87|||45
)|||60|||12|||104|||45
sum|||3|||12|||109|||45
(|||73|||14|||77|||45
.|||9|||2|||20|||46
x|||17|||6|||39|||46
blockDim|||12|||8|||25|||46
.|||60|||17|||41|||46
idx|||1|||11|||54|||47
;|||51|||11|||67|||47
\|||81|||11|||68|||47
if|||17|||11|||70|||47
row|||1|||11|||84|||47
side|||4|||11|||88|||47
;|||58|||11|||152|||47
<<|||3|||3|||59|||48
i|||49|||12|||29|||48
r_|||1|||15|||37|||48
,|||25|||5|||23|||49
n|||48|||7|||16|||49
len|||1|||9|||20|||49
{|||28|||10|||18|||49
thresh|||1|||11|||27|||49
known_sum|||1|||12|||14|||49
\|||122|||15|||17|||49
=|||93|||21|||13|||49
int|||112|||25|||15|||49
unsigned|||3|||1|||31|||50
int|||3|||1|||32|||50
=|||4|||1|||34|||50
)|||5|||1|||38|||50
;|||5|||1|||39|||50
\|||10|||1|||40|||50
n|||10|||1|||41|||50
unsigned|||4|||1|||42|||50
void|||28|||25|||1|||50
if|||35|||25|||32|||50
,|||118|||25|||61|||50
true|||1|||25|||93|||50
&&|||1|||0|||78|||51
the|||1|||5|||121|||51
=|||89|||19|||110|||52
ii|||2|||12|||54|||53
{|||7|||3|||15|||54
(|||133|||25|||33|||54
(|||134|||25|||44|||54
n|||227|||25|||69|||54
dws|||1|||4|||15|||55
const|||3|||4|||20|||55
int|||2|||1|||13|||56
m2_cols|||1|||5|||22|||56
{|||46|||15|||16|||56
int|||73|||16|||21|||56
mri_mean|||1|||17|||24|||56
i|||65|||21|||12|||56
n|||222|||25|||14|||56
\|||34|||5|||53|||57
n_x|||2|||13|||68|||57
n_y|||3|||13|||88|||57
\|||164|||19|||79|||57
VEC4|||3|||15|||36|||58
;|||109|||19|||91|||58
=|||44|||11|||55|||59
=|||45|||11|||85|||59
/|||2|||11|||87|||59
;|||52|||11|||89|||59
n|||121|||13|||42|||59
>=|||2|||14|||40|||60
nelems|||2|||14|||41|||60
{|||45|||14|||43|||60
)|||13|||3|||134|||61
nint|||2|||12|||132|||61
\|||119|||14|||48|||61
data_cols|||2|||16|||69|||61
=|||73|||16|||81|||61
;|||85|||16|||90|||61
,|||82|||16|||164|||61
.|||66|||17|||75|||61
|||||1|||17|||93|||61
n|||162|||17|||115|||61
kernel_language|||1|||25|||47|||61
+|||21|||11|||136|||62
*|||62|||12|||66|||62
n|||215|||23|||95|||62
>>|||2|||24|||73|||62
=|||109|||24|||85|||62
(|||128|||24|||86|||62
\|||26|||3|||136|||63
do_rem|||1|||4|||37|||63
+|||20|||11|||123|||63
(|||55|||11|||162|||63
classes|||3|||11|||163|||63
start|||1|||19|||8|||63
.|||72|||19|||38|||63
n|||174|||19|||60|||63
;|||112|||19|||124|||63
float|||39|||19|||127|||63
\|||200|||23|||53|||63
(|||1|||0|||3|||64
int|||9|||4|||8|||64
MDeformWeight|||1|||4|||11|||64
int|||25|||6|||4|||64
*|||23|||6|||8|||64
,|||27|||6|||10|||64
*|||24|||6|||12|||64
(|||29|||8|||3|||64
const|||5|||9|||4|||64
(|||71|||14|||58|||64
(|||76|||15|||3|||64
*|||85|||15|||5|||64
a|||5|||20|||6|||64
miIndexedPtr|||1|||23|||5|||64
int|||110|||24|||9|||64
*|||133|||25|||5|||64
.|||39|||11|||65|||65
;|||56|||11|||125|||65
num|||8|||11|||165|||65
blockDim|||25|||17|||74|||65
int|||7|||3|||18|||66
n|||61|||8|||90|||66
z|||11|||17|||174|||66
,|||97|||17|||175|||66
\|||157|||17|||179|||66
n|||197|||21|||138|||66
\|||1|||0|||16|||67
blockIdx|||3|||2|||11|||67
,|||30|||6|||22|||67
\|||51|||8|||16|||67
*|||45|||11|||35|||67
\|||90|||12|||21|||67
{|||44|||14|||17|||67
int|||82|||18|||14|||67
*|||109|||19|||20|||67
\|||170|||20|||16|||67
\|||193|||22|||16|||67
*|||66|||12|||108|||68
n|||116|||12|||130|||68
height|||1|||17|||98|||68
(|||97|||17|||185|||68
mri_mean|||2|||17|||186|||68
x|||59|||17|||188|||68
y|||21|||17|||190|||68
if|||29|||19|||157|||68
(|||107|||19|||158|||68
>|||12|||19|||160|||68
;|||65|||12|||112|||69
*|||67|||12|||115|||69
xpp|||2|||14|||64|||69
,|||66|||14|||79|||69
(|||94|||17|||152|||69
)|||104|||21|||86|||69
100|||3|||21|||99|||69
.|||83|||21|||172|||69
created|||1|||16|||109|||70
\|||135|||16|||122|||70
,|||78|||16|||142|||70
\|||178|||21|||52|||70
toggle_doors|||1|||21|||55|||70
;|||77|||15|||33|||71
;|||79|||15|||45|||71
j|||18|||15|||66|||71
;|||31|||7|||31|||72
blockIdx|||21|||17|||53|||72
=|||105|||23|||107|||73
argb|||5|||24|||98|||73
tid|||3|||14|||21|||74
blockDim|||22|||16|||51|||74
,|||45|||11|||13|||75
int|||40|||11|||14|||75
*|||60|||12|||17|||76
(|||126|||24|||70|||77
)|||118|||24|||78|||77
(|||5|||1|||3|||78
check_udpdata|||1|||7|||2|||78
=|||30|||7|||19|||78
=|||66|||14|||57|||78
write_graphics_kernel|||1|||16|||2|||78
n|||140|||16|||43|||78
FindBestGray|||1|||23|||3|||78
,|||113|||23|||11|||78
ppcg_inner_iterations|||1|||25|||2|||78
,|||53|||11|||46|||79
p_index|||2|||11|||150|||79
data_range|||1|||16|||22|||79
NULL|||1|||16|||97|||79
file|||1|||16|||106|||79
"|||8|||16|||147|||79
MRI|||5|||17|||26|||79
mask|||3|||17|||157|||79
,|||15|||4|||29|||80
,|||42|||10|||13|||80
MAT4|||1|||15|||12|||80
uint8_t|||1|||24|||12|||80
,|||1|||0|||8|||81
srslte_vec_div_cfc_simd|||1|||9|||2|||81
\|||59|||9|||40|||81
sizeof|||2|||9|||67|||81
==|||6|||9|||76|||81
(|||42|||9|||121|||81
\|||64|||9|||129|||81
const|||11|||14|||59|||81
=|||102|||23|||59|||81
src|||1|||24|||7|||81
x|||84|||24|||24|||81
.|||94|||24|||31|||81
.|||13|||4|||49|||82
n|||86|||11|||49|||82
=|||71|||16|||29|||82
blockIdx|||19|||16|||47|||82
n|||155|||17|||32|||82
.|||65|||17|||71|||82
hi_val|||2|||17|||159|||82
n|||172|||19|||42|||82
dv|||1|||4|||83|||83
i|||16|||4|||92|||83
-|||3|||9|||91|||83
depth|||1|||17|||104|||83
{|||64|||21|||61|||84
;|||127|||23|||71|||84
\|||202|||23|||72|||84
<|||38|||24|||39|||84
[|||44|||24|||50|||84
int|||4|||1|||43|||85
]|||3|||3|||93|||85
j|||6|||3|||128|||85
;|||138|||25|||103|||85
pp|||2|||25|||104|||85
\|||60|||9|||48|||86
(|||36|||9|||63|||86
__alignof__|||3|||9|||72|||86
{|||25|||9|||82|||86
;|||37|||9|||87|||86
1|||3|||9|||94|||86
b|||4|||9|||136|||86
int|||66|||13|||63|||86
x_size|||3|||13|||70|||86
=|||111|||25|||92|||86
n|||13|||2|||24|||87
n|||44|||6|||46|||87
[|||18|||6|||63|||87
x|||23|||8|||27|||87
threadIdx|||9|||8|||29|||87
=|||42|||10|||47|||87
sizeof(float));\n\n|||1|||5|||172|||88
\|||63|||9|||115|||88
\|||68|||9|||167|||88
printf|||1|||16|||102|||88
%d|||1|||16|||144|||88
blockDim|||8|||4|||56|||89
threadIdx|||12|||10|||24|||89
tid|||4|||14|||39|||89
)|||66|||14|||42|||89
i|||5|||3|||19|||90
update_ghost_nodes|||1|||3|||27|||90
temp_sol|||2|||3|||37|||90
4};\n|||1|||5|||133|||90
)|||68|||14|||75|||90
=|||12|||3|||125|||91
(|||68|||13|||62|||91
mass_flux_x|||1|||13|||102|||91
,|||63|||13|||116|||91
out|||1|||15|||6|||91
n|||8|||1|||10|||92
unsigned|||2|||1|||12|||92
+|||25|||11|||172|||93
(|||57|||11|||187|||93
;|||116|||21|||43|||94
1|||9|||21|||95|||94
reset_fields_to_exchange|||1|||25|||79|||94
\|||222|||25|||114|||94
generate_u|||1|||3|||42|||95
\|||80|||11|||51|||95
&|||10|||25|||56|||95
,|||20|||5|||7|||96
m1_rows|||1|||5|||9|||96
int|||16|||5|||11|||96
\|||32|||5|||29|||96
\|||33|||5|||46|||96
i|||21|||5|||72|||96
+|||8|||5|||84|||96
nint|||1|||5|||112|||96
(m1_rows|||1|||5|||168|||96
*|||5|||2|||14|||97
doors|||2|||21|||37|||97
n|||193|||21|||89|||97
;|||135|||25|||76|||97
uint64_t|||2|||0|||12|||98
,|||24|||5|||20|||98
,|||29|||6|||18|||98
int|||31|||8|||12|||98
*|||44|||11|||31|||98
classes|||2|||11|||135|||98
,|||61|||13|||19|||98
uint|||1|||14|||13|||98
)|||90|||18|||10|||98
rand_r|||1|||19|||16|||98
*|||115|||20|||12|||98
int|||99|||22|||12|||98
\|||197|||23|||38|||98
int|||104|||23|||40|||98
&|||9|||24|||92|||98
0xf0|||2|||24|||93|||98
src|||2|||24|||49|||99
idx|||10|||24|||51|||99
n|||220|||24|||55|||99
n|||6|||0|||59|||100
.|||1|||0|||22|||101
UINT_MAX|||1|||14|||82|||101
(|||79|||16|||62|||101
.|||62|||17|||54|||101
doors|||7|||21|||192|||101
n|||216|||23|||104|||101
->|||1|||3|||81|||102
0|||3|||3|||95|||102
i|||10|||3|||101|||102
;|||16|||3|||105|||102
=|||13|||3|||139|||102
n|||97|||11|||127|||102
=|||69|||15|||51|||102
x2|||1|||19|||72|||102
rand_r|||2|||19|||74|||102
]|||33|||19|||77|||102
.|||51|||15|||27|||103
n|||136|||15|||40|||103
<|||32|||19|||46|||103
++|||5|||11|||111|||104
num|||7|||11|||139|||104
\|||103|||12|||129|||104
n|||124|||13|||77|||104
ptr_double|||1|||13|||78|||104
ptr_double|||2|||13|||101|||104
xdim1_update_halo_kernel3_minus_4_b|||1|||13|||113|||104
*|||77|||13|||114|||104
threadIdx|||24|||19|||37|||105
\|||162|||19|||59|||105
+|||5|||2|||35|||106
is_larger|||2|||12|||94|||106
1|||7|||13|||109|||106
i|||68|||21|||65|||106
{|||66|||21|||104|||106
x|||76|||21|||177|||106
16|||1|||24|||64|||106
if|||23|||16|||61|||107
i|||56|||16|||63|||107
%|||2|||21|||110|||107
;|||114|||20|||32|||108
float|||40|||22|||4|||108
x|||78|||22|||27|||108
const|||10|||14|||53|||109
ushort|||1|||14|||54|||109
*|||82|||14|||55|||109
\|||121|||14|||66|||109
n|||133|||14|||67|||109
tp|||2|||14|||68|||109
;|||91|||16|||184|||109
settings|||8|||25|||120|||109
,|||120|||25|||121|||109
.|||49|||14|||32|||110
x|||52|||16|||40|||110
i|||36|||9|||26|||111
x|||26|||9|||30|||111
)|||31|||9|||55|||111
simd_cf_t|||1|||9|||59|||111
(|||40|||9|||86|||111
+|||17|||9|||93|||111
{|||39|||13|||23|||112
x|||53|||17|||34|||112
x|||47|||15|||24|||113
z|||7|||17|||76|||113
y|||18|||17|||94|||113
else|||1|||0|||70|||114
x|||8|||2|||34|||114
++|||2|||3|||133|||114
=|||28|||6|||32|||114
x|||33|||10|||34|||114
if|||14|||10|||53|||114
int|||94|||21|||64|||114
)|||105|||21|||103|||114
.|||84|||21|||176|||114
{|||13|||5|||61|||115
}|||16|||14|||50|||115
\|||120|||14|||51|||115
(|||93|||17|||129|||115
;|||115|||21|||25|||115
\|||173|||21|||26|||115
\|||198|||23|||43|||115
:|||1|||4|||94|||116
\|||82|||11|||81|||116
)|||55|||12|||50|||116
y1|||1|||19|||99|||116
\|||11|||1|||48|||117
int|||8|||3|||117|||117
]|||10|||4|||96|||117
\|||205|||23|||94|||117
(|||121|||23|||97|||117
||||2|||24|||95|||117
{|||14|||5|||87|||118
8};\n|||1|||5|||148|||118
the|||4|||5|||179|||118
+|||10|||5|||185|||118
n|||151|||16|||169|||118
\|||67|||9|||164|||119
\|||199|||23|||48|||119
n|||217|||24|||18|||119
*|||104|||17|||144|||120
,|||98|||17|||187|||120
j|||27|||19|||103|||121
)|||115|||24|||65|||121
probs|||1|||11|||32|||122
*|||80|||14|||14|||122
,|||106|||19|||17|||122
FLT_MAX|||1|||10|||49|||123
1|||1|||0|||77|||124
internal_count|||1|||3|||82|||124
{|||11|||4|||68|||124
;|||34|||8|||49|||124
*|||103|||17|||124|||124
n|||178|||19|||107|||124
rand_r|||3|||19|||111|||124
)|||111|||23|||17|||124
n|||228|||25|||72|||124
1|||2|||3|||150|||125
,|||39|||9|||160|||125
)|||43|||9|||162|||125
b|||3|||9|||118|||126
blockIdx|||28|||21|||167|||127
add_thresh|||1|||4|||34|||128
*|||30|||7|||23|||128
(|||34|||9|||53|||128
.|||44|||13|||30|||128
n|||209|||23|||49|||128
int|||111|||24|||19|||128
blockIdx|||14|||12|||31|||129
threadIdx|||14|||12|||39|||129
(|||111|||21|||56|||129
n|||49|||7|||33|||130
=|||57|||12|||117|||130
\|||129|||16|||59|||130
cnt|||1|||21|||159|||130
=|||1|||0|||20|||131
get_maxnodes|||1|||1|||35|||131
i|||6|||3|||74|||131
,|||17|||4|||35|||131
int|||19|||5|||31|||131
only_objectness|||1|||11|||39|||131
+|||28|||13|||32|||131
.|||52|||15|||31|||131
(|||82|||16|||103|||131
int|||106|||23|||50|||131
=|||106|||24|||21|||131
blockDim|||36|||25|||22|||131
0|||6|||3|||126|||132
(|||54|||11|||102|||132
n|||92|||11|||103|||132
\|||85|||11|||115|||132
y_size|||2|||13|||56|||132
while|||3|||24|||36|||132
}|||6|||6|||77|||133
i|||32|||8|||54|||133
(|||87|||16|||180|||133
threadIdx|||29|||22|||29|||133
blockDim|||37|||25|||134|||133
*|||111|||19|||134|||134
tmp|||2|||19|||152|||134
;|||113|||19|||154|||134
char|||3|||7|||34|||135
(|||27|||7|||37|||135
char|||4|||7|||38|||135
;|||32|||7|||41|||135
)|||6|||2|||4|||136
,|||4|||3|||10|||136
float|||11|||5|||165|||136
float|||14|||6|||15|||136
int|||30|||8|||9|||136
,|||50|||11|||28|||136
,|||102|||18|||7|||136
int|||86|||19|||26|||136
n|||187|||21|||36|||136
*|||125|||22|||9|||136
\|||196|||23|||29|||136
,|||116|||24|||11|||136
)|||119|||24|||91|||136
[|||2|||2|||58|||137
]|||7|||3|||148|||137
<|||11|||5|||58|||137
n|||46|||6|||55|||137
a|||3|||9|||104|||137
[|||26|||9|||157|||137
i|||42|||9|||177|||137
n|||84|||10|||93|||137
==|||7|||12|||63|||137
;|||81|||15|||57|||137
)|||112|||23|||101|||137
time_step|||2|||3|||52|||138
,|||18|||4|||38|||138
*|||21|||5|||37|||138
\|||43|||6|||28|||138
i|||24|||6|||31|||138
n|||73|||9|||173|||138
.|||36|||10|||33|||138
\|||79|||11|||42|||138
n|||104|||12|||27|||138
*|||106|||18|||20|||138
.|||77|||21|||19|||138
int|||101|||23|||12|||138
n|||210|||23|||54|||138
.|||93|||24|||27|||138
__global__|||1|||0|||0|||139
__global__|||4|||3|||0|||139
__global__|||6|||5|||0|||139
__global__|||7|||6|||0|||139
__global__|||8|||7|||0|||139
__global__|||9|||8|||0|||139
__global__|||11|||10|||0|||139
__global__|||12|||11|||0|||139
__global__|||13|||12|||0|||139
__global__|||14|||13|||0|||139
__global__|||16|||15|||0|||139
__global__|||17|||16|||0|||139
__global__|||18|||17|||0|||139
__global__|||23|||22|||0|||139
__global__|||26|||25|||0|||139
m1|||1|||5|||6|||140
mass_flux_x_p|||1|||13|||10|||140
++|||8|||16|||190|||140
n|||153|||16|||194|||140
-|||5|||19|||122|||140
)|||21|||6|||26|||141
+|||35|||16|||37|||141
writing|||1|||16|||113|||141
.|||68|||18|||18|||141
\|||159|||19|||24|||141
=|||92|||20|||20|||141
=|||99|||22|||20|||141
]|||13|||5|||73|||142
m|||3|||5|||90|||142
\|||112|||13|||76|||142
[|||8|||3|||146|||143
)|||87|||17|||177|||144
;|||102|||17|||178|||144
30|||1|||23|||36|||145
;|||125|||23|||47|||145
n|||213|||23|||86|||145
<|||37|||23|||99|||145
{|||72|||23|||102|||145
pixel|||1|||23|||106|||145
<<|||1|||3|||29|||146
(|||66|||13|||3|||146
\|||110|||13|||50|||146
)|||64|||13|||74|||146
*|||76|||13|||112|||146
n|||157|||17|||66|||146
]|||8|||4|||77|||147
\|||30|||4|||79|||147
n|||30|||4|||80|||147
MDeformWeight|||2|||4|||100|||147
dw|||1|||4|||102|||147
(|||18|||4|||112|||147
i|||51|||12|||56|||147
;|||97|||17|||81|||147
blockDim|||6|||3|||47|||148
>|||4|||3|||48|||148
blockIdx|||13|||11|||56|||148
n|||100|||11|||154|||148
for|||9|||16|||112|||148
(|||63|||12|||97|||149
for|||7|||13|||61|||149
<|||26|||13|||69|||149
x|||87|||25|||20|||149
)|||123|||25|||50|||149
;|||136|||25|||83|||149
\|||220|||25|||84|||149
n|||230|||25|||85|||149
int|||114|||25|||127|||149
;|||3|||0|||66|||150
n|||7|||0|||68|||150
(|||4|||0|||72|||150
int|||26|||6|||30|||150
i|||29|||7|||18|||150
\|||73|||10|||51|||150
int|||50|||11|||128|||150
n|||101|||11|||173|||150
n|||129|||14|||36|||150
n|||146|||16|||119|||150
;|||110|||19|||105|||150
\|||208|||24|||34|||150
n|||114|||12|||124|||151
}|||13|||12|||125|||151
n|||117|||12|||138|||151
int|||58|||12|||139|||151
\|||6|||0|||58|||152
=|||15|||4|||73|||152
weights|||2|||4|||74|||152
n|||54|||8|||34|||152
if|||13|||9|||50|||152
*|||92|||16|||50|||152
x|||89|||25|||28|||152
\|||49|||7|||42|||153
n|||115|||12|||127|||153
=|||58|||12|||141|||153
<|||29|||16|||68|||153
*|||93|||16|||75|||153
"|||1|||16|||86|||153
<|||36|||21|||184|||153
(|||50|||10|||84|||154
col|||1|||11|||93|||154
idx|||7|||11|||169|||154
]|||34|||19|||104|||154
z|||1|||6|||25|||155
.|||35|||10|||29|||155
]|||25|||10|||67|||155
tid|||10|||20|||19|||155
\|||108|||13|||24|||156
,|||2|||0|||11|||157
)|||4|||1|||7|||157
*|||14|||4|||27|||157
buffersize|||1|||7|||9|||157
float|||19|||10|||11|||157
doors|||1|||21|||6|||157
int|||105|||23|||45|||157
Settings|||1|||25|||8|||157
\|||7|||0|||67|||158
=|||5|||1|||45|||158
<|||3|||2|||45|||158
n|||45|||6|||51|||158
i|||28|||6|||69|||158
for|||4|||9|||85|||158
SRSLTE_SIMD_CF_SIZE|||3|||9|||92|||158
;|||49|||10|||86|||158
x|||36|||11|||66|||158
%|||1|||11|||96|||158
num|||6|||11|||122|||158
if|||22|||14|||37|||158
n|||175|||19|||70|||158
{|||60|||19|||95|||158
blockDim|||34|||23|||77|||158
x|||83|||23|||83|||158
;|||130|||24|||33|||158
)|||116|||24|||68|||158
,|||22|||5|||13|||159
//|||1|||5|||119|||159
=|||23|||5|||136|||159
{5,|||1|||5|||145|||159
2;\n\n|||2|||5|||156|||159
//|||2|||5|||157|||159
*|||22|||5|||171|||159
,|||59|||13|||11|||160
n|||96|||11|||124|||161
+|||23|||11|||164|||161
cc|||1|||25|||16|||161
(|||137|||25|||80|||161
for|||14|||25|||97|||161
ppcg_inner_steps|||1|||25|||108|||161
threadIdx|||1|||0|||29|||162
\|||4|||0|||46|||162
threadIdx|||4|||2|||36|||162
>|||10|||10|||68|||162
.|||40|||11|||184|||162
\|||182|||21|||105|||162
;|||121|||21|||178|||162
"|||4|||16|||115|||163
,|||77|||16|||130|||163
\|||138|||16|||154|||163
;|||90|||16|||167|||163
=|||7|||2|||27|||164
w|||1|||4|||72|||164
x|||20|||7|||26|||164
;|||33|||8|||32|||164
;|||61|||12|||42|||164
.|||56|||16|||48|||164
;|||119|||21|||100|||164
x|||75|||21|||173|||164
x|||88|||25|||24|||164
,|||43|||11|||7|||165
,|||44|||11|||10|||165
int|||39|||11|||11|||165
=|||47|||11|||104|||165
++|||1|||3|||85|||166
==|||5|||9|||66|||166
;|||53|||11|||98|||166
*|||110|||19|||32|||166
=|||84|||19|||54|||166
temp|||3|||19|||159|||166
1.0f|||1|||19|||161|||166
x|||12|||4|||58|||167
dvert|||2|||4|||86|||167
\|||62|||9|||101|||167
->|||7|||25|||46|||167
1|||12|||25|||122|||167
x|||2|||0|||27|||168
)|||2|||0|||40|||168
\|||3|||0|||42|||168
dataBlockSize|||3|||0|||55|||168
if|||24|||16|||93|||168
index|||2|||0|||37|||169
\|||45|||6|||54|||170
{|||43|||13|||104|||170
n|||127|||13|||118|||170
P2|||1|||16|||132|||170
"|||10|||16|||163|||170
{|||51|||16|||176|||170
unsigned|||1|||0|||4|||171
VP8LConvertBGRAToRGBA4444_C|||1|||24|||2|||171
;|||12|||3|||69|||172
blockDim|||18|||13|||37|||172
blockIdx|||17|||15|||26|||172
\|||124|||15|||39|||172
(|||84|||16|||140|||172
tid|||8|||19|||45|||172
\|||177|||21|||50|||172
.|||11|||2|||33|||173
nodes|||2|||3|||80|||173
=|||9|||3|||94|||173
0|||4|||3|||104|||173
.|||30|||8|||47|||173
)|||52|||11|||166|||173
j|||15|||15|||50|||173
;|||87|||16|||121|||173
}|||17|||16|||124|||173
"|||9|||16|||160|||173
n|||191|||21|||63|||173
\|||201|||23|||55|||173
+|||50|||23|||63|||173
j|||13|||11|||47|||174
,|||54|||11|||48|||174
n|||89|||11|||82|||174
int|||47|||11|||83|||174
n|||95|||11|||116|||174
{|||4|||1|||8|||175
weights|||1|||4|||28|||175
int|||12|||4|||30|||175
,|||32|||7|||10|||175
cf_t|||2|||9|||14|||175
temp|||1|||10|||12|||175
float|||20|||10|||14|||175
*|||87|||15|||13|||175
data_cols|||1|||16|||16|||175
hi_val|||1|||17|||20|||175
)|||101|||21|||7|||175
bestDist|||1|||23|||32|||175
*|||131|||24|||13|||175
*|||134|||25|||9|||175
n|||32|||5|||30|||176
n|||33|||5|||47|||176
Define|||1|||5|||120|||176
+|||9|||5|||169|||176
n|||147|||16|||123|||176
"|||7|||16|||143|||176
i|||59|||16|||189|||176
j|||22|||16|||201|||176
int|||76|||16|||220|||176
srslte_simd_cfi_load|||1|||9|||106|||177
(|||89|||16|||212|||177
val|||3|||17|||164|||177
=|||81|||17|||165|||177
,|||101|||17|||194|||177
val|||4|||17|||195|||177
n|||26|||3|||137|||178
\|||86|||11|||126|||178
p_index|||1|||11|||129|||178
\|||146|||17|||82|||178
n|||218|||24|||35|||178
num_pixels|||2|||24|||40|||178
.|||2|||0|||26|||179
<|||1|||0|||38|||179
blockDim|||15|||10|||32|||179
largest|||1|||10|||46|||179
)|||46|||10|||70|||179
[|||30|||11|||181|||179
=|||53|||12|||30|||179
+|||27|||12|||38|||179
*|||74|||13|||91|||179
n|||144|||16|||92|||179
threadIdx|||22|||17|||78|||179
=|||87|||19|||85|||179
\|||21|||3|||88|||180
(|||17|||4|||63|||180
)|||50|||11|||79|||180
+|||41|||19|||36|||180
;|||105|||19|||58|||180
j|||24|||19|||84|||180
.|||8|||2|||16|||181
+|||4|||2|||18|||181
value|||1|||7|||12|||181
{|||18|||7|||14|||181
const|||7|||9|||18|||181
idx|||4|||11|||95|||181
int|||72|||16|||18|||181
,|||75|||16|||20|||181
MRI|||4|||17|||22|||181
\|||172|||21|||9|||181
int|||92|||21|||11|||181
i|||67|||21|||39|||181
=|||94|||21|||41|||181
(|||113|||21|||91|||181
j|||29|||21|||93|||181
)|||121|||25|||11|||181
\|||212|||25|||13|||181
n|||229|||25|||78|||181
float|||4|||4|||39|||182
threadIdx|||5|||4|||48|||182
&&|||6|||9|||71|||182
)|||40|||9|||127|||182
r|||1|||9|||142|||182
;|||42|||9|||150|||182
+|||24|||11|||167|||182
=|||72|||16|||46|||182
blockIdx|||22|||17|||70|||182
\|||160|||19|||41|||182
]|||32|||19|||67|||182
n|||177|||19|||97|||182
num|||10|||23|||13|||182
int|||107|||23|||57|||182
blockIdx|||30|||23|||64|||182
x|||85|||24|||28|||182
.|||24|||7|||29|||183
return|||2|||14|||46|||183
<|||31|||16|||202|||184
;|||94|||16|||204|||184
xdim0_update_halo_kernel3_minus_4_b|||1|||13|||90|||185
index|||6|||0|||79|||186
dv|||2|||4|||113|||186
n|||35|||5|||63|||186
[|||23|||8|||95|||186
ii|||6|||12|||111|||186
UINT_MIN|||1|||14|||78|||186
j|||23|||16|||205|||186
data_cols|||5|||16|||226|||186
if|||27|||17|||151|||186
)|||99|||19|||162|||186
j|||32|||21|||109|||186
count_closed_doors|||1|||21|||151|||186
{|||68|||21|||161|||186
pp|||3|||25|||111|||186
\|||31|||4|||98|||187
m1_rows|||2|||5|||59|||187
;|||29|||6|||44|||187
(|||25|||6|||61|||187
n|||47|||6|||76|||187
=|||41|||10|||40|||187
float|||22|||10|||45|||187
n|||80|||10|||61|||187
ii|||3|||12|||69|||187
n|||131|||14|||49|||187
)|||70|||15|||60|||187
x|||70|||21|||24|||187
blockDim|||30|||21|||71|||187
)|||122|||25|||39|||187
index|||5|||0|||73|||188
if|||4|||2|||42|||188
if|||7|||5|||55|||188
x|||29|||9|||54|||188
)|||18|||5|||60|||189
(|||30|||8|||53|||189
{|||30|||10|||95|||189
for|||10|||16|||179|||189
MRIvox|||1|||17|||128|||189
j|||28|||19|||113|||189
\|||167|||19|||116|||189
\|||171|||20|||33|||189
0|||26|||24|||90|||189
blockDim|||2|||1|||16|||190
i|||23|||5|||98|||190
)|||95|||19|||138|||190
;|||123|||23|||37|||190
int|||15|||5|||8|||191
m2_rows|||2|||5|||85|||191
]|||15|||5|||101|||191
=|||24|||5|||140|||191
*|||90|||16|||9|||191
/|||4|||16|||110|||191
input|||6|||16|||222|||191
*|||94|||16|||225|||191
.|||10|||2|||29|||192
x|||7|||2|||30|||192
*|||6|||2|||31|||192
.|||31|||9|||29|||193
gridDim|||2|||3|||45|||194
.|||61|||17|||45|||194
blockIdx|||32|||25|||18|||194
]|||41|||25|||60|||194
)|||126|||25|||82|||194
x|||81|||23|||70|||195
=|||103|||23|||76|||195
.|||91|||23|||82|||195
,|||16|||4|||32|||196
\|||47|||7|||15|||196
int|||34|||9|||19|||196
)|||44|||10|||17|||196
{|||73|||24|||16|||196
\|||15|||2|||53|||197
i|||4|||2|||59|||197
c|||2|||6|||56|||197
{|||19|||7|||50|||197
blockDim|||13|||8|||42|||197
=|||36|||9|||105|||197
i|||41|||9|||158|||197
)|||48|||10|||94|||197
\|||151|||17|||116|||197
[|||38|||19|||112|||197
.|||79|||21|||68|||197
n|||194|||21|||106|||197
.|||15|||4|||57|||198
&|||1|||4|||85|||198
i|||18|||4|||108|||198
]|||11|||4|||109|||198
settings|||3|||25|||45|||198
;|||137|||25|||94|||198
x|||79|||23|||62|||199
C|||1|||25|||49|||199
0|||27|||25|||102|||199
n|||233|||25|||126|||199
{|||15|||5|||116|||200
m2_cols|||2|||5|||154|||200
m\n|||1|||5|||164|||200
else|||3|||8|||87|||201
x|||3|||0|||31|||202
=|||33|||8|||37|||202
num|||9|||11|||171|||202
;|||74|||14|||34|||202
\|||123|||15|||34|||202
\|||125|||15|||46|||202
\|||126|||15|||62|||202
.|||73|||20|||22|||202
.|||85|||22|||22|||202
.|||22|||7|||21|||203
;|||82|||16|||41|||203
j|||19|||16|||45|||203
.|||57|||16|||52|||203
\|||29|||4|||69|||204
blockDim|||10|||6|||37|||204
float|||37|||19|||108|||204
idx|||9|||24|||38|||204
.|||4|||1|||17|||205
x|||4|||1|||18|||205
{|||35|||12|||51|||205
\|||93|||12|||52|||205
fid|||6|||16|||158|||206
odefun|||1|||3|||2|||207
MDeformVert|||1|||4|||4|||207
\|||28|||4|||60|||207
__alignof__|||2|||9|||62|||208
\|||91|||12|||26|||208
=|||65|||14|||22|||208
.|||47|||14|||24|||208
threadIdx|||18|||16|||38|||208
x|||60|||18|||19|||208
n|||171|||19|||25|||208
blockIdx|||25|||20|||21|||208
blockIdx|||29|||22|||21|||208
int|||14|||4|||45|||209
x|||13|||5|||36|||209
threadIdx|||8|||7|||28|||209
n|||76|||10|||37|||209
n|||83|||10|||88|||209
*|||47|||11|||75|||209
n|||130|||14|||45|||209
blockDim|||27|||19|||33|||209
start|||2|||19|||55|||209
*|||116|||20|||24|||209
threadIdx|||25|||20|||29|||209
x|||1|||0|||23|||210
y|||15|||17|||55|||210
.|||20|||6|||38|||211
sum|||1|||10|||39|||211
int|||57|||12|||28|||211
:|||2|||4|||110|||212
n|||106|||12|||53|||212
\|||22|||3|||97|||213
srslte_simd_f_rcp|||1|||9|||134|||213
*|||50|||11|||132|||213
.|||89|||23|||69|||213
numThreads|||1|||23|||75|||213
and|||1|||5|||125|||214
int|||23|||5|||149|||214
2;\n|||2|||5|||152|||214
memory|||1|||5|||159|||214
the|||2|||5|||161|||214
matrix|||1|||5|||163|||214
1),|||1|||5|||183|||214
+|||32|||13|||110|||214
}|||14|||12|||128|||215
0|||13|||12|||142|||215
fid|||1|||16|||76|||215
w|||3|||16|||87|||215
\|||134|||16|||118|||215
(|||85|||16|||157|||215
100|||4|||21|||185|||215
=|||3|||1|||15|||216
x|||5|||1|||22|||216
i|||48|||11|||45|||216
tid|||1|||13|||27|||216
,|||90|||17|||25|||216
&&|||9|||17|||156|||216
index|||4|||0|||62|||217
int|||20|||5|||48|||217
j|||14|||15|||44|||217
data_rows|||3|||16|||151|||217
\|||161|||19|||50|||217
n__global__|||1|||21|||53|||217
dws|||3|||4|||106|||218
=|||39|||9|||143|||218
\|||66|||9|||151|||218
<|||10|||4|||65|||219
xdim0_update_halo_kernel3_minus_4_b|||2|||13|||96|||219
}|||15|||13|||97|||219
=|||64|||13|||103|||219
int|||79|||17|||67|||219
z|||5|||17|||68|||219
>|||11|||12|||76|||220
*|||63|||12|||84|||220
\|||97|||12|||91|||220
\|||174|||21|||35|||220
(|||115|||21|||123|||220
j|||34|||21|||126|||220
]|||38|||21|||127|||220
box_index|||1|||11|||156|||221
\|||24|||3|||115|||222
1|||5|||13|||86|||222
<|||33|||19|||89|||222
n|||188|||21|||45|||223
j|||30|||21|||97|||223
=|||110|||25|||17|||223
cc|||3|||25|||59|||223
settings|||5|||25|||81|||223
n|||231|||25|||96|||223
{|||53|||16|||208|||224
{|||52|||16|||192|||225
y|||17|||17|||63|||225
)|||85|||17|||137|||225
n|||165|||17|||140|||225
&|||6|||17|||183|||225
*|||12|||4|||14|||226
,|||13|||4|||19|||226
*|||31|||8|||5|||226
\|||54|||8|||63|||226
predictions|||1|||11|||6|||226
classes|||1|||11|||9|||226
input|||5|||16|||10|||226
\|||95|||12|||71|||227
int|||60|||12|||153|||227
x|||72|||21|||73|||227
)|||106|||21|||114|||227
if|||34|||21|||190|||227
num_chunks_per_rank|||1|||25|||38|||227
blockDim|||31|||21|||171|||228
y|||3|||2|||21|||229
threadIdx|||6|||5|||42|||229
\|||44|||6|||45|||229
a|||2|||6|||62|||229
x|||19|||7|||22|||229
.|||26|||8|||26|||229
=|||60|||13|||28|||229
+|||37|||17|||43|||229
blockIdx|||26|||21|||14|||229
\|||175|||21|||44|||229
;|||118|||21|||96|||229
=|||2|||0|||64|||230
=|||19|||5|||50|||230
i|||25|||6|||49|||230
+|||12|||6|||66|||230
+|||15|||8|||45|||230
else|||4|||9|||170|||230
(|||16|||4|||3|||231
(|||26|||7|||3|||231
(|||47|||10|||3|||231
(|||52|||11|||3|||231
*|||89|||16|||5|||231
(|||91|||17|||3|||231
if|||6|||4|||62|||232
)|||36|||9|||80|||232
idx|||2|||11|||72|||232
n_x|||1|||13|||64|||232
=|||85|||19|||63|||232
void|||1|||0|||1|||233
void|||4|||3|||1|||233
void|||5|||4|||1|||233
void|||9|||8|||1|||233
void|||17|||15|||1|||233
void|||19|||17|||1|||233
(|||110|||21|||29|||233
n|||192|||21|||80|||233
void|||26|||22|||1|||233
nPixel|||1|||23|||2|||233
void|||27|||24|||1|||233
best|||1|||23|||22|||234
]|||39|||23|||27|||234
;|||122|||23|||28|||234
+|||19|||11|||63|||235
*|||132|||24|||29|||235
dvert|||1|||4|||6|||236
rem_thresh|||1|||4|||40|||236
n|||57|||8|||60|||236
ncx_get_ushort_uint|||1|||14|||2|||236
i|||58|||16|||185|||236
,|||92|||17|||133|||236
,|||93|||17|||135|||236
;|||100|||17|||138|||236
Chunk|||1|||25|||4|||236
threadIdx|||11|||9|||36|||237
;|||36|||9|||39|||237
&&|||4|||9|||44|||237
==|||3|||9|||46|||237
{|||6|||2|||52|||238
?|||1|||4|||89|||238
)|||26|||7|||49|||238
n|||148|||16|||126|||238
settings|||7|||25|||106|||238
>=|||1|||0|||74|||239
dataBlockSize|||4|||0|||75|||239
+|||2|||0|||76|||239
#if|||1|||9|||42|||239
=|||67|||14|||72|||239
]|||31|||15|||67|||239
-|||2|||5|||99|||240
m1_rows|||4|||5|||100|||240
;|||9|||3|||24|||241
blockDim|||5|||3|||32|||241
\|||20|||3|||70|||242
(|||14|||3|||73|||242
.|||82|||21|||168|||242
(|||39|||9|||78|||243
=|||38|||9|||133|||243
;|||47|||10|||50|||243
num|||5|||11|||109|||243
idx|||6|||11|||137|||243
;|||57|||11|||142|||243
(|||92|||17|||87|||243
mri|||3|||17|||96|||243
float|||30|||17|||118|||243
=|||86|||19|||73|||243
[|||36|||19|||75|||243
;|||107|||19|||78|||243
for|||12|||19|||81|||243
fields|||1|||13|||15|||244
size_t|||1|||14|||10|||244
n|||128|||14|||19|||244
v|||1|||15|||10|||244
(|||77|||15|||49|||244
float|||33|||19|||14|||244
)|||91|||19|||22|||244
n|||182|||20|||9|||244
int|||90|||20|||18|||244
count|||1|||1|||44|||245
kernel|||1|||5|||176|||245
<|||13|||6|||50|||245
b|||2|||6|||67|||245
[|||19|||6|||68|||245
{|||27|||9|||171|||245
;|||44|||9|||176|||245
)|||47|||10|||85|||245
predictions|||3|||11|||188|||245
0xf0|||1|||24|||67|||245
;|||73|||13|||98|||246
->|||5|||17|||103|||246
==|||4|||9|||56|||247
sizeof|||1|||9|||57|||247
)|||32|||9|||60|||247
x|||39|||12|||37|||248
<|||23|||12|||48|||248
0|||11|||12|||64|||248
]|||42|||25|||91|||248
*|||86|||15|||9|||249
m|||5|||8|||74|||250
float|||27|||16|||8|||250
;|||92|||16|||188|||250
data_cols|||4|||16|||203|||250
)|||82|||16|||221|||250
y|||20|||17|||172|||250
[|||35|||19|||65|||251
i|||64|||19|||76|||251
->|||6|||25|||37|||252
}|||26|||25|||70|||252
\|||218|||25|||71|||252
int|||113|||25|||99|||252
pp|||1|||25|||100|||252
,|||35|||9|||8|||253
{|||33|||11|||114|||253
*|||49|||11|||121|||253
;|||69|||13|||40|||253
int|||77|||17|||33|||253
=|||76|||17|||35|||253
.|||59|||17|||37|||253
*|||100|||17|||39|||253
n|||156|||17|||49|||253
y|||14|||17|||51|||253
=|||78|||17|||69|||253
\|||149|||17|||111|||253
)|||86|||17|||160|||253
\|||156|||17|||162|||253
,|||96|||17|||173|||253
char|||1|||0|||5|||254
x|||25|||9|||7|||254
n|||64|||9|||49|||254
y|||9|||9|||64|||254
(|||38|||9|||73|||254
\|||61|||9|||83|||254
i|||37|||9|||88|||254
;|||38|||9|||95|||254
)|||41|||9|||137|||254
void|||16|||14|||5|||254
(|||122|||24|||3|||254
paddingSize|||1|||0|||13|||255
int|||18|||5|||21|||255
float|||15|||6|||19|||255
in|||1|||8|||13|||255
last_i|||1|||12|||18|||255
{|||57|||18|||11|||255
b|||5|||20|||13|||255
nx|||1|||22|||13|||255
dist|||1|||23|||41|||256
)|||120|||24|||94|||256
{|||8|||3|||87|||257
n|||23|||3|||107|||257
int|||88|||19|||83|||257
gridDim|||4|||23|||81|||257
\|||203|||23|||85|||257
n|||18|||3|||41|||258
;|||50|||11|||50|||258
[|||29|||11|||149|||258
.|||45|||13|||34|||258
==|||8|||16|||96|||258
The|||1|||16|||105|||258
\n|||3|||16|||146|||258
if|||28|||19|||43|||258
n|||189|||21|||48|||258
int|||98|||21|||164|||258
n|||183|||20|||17|||259
x|||10|||4|||50|||260
<|||21|||11|||73|||260
<|||15|||8|||55|||261
n|||56|||8|||56|||261
;|||43|||9|||163|||261
n|||108|||12|||72|||261
known_sum|||2|||12|||154|||261
i|||57|||16|||181|||261
=|||74|||16|||182|||261
+|||46|||21|||74|||261
threadIdx|||27|||21|||75|||261
{|||67|||21|||115|||261
.|||12|||2|||37|||262
i|||15|||4|||76|||262
=|||18|||5|||33|||262
{|||16|||6|||27|||262
j|||9|||8|||36|||262
*|||41|||10|||31|||262
\|||213|||25|||30|||262
)|||7|||2|||51|||263
;|||17|||3|||114|||263
i|||20|||5|||57|||263
.|||19|||6|||34|||263
float|||21|||10|||38|||263
0|||15|||15|||52|||263
4|||2|||15|||56|||263
+|||42|||19|||56|||263
x1|||1|||19|||62|||263
blockDim|||28|||20|||25|||263
.|||75|||20|||30|||263
blockDim|||32|||22|||25|||263
++|||12|||25|||110|||263
[|||7|||3|||143|||264
)|||45|||10|||58|||264
\|||83|||11|||90|||264
scale|||1|||11|||146|||264
n|||107|||12|||59|||264
n|||176|||19|||80|||264
threadIdx|||20|||17|||44|||265
;|||95|||17|||47|||265
int|||78|||17|||50|||265
>=|||6|||17|||154|||265
{|||56|||17|||161|||265
filename|||1|||16|||6|||266
x|||50|||16|||32|||266
.|||54|||16|||35|||266
;|||84|||16|||77|||266
n|||143|||16|||79|||266
\|||133|||16|||100|||266
data_cols|||3|||16|||149|||266
%d|||3|||16|||161|||266
)|||80|||16|||191|||266
{|||36|||12|||79|||267
<|||24|||12|||86|||267
\|||107|||12|||151|||268
(|||104|||19|||141|||268
x1|||3|||19|||142|||268
*|||112|||19|||144|||268
cosf|||2|||19|||145|||268
{|||10|||4|||42|||269
blockIdx|||5|||4|||52|||269
[|||25|||9|||124|||269
.|||48|||14|||28|||269
threadIdx|||16|||14|||31|||269
\|||128|||16|||42|||269
(|||15|||3|||123|||270
i|||12|||3|||144|||270
=|||21|||5|||95|||270
\|||38|||5|||103|||270
n|||38|||5|||104|||270
//|||3|||5|||173|||270
to|||1|||5|||177|||270
;|||18|||3|||119|||271
-|||1|||3|||149|||271
0.|||1|||15|||69|||271
==|||10|||21|||112|||271
\|||184|||21|||134|||271
n|||199|||21|||144|||271
\|||191|||21|||179|||271
\|||192|||21|||188|||271
(|||118|||21|||191|||271
==|||11|||25|||48|||271
(|||139|||25|||117|||271
(|||72|||14|||73|||272
uint|||2|||14|||74|||272
}|||22|||21|||139|||272
{1,|||1|||5|||130|||273
mri|||5|||17|||168|||273
,|||94|||17|||169|||273
*|||70|||13|||14|||274
i|||31|||8|||19|||275
blockIdx|||9|||8|||21|||275
x|||22|||8|||23|||275
cf_t|||1|||9|||5|||275
<|||22|||11|||108|||275
x|||56|||17|||46|||275
\|||144|||17|||48|||275
;|||98|||17|||110|||275
(|||120|||23|||4|||276
const|||1|||1|||11|||277
y|||2|||2|||17|||277
)|||24|||7|||13|||277
.|||25|||8|||22|||277
,|||37|||9|||17|||277
major|||1|||16|||19|||277
*|||98|||17|||23|||277
x|||54|||17|||38|||277
n|||185|||21|||10|||277
]|||36|||21|||40|||277
int|||95|||21|||92|||277
{|||75|||25|||12|||277
]|||21|||8|||94|||278
\|||98|||12|||106|||278
(|||90|||16|||219|||278
i|||60|||16|||224|||278
\|||5|||0|||49|||279
[|||4|||3|||91|||279
]|||5|||3|||111|||279
*|||15|||4|||55|||279
.|||16|||5|||35|||279
;|||26|||5|||52|||279
y|||7|||8|||48|||279
\|||71|||10|||36|||279
n|||135|||15|||35|||279
n|||137|||15|||47|||279
x|||65|||20|||23|||279
int|||10|||4|||17|||280
*|||13|||4|||22|||280
\|||41|||5|||111|||280
i|||43|||10|||22|||280
threadIdx|||13|||11|||64|||280
*|||54|||11|||161|||280
++|||6|||13|||73|||280
n|||134|||15|||18|||280
,|||86|||17|||11|||280
z|||6|||17|||72|||280
float|||31|||17|||141|||280
.|||70|||19|||30|||280
int|||87|||19|||52|||280
\|||163|||19|||69|||280
)|||93|||19|||94|||280
pixels|||1|||23|||10|||280
n|||205|||23|||20|||280
;|||126|||23|||52|||280
+|||51|||24|||25|||280
x|||86|||24|||32|||280
(|||136|||25|||74|||280
n_y|||4|||13|||111|||281
MRIaccumulateMaskedMeansAndVariancesKernel|||1|||17|||2|||281
MRI|||1|||17|||4|||281
,|||85|||17|||7|||281
float|||28|||17|||16|||281
;|||96|||17|||64|||281
\|||145|||17|||65|||281
>=|||4|||17|||95|||281
\|||148|||17|||107|||281
n|||163|||17|||117|||281
;|||101|||17|||146|||281
\|||155|||17|||149|||281
]|||12|||5|||68|||282
n|||39|||5|||107|||282
\|||40|||5|||109|||282
m2_rows|||3|||5|||150|||282
concat_matrix<<<dim3(1,|||1|||5|||181|||282
.|||58|||16|||56|||282
<|||7|||3|||58|||283
blockDim|||17|||12|||35|||283
if|||18|||12|||45|||283
{|||37|||12|||89|||283
\|||115|||13|||117|||283
2.0f|||1|||6|||73|||284
<|||27|||15|||55|||284
+|||44|||20|||28|||284
2,|||1|||5|||131|||285
i|||33|||8|||67|||285
j|||11|||8|||69|||285
]|||20|||8|||80|||285
in|||2|||8|||82|||285
0|||18|||16|||199|||285
=|||16|||4|||84|||286
[|||12|||4|||107|||286
)|||35|||9|||75|||286
{|||26|||9|||100|||286
srslte_simd_f_load|||1|||9|||120|||286
n|||70|||9|||152|||286
)|||56|||12|||65|||286
n|||132|||14|||52|||286
;|||76|||14|||65|||286
n|||12|||2|||7|||287
\|||127|||16|||25|||287
mri_std|||1|||17|||28|||287
{|||42|||13|||81|||288
n_x|||4|||13|||84|||288
m2_rows|||1|||5|||19|||289
c|||1|||6|||17|||289
*|||43|||11|||30|||289
x_size|||1|||13|||18|||289
,|||65|||14|||12|||289
{|||48|||16|||24|||289
len|||3|||18|||9|||289
short|||2|||20|||11|||289
,|||111|||22|||11|||289
blockDim|||20|||15|||30|||290
,|||70|||15|||43|||290
{|||59|||19|||49|||290
*|||123|||21|||170|||290
;|||134|||25|||64|||290
(|||8|||2|||43|||291
10|||1|||2|||50|||291
0|||5|||3|||113|||291
blockIdx|||10|||8|||38|||291
threadIdx|||3|||2|||19|||292
(|||13|||3|||66|||292
x|||18|||6|||43|||292
blockIdx|||8|||7|||20|||292
*|||33|||8|||24|||292
float|||24|||11|||26|||292
.|||50|||15|||23|||292
blockDim|||23|||17|||40|||292
0|||22|||21|||42|||292
=|||96|||21|||94|||292
Pixel|||2|||23|||21|||292
0|||24|||23|||26|||292
<<|||4|||23|||35|||292
dr|||1|||23|||46|||292
*|||4|||1|||19|||293
,|||5|||3|||20|||293
<|||5|||3|||28|||293
defvert_find_index|||1|||4|||111|||293
srslte_simd_cfi_store|||1|||9|||153|||293
if|||32|||21|||107|||293
n|||198|||21|||141|||293
{|||9|||3|||135|||294
n|||79|||10|||57|||294
=|||49|||11|||130|||294
n|||99|||11|||144|||294
float|||26|||11|||145|||294
\|||118|||14|||44|||294
*|||129|||23|||80|||294
,|||14|||4|||24|||295
buffer|||1|||7|||6|||295
*|||36|||9|||11|||295
int|||36|||10|||8|||295
w|||2|||11|||21|||295
,|||56|||12|||11|||295
*|||84|||14|||63|||295
data_rows|||1|||16|||13|||295
low_val|||1|||17|||17|||295
100|||2|||21|||85|||295
Pixel|||1|||23|||8|||295
*|||1|||0|||6|||296
index|||1|||0|||19|||296
dataBlockSize|||2|||0|||39|||296
P|||2|||0|||60|||296
n|||5|||0|||50|||297
blockDim|||33|||23|||68|||297
(|||123|||24|||37|||297
{|||74|||24|||42|||297
const|||14|||24|||56|||297
mri_mask|||2|||17|||130|||298
void|||21|||19|||1|||298
tmp|||1|||19|||119|||298
=|||90|||19|||120|||298
largest|||2|||10|||69|||299
=|||43|||10|||72|||299
}|||10|||10|||80|||299
&&|||7|||12|||100|||300
x|||58|||17|||170|||300
(|||106|||19|||151|||300
)|||107|||21|||130|||300
last_i|||3|||12|||85|||301
n|||111|||12|||107|||301
->|||4|||17|||97|||301
val|||2|||17|||119|||301
z|||10|||17|||136|||301
\|||153|||17|||139|||301
atomicAdd|||1|||17|||181|||301
(|||96|||17|||182|||301
MRIFvox|||1|||17|||184|||301
,|||99|||17|||189|||301
,|||100|||17|||191|||301
)|||63|||13|||57|||302
0|||14|||13|||66|||302
)|||20|||5|||115|||303
m1_cols|||2|||5|||139|||303
int|||24|||5|||153|||303
the|||3|||5|||175|||303
j|||33|||21|||120|||303
2|||1|||21|||132|||303
}|||21|||21|||136|||303
}|||23|||21|||142|||303
n|||200|||21|||147|||303
blockDim|||9|||5|||38|||304
)|||23|||6|||71|||304
\|||69|||9|||172|||304
for|||5|||9|||174|||304
i|||47|||10|||91|||304
[|||31|||11|||189|||304
\|||13|||2|||23|||305
+|||14|||8|||28|||305
int|||46|||11|||53|||305
]|||27|||11|||151|||305
\|||88|||11|||153|||305
.|||46|||13|||38|||305
not|||1|||16|||108|||305
opened|||1|||16|||111|||305
n|||190|||21|||51|||305
[|||45|||25|||58|||305
do_add|||1|||4|||31|||306
z|||2|||9|||16|||306
output|||2|||10|||16|||306
)|||69|||15|||15|||306
1|||11|||23|||34|||306
)|||113|||24|||15|||306
n|||19|||3|||56|||307
->|||2|||3|||141|||307
;|||54|||11|||106|||307
doors|||3|||21|||59|||307
;|||22|||4|||78|||308
*|||57|||12|||5|||308
\|||94|||12|||58|||308
n|||109|||12|||81|||308
ii|||5|||12|||98|||308
;|||64|||12|||105|||308
\|||105|||12|||137|||308
n|||196|||21|||135|||308
}|||24|||21|||145|||308
\|||188|||21|||146|||308
{|||77|||25|||51|||308
cc|||4|||25|||128|||308
indices|||1|||4|||23|||309
MDeformVert|||2|||4|||81|||309
MRI|||3|||17|||12|||309
n|||158|||17|||83|||309
y|||1|||2|||13|||310
int|||32|||8|||18|||310
\|||181|||21|||88|||310
{|||3|||0|||57|||311
for|||1|||3|||72|||311
settings|||4|||25|||62|||311
)|||124|||25|||63|||311
\|||221|||25|||95|||311
,|||79|||16|||148|||312
site_def|||1|||1|||4|||313
const|||4|||4|||25|||313
,|||23|||5|||17|||313
,|||31|||7|||7|||313
y|||8|||9|||12|||313
n|||74|||10|||9|||313
,|||48|||11|||22|||313
int|||54|||12|||12|||313
,|||73|||16|||14|||313
,|||88|||17|||18|||313
__global__|||24|||23|||0|||313
*|||127|||23|||9|||313
x|||9|||2|||38|||314
20|||1|||2|||46|||314
n|||15|||2|||54|||314
y|||10|||9|||123|||314
input|||1|||5|||122|||315
Allocate|||1|||5|||158|||315
*|||35|||9|||6|||315
mri|||1|||17|||6|||315
,|||87|||17|||15|||315
=|||80|||17|||143|||315
pmask|||2|||17|||145|||315
n|||166|||17|||148|||315
int|||83|||19|||4|||315
int|||84|||19|||7|||315
n|||180|||19|||126|||315
(|||119|||22|||3|||315
\|||141|||16|||193|||316
[|||34|||16|||223|||316
i|||7|||3|||78|||317
i|||9|||3|||92|||317
]|||4|||3|||102|||317
\|||27|||4|||43|||317
n|||27|||4|||44|||317
for|||8|||15|||48|||317
]|||6|||3|||145|||318
;|||68|||12|||150|||318
0|||17|||16|||183|||318
if|||36|||25|||43|||318
,|||119|||25|||119|||318
1,|||1|||5|||182|||319
n|||179|||19|||117|||319
int|||96|||21|||153|||319
n|||201|||21|||163|||319
\n|||1|||16|||114|||320
fid|||4|||16|||129|||320
;|||89|||16|||153|||320
)|||78|||16|||166|||320
)|||84|||17|||105|||320
<|||20|||10|||92|||321
4|||1|||11|||176|||321
\|||104|||12|||131|||321
\|||150|||17|||114|||321
(|||10|||3|||3|||322
\|||17|||3|||25|||322
*|||9|||4|||5|||322
,|||12|||4|||16|||322
int|||11|||4|||21|||322
,|||71|||16|||7|||322
mri_mask|||1|||17|||10|||322
SRSLTE_SIMD_F_SIZE|||1|||9|||47|||323
)|||37|||9|||81|||323
=|||37|||9|||119|||323
(|||43|||9|||135|||323
[|||1|||0|||61|||324
{|||22|||8|||71|||324
[|||20|||8|||75|||324
]|||30|||14|||71|||324
;|||1|||0|||32|||325
)|||10|||3|||53|||325
blockDim|||7|||3|||62|||325
for|||2|||3|||122|||325
n|||43|||6|||29|||325
\|||117|||14|||35|||325
blockDim|||26|||18|||21|||325
x|||69|||21|||20|||325
x|||77|||22|||23|||325
12|||1|||24|||74|||325
n|||221|||24|||81|||325
.|||98|||25|||131|||325
;|||67|||12|||143|||326
"|||2|||16|||88|||326
for|||11|||16|||195|||326
fields_to_exchange|||1|||25|||88|||326
while|||1|||12|||82|||327
doors|||5|||21|||124|||327
=|||25|||5|||144|||328
6,|||1|||5|||146|||328
7,|||1|||5|||147|||328
\|||106|||12|||144|||328
z|||12|||17|||192|||328
)|||128|||25|||123|||328
x|||31|||10|||26|||329
\|||75|||10|||78|||329
__syncthreads|||1|||10|||83|||329
main|||2|||12|||133|||330
int|||59|||12|||146|||330
)|||72|||16|||70|||330
fopen|||1|||16|||82|||330
\|||132|||16|||91|||330
)|||76|||16|||135|||330
n|||149|||16|||138|||330
==|||9|||16|||173|||330
n|||152|||16|||178|||330
=|||75|||16|||198|||330
side|||3|||11|||76|||331
tid|||2|||13|||46|||331
n_x|||3|||13|||72|||331
ii|||7|||12|||118|||332
;|||66|||12|||119|||332
\|||100|||12|||120|||332
threadIdx|||19|||16|||55|||332
y|||13|||16|||57|||332
int|||97|||21|||157|||332
i|||72|||21|||183|||332
hv_sol|||1|||3|||108|||333
indices|||3|||4|||90|||333
fprintf|||1|||16|||127|||333
3,|||1|||5|||132|||334
2;\n|||1|||5|||137|||334
n|||59|||8|||73|||334
]|||19|||8|||77|||334
;|||35|||8|||83|||334
\|||56|||8|||84|||334
\|||142|||16|||209|||334
n|||154|||16|||210|||334
=|||29|||6|||60|||335
i|||50|||12|||47|||335
=|||55|||12|||68|||335
;|||72|||13|||71|||335
*|||120|||21|||70|||335
\|||36|||5|||75|||336
n|||36|||5|||76|||336
}|||3|||5|||77|||336
;|||28|||5|||102|||336
(|||127|||24|||71|||336
;|||132|||24|||79|||336
uint8_t|||3|||24|||83|||336
count|||3|||5|||66|||337
m2\n|||1|||5|||126|||337
+|||36|||16|||54|||337
j|||20|||16|||67|||337
doors|||6|||21|||155|||337
if|||33|||21|||181|||337
m2|||1|||5|||16|||338
;|||7|||2|||22|||339
<<|||2|||3|||44|||339
.|||76|||21|||15|||339
.|||37|||11|||57|||340
int|||51|||11|||155|||340
n_y|||1|||13|||44|||340
.|||38|||11|||61|||341
*|||53|||11|||159|||341
=|||63|||13|||80|||341
+|||30|||13|||87|||341
float|||7|||5|||14|||342
simd_f_t|||2|||9|||117|||342
]|||28|||11|||183|||342
const|||8|||13|||12|||342
)|||73|||16|||89|||342
(|||88|||16|||196|||342
vol_flux_x_p|||2|||13|||82|||343
+|||29|||13|||83|||343
*|||73|||13|||89|||343
<|||16|||8|||59|||344
(|||61|||12|||74|||344
x2|||2|||19|||121|||344
void|||23|||21|||1|||344
<|||34|||21|||31|||344
n|||195|||21|||117|||344
n|||88|||11|||69|||345
(|||53|||11|||71|||345
(|||67|||13|||53|||345
<|||25|||13|||55|||345
if|||5|||2|||55|||346
)|||97|||19|||148|||346
SRSLTE_SIMD_CF_SIZE|||1|||9|||43|||347
*|||75|||13|||108|||347
>>|||1|||24|||63|||347
.|||97|||25|||27|||347
[|||46|||25|||89|||347
\|||35|||5|||62|||348
(|||22|||5|||114|||348
if|||15|||10|||62|||348
\|||99|||12|||113|||348
last_i|||4|||12|||116|||348
Min|||1|||14|||80|||348
)|||79|||16|||175|||348
{|||76|||25|||40|||348
int|||1|||0|||18|||349
;|||4|||1|||27|||349
n|||9|||1|||29|||349
{|||12|||5|||28|||349
*|||27|||6|||24|||349
+|||13|||7|||27|||349
\|||52|||8|||33|||349
&|||2|||9|||108|||349
n|||71|||9|||165|||349
blockIdx|||12|||10|||28|||349
i|||45|||10|||66|||349
,|||52|||11|||37|||349
int|||56|||12|||23|||349
.|||53|||16|||31|||349
blockDim|||21|||16|||34|||349
y|||11|||16|||49|||349
=|||82|||18|||16|||349
int|||100|||22|||18|||349
.|||42|||12|||36|||350
x|||67|||20|||31|||350
.|||86|||22|||26|||350
[|||22|||8|||92|||351
Max|||1|||14|||76|||351
"|||12|||16|||217|||351
%|||3|||21|||131|||351
]|||2|||2|||60|||352
[|||17|||6|||57|||352
\|||50|||7|||51|||352
]|||24|||9|||159|||352
+|||26|||11|||191|||352
;|||63|||12|||70|||352
n|||119|||12|||152|||352
0|||16|||16|||174|||352
.|||80|||21|||72|||352
0|||23|||21|||113|||352
(|||116|||21|||152|||352
\|||190|||21|||162|||352
n|||203|||21|||189|||352
+|||49|||22|||28|||352
\|||206|||23|||103|||352
n|||232|||25|||115|||352
chunks|||3|||25|||118|||352
*|||136|||25|||133|||352
nodes|||1|||1|||33|||353
blockIdx|||4|||2|||28|||353
step_sol|||1|||3|||13|||353
)|||8|||3|||14|||353
n|||20|||3|||71|||353
{|||40|||13|||58|||353
\|||111|||13|||59|||353
n|||123|||13|||60|||353
;|||71|||13|||67|||353
threadIdx|||32|||25|||26|||353
}|||25|||25|||67|||353
\|||217|||25|||68|||353
n|||50|||7|||43|||354
num|||1|||4|||18|||355
*|||17|||4|||101|||355
dws|||2|||4|||104|||355
n|||110|||12|||92|||355
z|||8|||17|||80|||355
mask|||1|||17|||142|||355
,|||21|||5|||10|||356
const|||6|||9|||9|||356
(|||58|||12|||3|||356
sum|||2|||12|||6|||356
*|||58|||12|||9|||356
const|||9|||14|||4|||356
(|||98|||18|||3|||356
(|||108|||20|||3|||356
i|||69|||21|||83|||356
*|||124|||22|||5|||356
(|||2|||0|||36|||357
n|||11|||1|||49|||357
;|||24|||4|||117|||357
x|||14|||5|||40|||357
[|||13|||5|||65|||357
[|||14|||5|||71|||357
m2|||2|||5|||96|||357
}|||4|||5|||105|||357
=|||22|||5|||129|||357
Launch|||1|||5|||174|||357
\|||78|||10|||96|||357
n|||184|||20|||34|||357
blockDim|||4|||2|||32|||358
<|||8|||3|||79|||358
)|||12|||3|||86|||358
i|||13|||4|||46|||358
blockIdx|||6|||5|||34|||358
)|||34|||9|||70|||358
*|||48|||11|||77|||358
=|||46|||11|||94|||358
\|||84|||11|||99|||358
n|||91|||11|||100|||358
.|||71|||19|||34|||358
<|||40|||25|||105|||358
,|||83|||16|||214|||359
0|||19|||17|||132|||359
(|||95|||17|||167|||359
*|||113|||19|||149|||359
is_larger|||1|||12|||10|||360
*|||61|||12|||34|||360
n|||105|||12|||44|||360
)|||58|||12|||88|||360
+=|||2|||12|||110|||360
threadIdx|||15|||13|||29|||360
*|||71|||13|||36|||360
x|||43|||13|||39|||360
int|||65|||13|||43|||360
\|||14|||2|||40|||361
j|||2|||2|||48|||361
(|||9|||2|||56|||361
=|||31|||7|||36|||361
value|||2|||7|||40|||361
n|||113|||12|||121|||361
*|||68|||13|||5|||361
,|||58|||13|||7|||361
if|||21|||13|||52|||361
n|||142|||16|||73|||361
FILE|||1|||16|||74|||361
,|||76|||16|||85|||361
,|||103|||19|||6|||361
,|||104|||19|||9|||361
x|||64|||19|||39|||361
float|||34|||19|||61|||361
\|||168|||19|||125|||361
temp|||2|||19|||128|||361
(|||117|||21|||182|||361
=|||56|||12|||95|||362
)|||59|||12|||99|||362
(|||64|||12|||101|||362
+|||47|||21|||128|||362
1|||10|||21|||129|||362
;|||6|||1|||47|||363
,|||6|||3|||22|||363
gridDim|||1|||3|||30|||363
;|||10|||3|||39|||363
n|||29|||4|||70|||363
(|||49|||10|||63|||363
n|||112|||12|||114|||363
(|||74|||14|||81|||363
n|||141|||16|||60|||363
if|||25|||16|||170|||363
\|||214|||25|||41|||363
time_step|||1|||3|||5|||364
real|||1|||3|||7|||364
*|||7|||3|||8|||364
xpp|||1|||14|||8|||364
(|||102|||19|||131|||364
(|||109|||21|||3|||364
)|||102|||21|||33|||364
{|||1|||0|||15|||365
=|||6|||2|||10|||365
y|||4|||6|||21|||365
{|||20|||8|||15|||365
box|||1|||11|||34|||365
{|||34|||12|||20|||365
int|||63|||13|||20|||365
)|||65|||14|||16|||365
i|||55|||16|||28|||365
\|||143|||17|||31|||365
n|||170|||18|||13|||365
int|||85|||19|||19|||365
=|||83|||19|||28|||365
{|||61|||20|||15|||365
{|||70|||22|||15|||365
[|||15|||5|||91|||366
count|||4|||5|||92|||366
++|||4|||5|||93|||366
]|||14|||5|||94|||366
*|||32|||8|||6|||367
n|||58|||8|||64|||367
,|||72|||16|||11|||367
int|||80|||18|||4|||367
a|||6|||22|||6|||367
99|||1|||12|||49|||368
MRIgetVoxVal|||1|||17|||166|||368
y1|||3|||19|||147|||368
*|||95|||17|||5|||369
MRI|||2|||17|||8|||369
mri_dof|||1|||17|||14|||369
n|||160|||17|||108|||369
\|||154|||17|||147|||369
n|||167|||17|||150|||369
index|||7|||3|||118|||370
;|||23|||4|||97|||370
concatenate|||1|||5|||178|||370
n|||102|||11|||179|||370
"|||6|||16|||134|||370
;|||88|||16|||136|||370
major|||2|||16|||172|||370
i|||70|||21|||111|||370
{|||78|||25|||113|||370
=|||51|||11|||157|||371
x_size|||2|||13|||48|||371
x|||62|||19|||31|||371
i|||62|||19|||53|||371
j|||4|||3|||21|||372
gridDim|||3|||3|||60|||372
n|||21|||3|||89|||372
y_sol|||1|||3|||99|||372
[|||6|||3|||109|||372
\|||25|||3|||120|||372
;|||20|||3|||131|||372
j|||3|||2|||62|||373
)|||16|||4|||116|||373
if|||11|||8|||52|||373
r|||2|||9|||161|||373
<|||18|||9|||178|||373
boxes|||2|||11|||180|||373
]|||29|||11|||193|||373
&|||5|||17|||127|||373
threadIdx|||23|||18|||25|||373
;|||111|||19|||115|||373
(|||131|||24|||97|||373
width|||1|||17|||92|||374
[|||24|||9|||110|||375
i|||39|||9|||111|||375
]|||22|||9|||112|||375
n|||67|||9|||116|||375
srslte_simd_cf_mul|||1|||9|||144|||376
a|||4|||9|||146|||376
,|||38|||9|||147|||376
)|||42|||9|||149|||376
=|||70|||15|||68|||377
\|||140|||16|||177|||377
(|||48|||10|||54|||378
->|||3|||17|||91|||378
>=|||5|||17|||101|||378
}|||18|||17|||113|||378
)|||109|||21|||186|||378
<|||6|||3|||43|||379
__alignof__|||1|||9|||52|||379
fprintf|||2|||16|||139|||379
fid|||5|||16|||141|||379
;|||8|||2|||39|||380
&&|||2|||2|||47|||380
,|||91|||17|||131|||380
int|||45|||11|||44|||381
int|||64|||13|||26|||381
low_val|||2|||17|||155|||381
(|||12|||3|||51|||382
)|||62|||13|||22|||382
int|||68|||15|||19|||382
uint32_t|||1|||24|||5|||382
;|||25|||5|||45|||383
<|||12|||5|||82|||383
n|||41|||5|||118|||383
int|||44|||11|||38|||383
*|||91|||16|||33|||383
\|||131|||16|||78|||383
n|||145|||16|||101|||383
cosf|||1|||19|||140|||383
char|||2|||7|||4|||384
*|||78|||14|||6|||384
ushort|||2|||14|||60|||384
void|||10|||9|||1|||385
void|||15|||14|||1|||385
if|||8|||5|||79|||386
n|||40|||5|||110|||386
main|||1|||5|||113|||386
m1|||3|||5|||124|||386
)|||30|||9|||21|||387
int|||35|||9|||25|||387
SRSLTE_SIMD_CF_SIZE|||2|||9|||45|||387
rg|||1|||24|||58|||387
=|||108|||24|||59|||387
int|||6|||2|||25|||388
.|||27|||8|||30|||388
j|||5|||3|||124|||389
\|||48|||7|||32|||389
(|||65|||12|||134|||389
)|||61|||12|||135|||389
int|||75|||16|||44|||389
y|||12|||16|||53|||389
data_rows|||2|||16|||65|||389
&&|||8|||16|||66|||389
\|||130|||16|||72|||389
filename|||2|||16|||84|||389
*|||121|||21|||154|||389
n|||202|||21|||180|||389
c|||3|||7|||35|||390
)|||25|||7|||39|||390
m1_rows|||5|||5|||135|||391
2;\n\n|||1|||5|||141|||391
m2_rows)|||1|||5|||170|||391
i|||1|||1|||14|||392
x|||46|||14|||33|||392
paddingChar|||1|||0|||2|||393
float|||1|||3|||4|||393
,|||3|||3|||6|||393
*|||19|||5|||15|||393
(|||23|||6|||3|||393
n|||42|||6|||5|||393
float|||12|||6|||7|||393
a|||1|||6|||9|||393
float|||13|||6|||11|||393
(|||32|||9|||3|||393
*|||39|||10|||5|||393
*|||79|||14|||7|||393
SS3D_Mtx_Transform|||1|||15|||2|||393
VEC4|||1|||15|||4|||393
*|||107|||19|||11|||393
sinf|||1|||19|||130|||393
*|||114|||20|||5|||393
,|||115|||24|||8|||393
n|||14|||2|||41|||394
<|||4|||2|||49|||394
,|||9|||3|||61|||394
x_sol|||1|||3|||90|||394
[|||5|||3|||100|||394
i|||11|||3|||110|||394
=|||11|||3|||112|||394
n|||25|||3|||121|||394
j|||7|||3|||132|||394
index|||8|||3|||138|||394
=|||14|||4|||47|||394
x|||11|||4|||54|||394
n|||34|||5|||54|||394
{|||17|||6|||53|||394
]|||18|||6|||70|||394
if|||10|||7|||44|||394
i|||30|||7|||46|||394
(|||45|||9|||154|||394
n|||78|||10|||52|||394
j|||16|||15|||54|||394
\n|||4|||16|||162|||394
return|||4|||17|||109|||394
;|||104|||19|||40|||394
x|||66|||20|||27|||394
j|||31|||21|||102|||394
threadIdx|||28|||21|||175|||394
int|||29|||7|||17|||395
0|||12|||12|||77|||395
/|||3|||13|||47|||395
y|||16|||17|||59|||395
&&|||3|||8|||57|||396
(|||31|||8|||66|||396
j|||12|||8|||79|||396
}|||7|||8|||86|||396
)|||81|||16|||207|||396
y1|||2|||19|||137|||396
<|||9|||3|||129|||397
]|||23|||9|||126|||397
if|||16|||10|||89|||397
=|||112|||25|||101|||397
int|||62|||13|||17|||398
tid|||7|||19|||27|||398
int|||103|||23|||31|||398
)|||3|||0|||56|||399
)|||39|||9|||113|||399
n|||94|||11|||112|||399
+|||22|||11|||140|||399
blockDim|||1|||0|||25|||400
.|||3|||0|||30|||400
n|||4|||0|||47|||400
;|||139|||25|||109|||401
>|||5|||3|||49|||402
x|||32|||10|||30|||402
n|||77|||10|||44|||402
;|||60|||12|||25|||402
}|||2|||0|||69|||403
;|||15|||3|||96|||403
\|||23|||3|||106|||403
stencil_size|||1|||3|||130|||403
+=|||1|||9|||97|||403
n|||66|||9|||102|||403
for|||6|||11|||101|||403
side|||6|||11|||131|||403
;|||80|||15|||53|||403
mri|||4|||17|||102|||403
y2|||1|||19|||109|||403
.|||74|||20|||26|||403
void|||6|||5|||1|||404
void|||11|||10|||1|||404
int|||53|||12|||8|||404
void|||20|||18|||1|||404
;|||117|||21|||78|||404
\|||180|||21|||79|||404
n|||186|||21|||27|||405
if|||30|||21|||28|||405
.|||81|||21|||76|||405
(|||35|||9|||58|||406
i|||44|||10|||55|||406
i|||46|||10|||75|||406
n|||82|||10|||82|||406
*|||3|||1|||5|||407
*|||81|||14|||26|||407
.|||92|||24|||23|||407
blockDim|||35|||24|||30|||407
const|||13|||24|||45|||407
m|||1|||5|||26|||408
int|||37|||10|||21|||408
int|||48|||11|||92|||408
+|||38|||17|||60|||408
(|||28|||7|||45|||409
simd_cf_t|||4|||9|||141|||409
return|||3|||16|||120|||409
,|||81|||16|||159|||409
,|||84|||16|||218|||409
m|||2|||5|||64|||410
m1|||2|||5|||70|||410
m1[]|||1|||5|||128|||410
++|||9|||16|||206|||410
doors|||4|||21|||118|||410
*|||11|||4|||13|||411
concat_matrix|||1|||5|||2|||411
mset|||1|||8|||2|||411
softmax_array|||1|||10|||2|||411
,|||40|||10|||7|||411
convert_coco_detections|||1|||11|||2|||411
square|||1|||11|||15|||411
test_omp_parallel_for_ordered|||1|||12|||2|||411
char|||5|||16|||4|||411
zero_array|||1|||18|||2|||411
rows|||1|||19|||5|||411
cube_s|||1|||20|||2|||411
door|||1|||21|||2|||411
copy0|||1|||22|||2|||411
\|||137|||16|||137|||412
%d|||2|||16|||145|||412
;|||140|||25|||124|||412
threadIdx|||7|||6|||41|||413
i|||26|||6|||58|||413
+|||16|||9|||35|||413
;|||46|||10|||42|||413
halo_update_driver|||1|||25|||116|||413
n_y|||2|||13|||54|||414
1|||6|||13|||92|||414
mass_flux_x_p|||2|||13|||105|||414
<|||39|||25|||35|||414
\|||215|||25|||52|||414
=|||113|||25|||129|||414
void|||8|||7|||1|||415
void|||12|||11|||1|||415
void|||13|||12|||1|||415
n|||223|||25|||31|||415
)|||28|||8|||61|||416
<|||30|||16|||186|||416
data_rows|||4|||16|||187|||416
y|||19|||17|||134|||416
*|||40|||10|||15|||417
mtx|||1|||15|||14|||417
=|||101|||23|||33|||417
dst|||1|||24|||14|||417
(|||11|||3|||36|||418
input|||2|||10|||6|||419
num|||3|||11|||12|||419
,|||46|||11|||16|||419
double|||2|||13|||8|||419
*|||96|||17|||9|||419
*|||97|||17|||13|||419
float|||32|||19|||10|||419
=|||91|||19|||129|||419
(|||3|||0|||52|||420
<|||2|||0|||80|||420
,|||19|||4|||114|||420
.|||17|||5|||39|||420
;|||30|||6|||74|||420
\|||53|||8|||50|||420
{|||29|||10|||59|||420
\|||89|||11|||178|||420
++|||7|||15|||58|||420
(|||83|||16|||128|||420
\n|||2|||16|||133|||420
data_range|||2|||16|||165|||420
(|||86|||16|||171|||420
pmask|||1|||17|||125|||420
x|||61|||18|||23|||420
x|||71|||21|||69|||420
&|||8|||24|||76|||420
)|||127|||25|||112|||420
m1_cols|||1|||5|||12|||421
.|||18|||5|||43|||421
\|||37|||5|||88|||421
weightvg_update_vg|||1|||4|||2|||422
update_halo_kernel3_minus_4_b_c_wrapper|||1|||13|||2|||422
(|||69|||14|||3|||422
const|||12|||24|||4|||422
blockIdx|||31|||24|||26|||422
for|||3|||5|||160|||423
argb|||4|||24|||88|||423
>>|||3|||24|||89|||423
if|||9|||6|||47|||424
i|||27|||6|||64|||424
n|||72|||9|||168|||424
-|||4|||10|||48|||424
\|||216|||25|||65|||424
if|||3|||0|||71|||425
.|||14|||4|||53|||425
i|||52|||12|||62|||425
\|||114|||13|||99|||425
*|||102|||17|||73|||425
\|||166|||19|||106|||425
.|||90|||23|||78|||425
argb|||1|||24|||47|||425
;|||131|||24|||53|||425
cc|||2|||25|||34|||425
num|||4|||11|||78|||426
x|||63|||19|||35|||426
tid|||9|||19|||57|||426
real|||2|||3|||11|||427
*|||8|||3|||12|||427
,|||49|||11|||25|||427
,|||57|||12|||15|||427
side|||5|||11|||97|||428
;|||55|||11|||110|||428
=|||48|||11|||119|||428
*|||52|||11|||138|||428
\|||87|||11|||143|||428
blockDim|||29|||21|||18|||429
\|||179|||21|||62|||429
,|||109|||21|||156|||429
(|||7|||2|||3|||430
ar|||1|||18|||6|||430
int|||89|||20|||8|||430
*|||117|||21|||5|||430
float|||41|||22|||8|||430
i|||22|||5|||81|||431
n|||37|||5|||89|||431
[|||16|||5|||97|||431
m2[]|||1|||5|||143|||431
.|||7|||2|||12|||432
)|||11|||3|||68|||432
n|||53|||8|||17|||432
h|||1|||11|||24|||432
x|||42|||13|||35|||432
threadIdx|||17|||15|||22|||432
+|||34|||15|||25|||432
;|||78|||15|||38|||432
(|||100|||19|||44|||432
}|||20|||21|||49|||432
(|||135|||25|||55|||432
\|||16|||3|||16|||433
n|||17|||3|||26|||433
>|||2|||3|||34|||433
{|||23|||8|||88|||433
[|||32|||14|||69|||433
threadIdx|||21|||17|||61|||433
\|||185|||21|||137|||433
\|||189|||21|||148|||433
gray|||1|||23|||16|||434
0|||25|||23|||92|||434
]|||1|||0|||63|||435
count|||2|||5|||49|||435
(|||24|||6|||48|||435
]|||17|||6|||65|||435
y|||6|||8|||44|||435
if|||19|||12|||60|||435
->|||8|||25|||87|||435
else|||2|||5|||78|||436
matrices|||1|||5|||123|||436
if|||12|||8|||65|||436
[|||21|||8|||78|||436
n|||60|||8|||85|||436
i|||53|||12|||75|||436
(|||62|||12|||83|||436
}|||11|||12|||90|||436
check_i_islarger2|||1|||12|||96|||436
n|||118|||12|||145|||436
j|||21|||16|||197|||436
fprintf|||4|||16|||211|||436
n|||168|||17|||163|||436
x1|||2|||19|||132|||436
(|||103|||19|||136|||436
{|||63|||21|||34|||436
=|||97|||21|||122|||436
[|||41|||21|||125|||436
;|||120|||21|||133|||436
\|||187|||21|||143|||436
,|||47|||11|||19|||437
{|||32|||11|||80|||437
index|||10|||11|||182|||437
*|||16|||4|||82|||438
?|||2|||4|||105|||438
*|||56|||11|||175|||438
(|||59|||12|||46|||438
\|||147|||17|||84|||438
[|||11|||4|||91|||439
n|||31|||4|||99|||439
+|||7|||5|||41|||439
.|||29|||8|||43|||439
{|||55|||17|||106|||440
i|||3|||2|||44|||441
.|||28|||8|||39|||441
)|||103|||21|||60|||441
simd_f_t|||3|||9|||131|||442
\|||65|||9|||139|||442
n|||69|||9|||140|||442
(|||44|||9|||145|||442
n|||55|||8|||51|||443
j|||17|||15|||59|||443
=|||79|||17|||126|||443
)|||88|||17|||193|||443
i|||74|||23|||98|||443
blockDim|||16|||11|||60|||444
side|||8|||11|||158|||444
vol_flux_x|||1|||13|||79|||444
n|||207|||23|||39|||444
blockIdx|||16|||14|||23|||445
(|||75|||14|||84|||445
[|||42|||21|||193|||445
Pixel|||3|||23|||105|||445
float|||3|||4|||33|||446
\|||207|||24|||17|||446
&|||7|||24|||66|||447
x|||16|||6|||35|||448
*|||28|||6|||36|||448
largest|||3|||10|||71|||449
=|||17|||4|||103|||450
[|||28|||10|||74|||450
(|||51|||10|||90|||450
n|||85|||11|||43|||450
)|||53|||11|||174|||450
.|||67|||17|||79|||450
0|||21|||19|||86|||450
=|||88|||19|||100|||450
rand_d|||3|||19|||101|||450
=|||95|||21|||66|||450
;|||128|||23|||84|||450
n|||214|||23|||88|||450
)|||15|||4|||67|||451
j|||25|||19|||88|||451
++|||10|||19|||92|||451
[|||37|||19|||102|||451
int|||109|||23|||89|||451
argb|||2|||24|||62|||451
if|||1|||0|||35|||452
;|||11|||3|||54|||452
fid|||3|||16|||95|||452
threadIdx|||26|||21|||22|||452
__syncthreads|||2|||25|||73|||452
{|||2|||0|||41|||453
}|||1|||0|||48|||453
*|||51|||11|||134|||453
=|||52|||11|||186|||453
{|||49|||16|||71|||453
(|||80|||16|||83|||453
argb|||3|||24|||72|||453
\|||211|||24|||80|||453
ba|||1|||24|||84|||453
(|||6|||1|||36|||454
=|||8|||3|||75|||454
i|||19|||5|||32|||454
x|||40|||12|||41|||454
x|||49|||15|||32|||454
"|||3|||16|||104|||454
)|||77|||16|||152|||454
n|||159|||17|||85|||454
n|||173|||19|||51|||454
\|||176|||21|||47|||454
void|||24|||21|||54|||454
*|||119|||21|||58|||454
r|||3|||23|||51|||454
n|||226|||25|||66|||454
.|||87|||23|||61|||455
=|||100|||23|||23|||456
n|||126|||13|||100|||457
,|||67|||14|||83|||457
)|||89|||17|||196|||457
;|||103|||17|||197|||457
int|||21|||5|||134|||458
==|||2|||8|||68|||458
)|||29|||8|||70|||458
;|||93|||16|||200|||458
,|||95|||17|||171|||458
sinf|||2|||19|||135|||458
+|||43|||19|||139|||458
>|||1|||3|||33|||459
\|||19|||3|||55|||459
n|||22|||3|||98|||459
nodes|||3|||3|||140|||459
blockIdx|||2|||1|||20|||460
x|||28|||9|||38|||460
len|||2|||9|||90|||460
.|||34|||10|||25|||460
;|||48|||10|||77|||460
idx|||3|||11|||86|||460
1|||4|||12|||149|||460
P|||1|||0|||7|||461
defgrp_idx|||1|||4|||9|||461
*|||83|||14|||61|||461
(|||78|||16|||3|||461
*|||130|||24|||6|||461
(|||132|||25|||3|||461
void|||2|||1|||1|||462
void|||7|||6|||1|||462
void|||14|||13|||1|||462
void|||18|||16|||1|||462
fid|||7|||16|||213|||462
.|||95|||25|||19|||462
*|||135|||25|||21|||462
,|||10|||4|||7|||463
)|||14|||4|||41|||463
+|||6|||4|||51|||463
int|||41|||11|||17|||463
int|||52|||12|||4|||463
,|||55|||12|||7|||463
blockDim|||19|||14|||27|||463
)|||67|||14|||62|||463
,|||68|||15|||7|||463
.|||55|||16|||39|||463
.|||64|||17|||62|||463
100|||1|||21|||32|||463
<|||35|||21|||84|||463
*|||34|||8|||41|||464
box_index|||2|||11|||190|||464
blockIdx|||27|||21|||67|||464
{|||69|||21|||187|||464
;|||27|||5|||74|||465
int|||22|||5|||138|||465
;|||70|||13|||49|||465
=|||98|||21|||166|||466
)|||125|||25|||75|||466
blockIdx|||1|||0|||21|||467
j|||1|||2|||26|||467
int|||13|||4|||36|||467
.|||23|||7|||25|||467
x|||24|||8|||31|||467
}|||9|||9|||169|||467
)|||49|||11|||40|||467
blockIdx|||15|||13|||33|||467
blockIdx|||24|||19|||29|||467
*|||118|||21|||17|||467
threadIdx|||31|||24|||22|||467
.|||96|||25|||23|||467
+|||1|||0|||28|||468
n|||3|||0|||43|||468
return|||1|||0|||44|||468
;|||2|||0|||45|||468
\|||9|||1|||28|||468
;|||45|||10|||35|||468
ii|||1|||12|||24|||468
int|||67|||14|||20|||468
x|||51|||16|||36|||468
blockIdx|||23|||18|||17|||468
{|||58|||19|||23|||468
j|||35|||22|||19|||468
[|||33|||15|||65|||469
n|||16|||3|||17|||470
\|||57|||8|||89|||470
)|||75|||16|||116|||471
"|||5|||16|||131|||471
n|||150|||16|||155|||471
\|||139|||16|||168|||471
n|||1|||0|||17|||472
==|||1|||0|||54|||472
x|||6|||1|||26|||472
)|||17|||5|||27|||472
float|||16|||6|||23|||472
x|||27|||9|||34|||472
+|||18|||10|||27|||472
[|||27|||10|||65|||472
boxes|||1|||11|||36|||472
n|||103|||12|||22|||472
\|||116|||14|||18|||472
blockIdx|||18|||16|||30|||472
i|||61|||18|||15|||472
hist|||1|||19|||21|||472
n|||204|||22|||17|||472
+|||3|||1|||23|||473
float|||8|||5|||24|||473
\|||70|||10|||19|||473
*|||46|||11|||59|||473
blockDim|||11|||7|||24|||474
.|||41|||12|||32|||474
.|||43|||12|||40|||474
(|||81|||16|||94|||474
x|||68|||21|||16|||474
}|||19|||21|||46|||474
<=|||2|||21|||98|||474
settings|||6|||25|||86|||474
generate_v|||1|||3|||57|||475
=|||10|||3|||103|||475
neighbors|||1|||3|||142|||475
j|||8|||3|||147|||475
0|||7|||5|||51|||475
threadIdx|||10|||8|||46|||475
n|||93|||11|||107|||475
)|||51|||11|||113|||475
idx|||5|||11|||120|||475
n|||98|||11|||141|||475
*|||55|||11|||170|||475
,|||11|||4|||10|||476
float|||6|||5|||4|||476
*|||29|||7|||5|||476
FLT|||1|||8|||4|||476
float|||17|||9|||10|||476
*|||42|||11|||5|||476
int|||38|||11|||8|||476
*|||69|||13|||9|||476
int|||70|||16|||12|||476
(|||99|||19|||3|||476
if|||31|||21|||81|||476
,|||112|||23|||7|||476
\|||2|||0|||33|||477
if|||2|||0|||51|||477
threadIdx|||2|||1|||24|||477
>|||7|||3|||63|||477
*|||20|||5|||25|||477
*m;\n|||1|||5|||166|||477
dim3(m1_rows|||1|||5|||184|||477
n|||75|||10|||20|||477
n|||87|||11|||52|||477
;|||59|||11|||177|||477
)|||57|||12|||78|||477
)|||74|||16|||98|||477
was|||1|||16|||107|||477
.|||69|||18|||22|||477
+|||45|||21|||21|||477
chunks|||2|||25|||57|||477
x|||38|||12|||33|||478
\|||92|||12|||43|||478
;|||62|||12|||57|||478
(|||60|||12|||61|||478
is_larger|||4|||12|||147|||478
)|||108|||21|||160|||478
\|||204|||23|||87|||478
0|||2|||3|||76|||479
i|||8|||3|||84|||479
)|||33|||9|||65|||479
z|||3|||9|||74|||479
n|||65|||9|||84|||479
;|||41|||9|||138|||479
side|||2|||11|||74|||479
if|||26|||17|||86|||479
rand_d|||2|||19|||64|||479
threadIdx|||30|||23|||60|||479
x|||80|||23|||66|||479
uint32_t|||2|||24|||46|||479
i|||66|||21|||30|||480
(|||112|||21|||82|||480
++|||11|||21|||101|||480
+|||48|||21|||174|||480
nowait_example2|||1|||6|||2|||481
float|||18|||10|||4|||481
float|||23|||11|||4|||481
calc_angles_RR_kernel|||1|||19|||2|||481
y2|||2|||19|||123|||481
short|||1|||20|||4|||481
pIndexed|||1|||23|||6|||481
n|||2|||0|||34|||482
m1_rows|||3|||5|||83|||482
n|||90|||11|||91|||482
*|||88|||15|||29|||482
i|||54|||15|||42|||482
)|||92|||19|||48|||482
]|||37|||21|||121|||482
x|||74|||21|||169|||482
{|||71|||23|||18|||482
buffersize|||2|||7|||48|||483
simd_cf_t|||3|||9|||103|||483
z|||4|||9|||156|||483
r_|||2|||15|||64|||483
(|||101|||19|||82|||483
cudaMalloc(&m,|||1|||5|||167|||484
x|||48|||15|||28|||484
int|||69|||15|||41|||484
{|||50|||16|||99|||484
rows|||2|||19|||47|||484
m|||6|||8|||91|||485
*|||65|||12|||102|||485
is_larger|||3|||12|||103|||485
n|||169|||17|||180|||485
\|||169|||19|||155|||485
n|||181|||19|||156|||485
\|||186|||21|||140|||485
n__global__|||2|||21|||149|||485
void|||25|||21|||150|||485
dataBlockSize|||5|||0|||81|||486
[|||3|||2|||61|||486
defgrp_idx|||2|||4|||115|||486
\|||46|||6|||75|||486
n|||51|||7|||52|||486
0|||10|||11|||192|||486
+|||40|||18|||24|||486
]|||35|||19|||114|||486
(|||130|||24|||96|||486
<|||19|||10|||56|||487
*|||128|||23|||67|||487
n|||212|||23|||73|||487
x|||82|||23|||79|||487
\|||55|||8|||72|||488
i|||34|||8|||76|||488
)|||96|||19|||143|||488
\|||8|||1|||9|||489
num|||2|||4|||66|||490
;|||108|||19|||87|||490
n|||81|||10|||79|||491
{|||47|||15|||61|||491
||||1|||24|||69|||491
0xf|||1|||24|||77|||491
.|||33|||9|||37|||492
tid|||5|||14|||70|||492
n|||28|||4|||61|||493
.|||21|||6|||42|||493
]|||16|||6|||59|||493
<|||14|||7|||47|||493
simd_cf_t|||2|||9|||79|||493
\|||72|||10|||43|||493
+|||33|||14|||30|||493
;|||75|||14|||47|||493
fid|||2|||16|||80|||493
\|||136|||16|||125|||493
int|||108|||23|||74|||493
settings|||2|||25|||36|||493
x|||15|||5|||44|||494
(|||20|||5|||56|||494
\|||42|||5|||117|||494
float|||10|||5|||142|||494
=|||27|||5|||155|||494
=|||34|||8|||81|||495
"|||11|||16|||215|||495
%d|||4|||16|||216|||495
0|||20|||17|||176|||495
cosf|||3|||19|||150|||495
)|||98|||19|||153|||495
)|||114|||24|||41|||496
\|||209|||24|||43|||496
]|||40|||24|||52|||496
n|||63|||9|||41|||497
sizeof|||3|||9|||77|||497
n|||68|||9|||130|||497
rcpb|||1|||9|||132|||497
*|||72|||13|||85|||497
(|||37|||9|||68|||498
&|||3|||9|||122|||498
=|||107|||24|||48|||499
\|||210|||24|||54|||499
