n|||13|||11|||114|||0
for|||4|||2|||29|||1
1|||2|||2|||45|||1
;|||21|||3|||66|||1
num|||2|||4|||52|||1
m1|||4|||5|||46|||1
#pragma|||2|||6|||35|||1
*|||38|||11|||144|||1
{|||32|||13|||61|||1
=|||67|||14|||53|||1
data_rows|||2|||16|||101|||1
width|||3|||17|||56|||1
;|||143|||19|||47|||1
(|||104|||22|||21|||1
;|||159|||23|||32|||1
;|||14|||3|||21|||2
=|||18|||4|||47|||2
0|||13|||4|||48|||2
;|||29|||4|||49|||2
temp_sol|||2|||3|||24|||3
,|||12|||4|||27|||3
.|||4|||5|||33|||3
z|||1|||6|||24|||3
=|||27|||6|||44|||3
=|||29|||7|||16|||3
)|||38|||10|||20|||3
input|||3|||10|||61|||3
,|||44|||11|||27|||3
j|||16|||14|||79|||3
int|||60|||18|||8|||3
]|||37|||22|||11|||3
,|||7|||4|||6|||4
*|||7|||4|||12|||4
update_halo_kernel3_minus_4_b_c_wrapper|||1|||13|||2|||4
restrict|||2|||13|||11|||4
(|||61|||14|||2|||4
(|||111|||24|||55|||4
;|||72|||11|||77|||5
n|||11|||11|||89|||5
int|||36|||11|||101|||5
+|||13|||11|||158|||5
float|||3|||4|||31|||6
SRSLTE_IS_ALIGNED|||2|||9|||41|||6
,|||48|||11|||45|||6
0|||28|||13|||37|||6
*|||70|||19|||19|||6
*|||4|||3|||11|||7
n|||3|||8|||9|||7
)|||53|||14|||15|||7
int|||68|||21|||5|||7
b|||5|||22|||9|||7
for|||3|||2|||15|||8
,|||28|||8|||17|||8
#pragma|||4|||12|||29|||8
if|||7|||16|||117|||8
start|||3|||19|||32|||8
=|||44|||11|||51|||9
)|||42|||11|||62|||9
row|||1|||11|||65|||9
0|||24|||11|||82|||9
=|||48|||11|||94|||9
[|||24|||11|||120|||9
n|||14|||11|||142|||9
,|||89|||17|||49|||9
depth|||4|||17|||78|||9
i|||8|||1|||36|||10
[|||10|||3|||108|||10
int|||66|||19|||58|||10
0|||44|||19|||61|||10
<|||27|||19|||64|||10
)|||43|||11|||90|||11
,|||40|||11|||15|||12
box_index|||2|||11|||157|||12
;|||163|||23|||54|||12
=|||4|||1|||15|||13
;|||18|||3|||42|||13
*|||58|||14|||137|||13
;|||131|||17|||57|||13
for|||40|||21|||49|||13
chunks|||2|||25|||50|||13
i|||21|||3|||97|||14
i|||87|||16|||134|||14
SqareDown|||1|||2|||1|||15
test_omp_parallel_for_ordered|||1|||12|||1|||15
door|||1|||21|||1|||15
num|||1|||4|||16|||16
indices|||1|||4|||21|||16
,|||39|||11|||12|||16
;|||20|||3|||59|||17
int|||10|||4|||34|||17
-|||5|||10|||33|||17
{|||25|||11|||63|||17
for|||27|||15|||21|||17
==|||5|||16|||47|||17
;|||135|||17|||79|||17
(|||94|||19|||24|||17
i|||90|||19|||30|||17
=|||90|||19|||42|||17
+|||21|||24|||23|||17
(|||117|||25|||49|||18
=|||113|||25|||116|||18
SRSLTE_SIMD_CF_SIZE|||2|||9|||30|||19
==|||2|||9|||31|||19
(|||56|||12|||38|||19
sum|||5|||12|||71|||19
known_sum|||2|||12|||77|||19
++|||2|||2|||40|||20
++|||8|||8|||31|||20
+|||18|||13|||86|||20
)|||56|||14|||65|||20
;|||116|||15|||41|||20
MRIvox|||1|||17|||101|||20
&|||8|||24|||61|||20
count|||2|||5|||13|||21
for|||12|||8|||20|||21
=|||65|||14|||43|||21
0|||36|||16|||121|||21
MRI|||4|||17|||21|||21
BUFTYPE|||1|||17|||46|||21
,|||82|||17|||20|||22
void|||5|||4|||0|||23
matrix|||1|||5|||0|||23
static|||2|||23|||0|||23
void|||20|||24|||0|||23
n_y|||4|||13|||72|||24
*|||43|||13|||73|||24
xdim0_update_halo_kernel3_minus_4_b|||1|||13|||74|||24
*|||44|||13|||75|||24
(|||58|||13|||3|||25
double|||1|||13|||4|||25
n_y|||2|||13|||39|||25
{|||33|||13|||65|||25
ptr_double|||2|||13|||81|||25
buffer|||2|||7|||47|||26
;|||50|||8|||38|||26
0|||42|||17|||116|||26
)|||18|||5|||59|||27
(|||43|||9|||111|||27
]|||19|||9|||116|||27
dr|||1|||23|||37|||27
.|||2|||5|||25|||28
->|||5|||17|||61|||28
n_y|||5|||13|||91|||29
get_maxnodes|||1|||1|||16|||30
int|||9|||4|||28|||30
rows|||2|||5|||34|||30
)|||19|||6|||25|||30
0|||16|||6|||45|||30
]|||15|||6|||63|||30
{|||22|||10|||21|||30
[|||23|||10|||62|||30
x_size|||1|||13|||21|||30
ENDCOM|||6|||13|||31|||30
=|||75|||15|||24|||30
fprintf|||1|||16|||76|||30
,|||87|||17|||38|||30
;|||140|||17|||121|||30
,|||99|||22|||12|||30
chunks|||1|||25|||13|||30
*|||27|||11|||29|||31
=|||45|||11|||66|||31
i|||67|||11|||67|||31
num|||4|||11|||86|||31
+|||7|||11|||98|||31
;|||147|||19|||78|||31
:|||1|||4|||79|||32
,|||35|||10|||13|||32
if|||4|||10|||50|||32
(|||47|||10|||51|||32
input|||2|||10|||52|||32
largest|||2|||10|||57|||32
=|||56|||12|||40|||32
=|||64|||13|||83|||32
1|||13|||13|||95|||32
{|||39|||14|||162|||32
v|||2|||23|||56|||32
9|||1|||0|||35|||33
writing|||1|||16|||68|||33
,|||77|||16|||113|||33
==|||6|||16|||120|||33
dv|||2|||4|||96|||34
)|||46|||11|||163|||34
;|||96|||13|||99|||34
x2|||2|||19|||90|||34
y|||2|||9|||11|||35
,|||34|||10|||10|||35
,|||42|||11|||21|||35
VEC4|||2|||15|||6|||35
,|||67|||16|||13|||35
,|||81|||17|||17|||35
*|||71|||23|||8|||35
)|||10|||3|||30|||36
[|||8|||3|||96|||36
;|||95|||13|||80|||36
_SX|||1|||14|||18|||37
(|||71|||14|||150|||37
bestDist|||1|||23|||27|||37
src|||1|||24|||6|||37
int|||40|||12|||8|||38
++|||22|||21|||22|||38
]|||34|||21|||29|||38
1|||16|||21|||54|||38
i|||49|||9|||63|||39
+=|||1|||9|||64|||39
simd_cf_t|||1|||9|||68|||39
count|||1|||1|||22|||40
;|||7|||1|||31|||40
<|||19|||14|||156|||41
j|||30|||19|||68|||41
*|||72|||23|||51|||41
pixels|||3|||23|||52|||41
;|||26|||3|||104|||42
[|||29|||15|||36|||42
mass_flux_x|||1|||13|||82|||43
int|||74|||23|||11|||43
i|||5|||1|||11|||44
:|||2|||4|||93|||44
!=|||1|||7|||46|||44
C|||1|||25|||43|||44
{|||66|||25|||45|||44
settings|||9|||25|||107|||44
,|||108|||25|||108|||44
[|||34|||19|||83|||45
float|||31|||19|||87|||45
doors|||4|||21|||79|||45
int|||14|||6|||27|||46
i|||34|||6|||47|||46
b|||2|||6|||65|||46
{|||17|||8|||14|||46
i|||55|||10|||23|||46
]|||21|||10|||64|||46
ptr_double|||1|||13|||62|||47
\n|||1|||16|||69|||47
x_size|||2|||13|||56|||48
;|||94|||13|||57|||48
)|||5|||2|||3|||49
,|||4|||3|||9|||49
matrix|||3|||5|||6|||49
int|||18|||8|||8|||49
float|||23|||17|||18|||49
*|||66|||17|||26|||49
;|||4|||1|||12|||50
{|||4|||2|||4|||50
float|||14|||10|||14|||50
SIZEOF_USHORT|||1|||14|||22|||50
}|||9|||14|||140|||50
)|||66|||16|||22|||50
=|||88|||18|||16|||50
1|||14|||21|||16|||50
num|||9|||23|||12|||50
++|||13|||13|||44|||51
)|||51|||13|||45|||51
(|||116|||25|||47|||51
j|||22|||15|||27|||52
for|||38|||21|||11|||52
i|||28|||4|||80|||53
[|||15|||6|||55|||53
SRSLTE_SIMD_CF_SIZE|||4|||9|||65|||53
(|||69|||14|||113|||53
{|||57|||21|||63|||53
)|||91|||23|||46|||53
CARD32|||1|||23|||55|||53
>>|||2|||24|||58|||53
;|||5|||1|||20|||54
=|||16|||3|||92|||54
matrix|||4|||5|||17|||54
<<|||1|||23|||30|||54
++|||6|||6|||52|||55
i|||52|||9|||115|||55
i|||59|||10|||54|||55
=|||49|||11|||103|||55
=|||50|||11|||118|||55
;|||101|||14|||50|||55
++|||28|||25|||99|||55
,|||10|||4|||17|||56
,|||11|||4|||22|||56
=|||20|||4|||69|||56
dws|||2|||4|||87|||56
float|||15|||10|||17|||56
)|||24|||7|||41|||57
d|||2|||16|||95|||57
\n|||3|||16|||96|||57
->|||3|||3|||94|||58
n|||4|||8|||28|||58
srslte_simd_f_rcp|||1|||9|||95|||58
i|||54|||9|||136|||58
]|||24|||11|||160|||58
)|||65|||15|||33|||58
,|||51|||13|||19|||59
omp|||6|||13|||28|||59
float|||26|||19|||13|||59
MINLINE|||1|||20|||0|||59
Chunk|||1|||25|||11|||59
j|||9|||3|||87|||60
;|||66|||10|||65|||61
=|||81|||17|||53|||62
mri|||2|||17|||54|||62
{|||53|||20|||7|||63
=|||101|||22|||23|||63
;|||23|||3|||76|||64
int|||11|||4|||41|||64
{|||19|||9|||51|||64
SRSLTE_SIMD_CF_SIZE|||3|||9|||59|||64
[|||31|||19|||44|||64
,|||50|||13|||13|||65
fid|||4|||16|||78|||65
*|||74|||24|||12|||65
uint32_t|||2|||24|||17|||65
cf_t|||2|||9|||13|||66
;|||82|||12|||16|||66
parallel|||2|||12|||31|||66
7|||1|||14|||72|||66
;|||6|||1|||25|||67
;|||114|||15|||26|||67
;|||162|||23|||41|||67
int|||26|||11|||10|||68
+|||9|||11|||113|||68
out|||1|||15|||4|||68
file|||1|||16|||56|||68
ushort|||2|||14|||37|||69
*|||51|||14|||38|||69
*|||53|||14|||61|||69
,|||97|||19|||16|||70
+|||3|||5|||49|||71
;|||63|||10|||35|||71
i|||72|||12|||15|||71
j|||21|||15|||23|||71
0|||18|||7|||33|||72
;|||88|||12|||54|||72
ENDCOM|||5|||12|||58|||72
&&|||1|||1|||35|||73
i|||13|||2|||49|||73
x_sol|||1|||3|||53|||73
=|||33|||8|||36|||73
.|||6|||5|||41|||74
*|||12|||5|||57|||74
for|||17|||10|||67|||74
4|||1|||11|||145|||74
=|||23|||5|||23|||75
major|||1|||16|||18|||75
[|||32|||19|||52|||75
for|||11|||7|||29|||76
#pragma|||5|||12|||55|||76
printf|||1|||16|||51|||76
opened|||1|||16|||64|||76
}|||11|||21|||33|||76
%|||6|||21|||67|||76
j|||37|||21|||75|||76
(|||4|||1|||17|||77
+|||2|||5|||35|||77
{|||13|||6|||26|||77
;|||39|||6|||46|||77
int|||24|||10|||22|||77
i|||60|||10|||63|||77
(|||59|||13|||33|||77
rand_r|||1|||19|||15|||77
int|||72|||22|||13|||77
)|||33|||9|||78|||78
(|||44|||9|||126|||78
+|||14|||11|||161|||78
0.|||1|||15|||40|||78
=|||95|||19|||89|||78
;|||166|||24|||64|||78
[|||41|||23|||22|||79
uint32_t|||1|||24|||4|||79
)|||92|||24|||14|||79
Settings|||1|||25|||15|||79
for|||9|||6|||37|||80
y2|||1|||19|||80|||80
characters|||1|||0|||1|||81
static|||1|||1|||1|||81
void|||3|||2|||0|||81
void|||6|||6|||0|||81
void|||7|||7|||0|||81
void|||8|||8|||0|||81
void|||11|||11|||0|||81
int|||38|||12|||0|||81
int|||48|||14|||0|||81
void|||15|||16|||0|||81
void|||16|||18|||0|||81
void|||17|||19|||0|||81
void|||19|||22|||0|||81
int|||3|||2|||10|||82
num|||3|||11|||11|||83
int|||33|||11|||64|||83
float|||21|||11|||116|||83
box_index|||1|||11|||125|||83
w|||1|||4|||59|||84
{|||52|||19|||70|||84
=|||93|||19|||73|||84
=|||94|||19|||81|||84
i|||73|||12|||39|||85
*|||54|||14|||62|||85
)|||55|||14|||63|||85
10|||1|||2|||37|||86
(|||9|||2|||44|||86
int|||5|||3|||74|||86
;|||48|||8|||25|||86
;|||49|||8|||29|||86
{|||41|||15|||34|||86
<|||24|||17|||91|||86
pmask|||2|||17|||98|||86
;|||98|||14|||36|||87
(|||99|||21|||35|||87
int|||70|||21|||36|||87
j|||35|||21|||61|||87
int|||78|||23|||36|||87
}|||1|||9|||121|||88
predictions|||3|||11|||155|||88
;|||126|||16|||133|||88
z|||9|||17|||109|||88
)|||78|||17|||110|||88
;|||138|||17|||111|||88
;|||13|||2|||38|||89
i|||35|||6|||51|||89
)|||21|||6|||69|||89
i|||46|||8|||30|||89
[|||25|||11|||148|||89
0|||31|||14|||49|||89
&&|||7|||14|||86|||89
value|||2|||7|||27|||90
;|||44|||7|||28|||90
ii|||1|||12|||51|||90
=|||57|||12|||52|||90
int|||55|||16|||20|||90
fid|||1|||16|||26|||90
;|||117|||16|||27|||90
{|||43|||16|||50|||90
)|||102|||25|||57|||91
;|||169|||25|||58|||91
[|||43|||25|||80|||91
char|||1|||0|||6|||92
void|||13|||14|||4|||92
*|||48|||14|||5|||92
)|||31|||9|||50|||93
(|||41|||9|||96|||93
*|||45|||13|||88|||93
Min|||1|||14|||98|||93
,|||71|||16|||38|||93
}|||5|||12|||76|||94
y|||7|||17|||90|||94
for|||34|||17|||112|||94
(|||14|||3|||38|||95
=|||40|||10|||32|||95
ENDCOM|||4|||12|||36|||95
;|||141|||19|||29|||95
col|||2|||11|||162|||96
tmp|||3|||14|||126|||96
do_rem|||1|||4|||35|||97
float|||7|||6|||6|||97
;|||45|||7|||34|||97
;|||52|||9|||54|||97
,|||32|||9|||106|||97
*|||29|||11|||34|||97
{|||26|||11|||91|||97
xpp|||2|||14|||64|||97
)|||80|||19|||21|||97
=|||106|||24|||21|||97
src|||4|||24|||38|||97
;|||34|||5|||19|||98
ordered|||1|||12|||35|||98
;|||154|||21|||44|||98
0|||4|||2|||8|||99
MAT4|||1|||15|||9|||99
g_arrBackGroud|||1|||2|||47|||100
temp_sol|||3|||3|||107|||100
;|||27|||3|||111|||100
c|||2|||6|||54|||100
]|||17|||9|||77|||100
for|||15|||9|||125|||100
=|||70|||14|||97|||100
[|||39|||22|||5|||100
;|||172|||25|||92|||100
(|||15|||3|||78|||101
<=|||2|||8|||27|||101
,|||64|||15|||18|||101
int|||69|||21|||13|||101
i|||98|||21|||37|||101
#if|||1|||9|||27|||102
&&|||2|||9|||29|||102
,|||56|||14|||11|||102
"|||10|||16|||112|||103
P|||1|||0|||8|||104
,|||8|||4|||9|||104
*|||20|||8|||5|||104
,|||37|||11|||6|||104
sum|||2|||12|||6|||104
int|||4|||3|||15|||105
<|||22|||16|||145|||105
)|||100|||25|||44|||105
1|||18|||25|||109|||105
(|||1|||0|||4|||106
FLT|||1|||8|||3|||106
(|||93|||19|||2|||106
y|||1|||6|||20|||107
ENDCOM|||2|||6|||40|||107
=|||28|||6|||58|||107
0|||26|||12|||19|||107
is_larger|||2|||12|||21|||107
j|||27|||16|||144|||107
settings|||1|||25|||17|||108
)|||98|||25|||18|||108
(|||51|||11|||79|||109
p_index|||1|||11|||102|||109
vol_flux_x|||1|||13|||63|||109
]|||16|||6|||68|||110
+|||6|||9|||133|||110
int|||61|||18|||14|||110
,|||70|||16|||30|||111
j|||25|||16|||31|||111
;|||118|||16|||32|||111
mri|||4|||17|||66|||111
;|||133|||17|||69|||111
rows|||3|||5|||38|||112
;|||61|||10|||24|||112
int|||64|||19|||18|||112
]|||9|||3|||110|||113
i|||50|||9|||76|||113
{|||21|||9|||124|||113
ni|||2|||14|||96|||113
=|||111|||25|||83|||113
;|||8|||2|||9|||114
;|||87|||12|||46|||114
i|||75|||12|||47|||114
{|||54|||21|||4|||114
0|||6|||2|||23|||115
]|||4|||3|||56|||115
add_thresh|||1|||4|||32|||115
float|||13|||10|||7|||115
short|||1|||20|||4|||115
dist|||1|||23|||34|||115
srslte_vec_div_cfc_simd|||1|||9|||1|||116
float|||12|||9|||9|||116
;|||108|||14|||127|||116
VP8LConvertBGRAToRGBA4444_C|||1|||24|||1|||116
num_pixels|||1|||24|||9|||116
rows|||1|||5|||30|||117
int|||27|||11|||13|||117
square|||1|||11|||14|||117
int|||28|||11|||16|||117
&|||9|||25|||48|||118
cc|||5|||25|||115|||118
site_def|||1|||1|||5|||119
(|||13|||3|||33|||119
b|||4|||9|||97|||119
)|||35|||9|||98|||119
loopcnt=LOOPCNT|||1|||14|||143|||119
4|||2|||15|||29|||119
num_pixels|||2|||24|||24|||119
)|||44|||11|||135|||120
else|||2|||14|||129|||120
rand_d|||3|||19|||74|||120
]|||31|||19|||77|||120
;|||158|||23|||25|||120
const|||7|||14|||3|||121
,|||58|||14|||28|||121
ushort|||1|||14|||31|||121
cxp|||2|||14|||70|||121
)|||60|||14|||110|||121
=|||72|||14|||132|||121
(|||8|||2|||30|||122
,|||22|||6|||17|||122
i|||45|||8|||26|||122
)|||54|||14|||56|||122
return|||1|||16|||73|||122
++|||25|||23|||53|||122
;|||167|||25|||26|||122
2.0f|||1|||6|||71|||123
n|||10|||11|||84|||123
*|||31|||11|||96|||123
n_y|||3|||13|||43|||123
{|||31|||13|||46|||123
<=|||4|||21|||42|||123
{|||29|||12|||59|||124
is_larger|||4|||12|||67|||124
[|||33|||19|||75|||124
(|||110|||24|||46|||124
inner|||1|||25|||2|||124
predictions|||1|||11|||5|||125
for|||18|||11|||48|||125
,|||5|||3|||17|||126
time_step|||2|||3|||29|||126
neighbors|||1|||3|||95|||126
*|||39|||13|||5|||126
restrict|||1|||13|||6|||126
<|||16|||13|||40|||126
int|||63|||19|||6|||126
settings|||2|||25|||29|||126
,|||107|||25|||106|||126
i|||56|||10|||38|||127
probs|||1|||11|||31|||127
(|||52|||11|||131|||127
;|||112|||15|||15|||127
++|||20|||19|||36|||127
{|||64|||25|||19|||127
}|||12|||25|||59|||127
dv|||1|||4|||68|||128
=|||21|||4|||86|||128
j|||18|||14|||91|||128
MRI|||3|||17|||11|||128
z|||6|||17|||72|||128
int|||1|||0|||26|||129
[|||13|||4|||76|||129
.|||7|||5|||47|||129
w|||3|||16|||40|||129
)|||71|||16|||102|||129
)|||74|||16|||136|||129
float|||19|||11|||25|||130
=|||53|||12|||18|||130
restrict|||3|||13|||17|||130
fields|||1|||13|||18|||130
)|||64|||15|||11|||130
,|||96|||19|||12|||130
LOOPCNT|||2|||14|||93|||131
data_rows|||1|||16|||12|||131
=|||84|||17|||73|||131
int|||21|||9|||18|||132
SRSLTE_SIMD_CF_SIZE|||1|||9|||28|||132
nelems|||1|||14|||10|||132
depth|||3|||17|||68|||132
for|||32|||17|||70|||132
j|||2|||2|||31|||133
j|||4|||2|||39|||133
index|||3|||3|||109|||133
i|||48|||9|||55|||133
&|||4|||9|||112|||133
,|||59|||14|||103|||133
<=|||1|||0|||32|||134
;|||104|||14|||82|||134
height|||3|||17|||62|||134
,|||3|||3|||5|||135
double|||2|||13|||9|||135
<|||28|||24|||29|||136
src_end|||2|||24|||30|||136
)|||93|||24|||31|||136
uint8_t|||2|||24|||42|||136
1|||3|||3|||103|||137
r_|||2|||15|||35|||137
<|||6|||4|||51|||138
SRSLTE_IS_ALIGNED|||3|||9|||46|||138
<|||9|||9|||56|||138
rcpb|||1|||9|||93|||138
vol_flux_x_p|||1|||13|||7|||138
,|||49|||13|||8|||138
;|||92|||13|||42|||138
mass_flux_x_p|||2|||13|||85|||138
{|||50|||19|||22|||138
ENDCOM|||8|||14|||144|||139
reset_fields_to_exchange|||1|||25|||72|||139
float|||1|||3|||3|||140
dvert|||1|||4|||5|||140
(|||23|||6|||2|||140
*|||18|||7|||4|||140
(|||45|||10|||6|||140
*|||49|||14|||6|||140
fp|||1|||16|||7|||140
int|||59|||18|||3|||140
float|||32|||22|||3|||140
,|||100|||23|||6|||140
m|||4|||5|||40|||141
float|||6|||5|||56|||141
y_sol|||1|||3|||60|||142
[|||6|||3|||61|||142
j|||7|||3|||79|||142
ENDCOM|||1|||6|||33|||142
{|||3|||1|||9|||143
i|||30|||5|||11|||143
0|||23|||11|||52|||143
schedule(static,1)|||1|||12|||33|||143
100|||1|||12|||45|||143
mri_std|||1|||17|||27|||143
int|||58|||17|||30|||143
)|||30|||9|||49|||144
"|||8|||16|||97|||144
,|||9|||4|||14|||145
int|||8|||4|||19|||145
;|||31|||4|||65|||145
MDeformWeight|||2|||4|||83|||145
{|||27|||12|||4|||145
int|||41|||12|||11|||145
cols|||2|||5|||26|||146
*|||60|||16|||8|||146
.|||3|||5|||29|||147
for|||28|||15|||42|||147
int|||44|||13|||20|||148
parallel|||3|||13|||29|||148
▁|||3|||16|||59|||148
run_ppcg_init|||1|||25|||46|||149
)|||106|||25|||110|||149
for|||44|||25|||112|||149
(|||122|||25|||113|||149
*|||52|||14|||57|||150
++|||19|||17|||95|||150
for|||2|||1|||26|||151
i|||32|||6|||28|||151
<|||7|||6|||48|||151
[|||17|||6|||66|||151
;|||85|||12|||28|||151
"|||5|||16|||80|||151
i|||96|||21|||23|||151
;|||155|||21|||55|||151
;|||128|||17|||42|||152
)|||85|||21|||24|||152
--|||1|||2|||26|||153
<|||8|||7|||36|||153
d|||1|||16|||92|||153
=|||79|||16|||127|||153
0|||14|||5|||15|||154
*|||63|||17|||8|||154
float|||25|||19|||9|||154
update_ghost_nodes|||1|||3|||22|||155
const|||2|||4|||23|||155
const|||6|||13|||14|||155
y|||6|||17|||86|||155
,|||98|||22|||7|||155
#pragma|||8|||14|||145|||156
0|||47|||23|||23|||156
[|||1|||0|||18|||157
float|||11|||6|||22|||157
int|||25|||11|||7|||157
0|||27|||12|||27|||157
;|||149|||21|||10|||157
<|||11|||10|||43|||158
int|||43|||13|||15|||159
(|||113|||25|||10|||159
side|||3|||11|||58|||160
for|||24|||13|||47|||160
(|||60|||13|||48|||160
n_x|||4|||13|||68|||160
real|||2|||3|||10|||161
,|||43|||11|||24|||161
#if|||2|||14|||17|||161
->|||4|||17|||55|||161
=|||24|||5|||31|||162
tmp|||1|||14|||32|||162
i|||83|||15|||44|||162
paddingSize|||1|||0|||14|||163
doors|||1|||21|||6|||163
i|||95|||21|||18|||163
(|||100|||21|||50|||163
[|||42|||25|||51|||163
FORTRAN|||1|||25|||67|||163
]|||29|||19|||46|||164
for|||41|||22|||20|||164
;|||1|||0|||23|||165
time_step|||3|||3|||34|||165
#pragma|||1|||6|||30|||165
0|||20|||10|||28|||165
(|||48|||10|||68|||165
j|||20|||15|||19|||165
=|||98|||21|||38|||165
j|||38|||22|||18|||165
0|||25|||11|||159|||166
xdim1_update_halo_kernel3_minus_4_b|||1|||13|||93|||166
*|||47|||13|||94|||166
,|||90|||17|||104|||166
0|||41|||17|||105|||166
generate_v|||1|||3|||32|||167
,|||46|||11|||36|||167
only_objectness|||1|||11|||38|||167
{|||46|||17|||29|||167
)|||90|||23|||16|||167
data_range|||1|||16|||21|||168
(|||78|||16|||45|||168
;|||89|||12|||68|||169
sum|||4|||12|||69|||169
=|||59|||12|||70|||169
y_size|||1|||13|||24|||170
z|||5|||17|||35|||170
,|||88|||17|||40|||170
j|||14|||11|||44|||171
=|||97|||21|||30|||171
(|||119|||25|||73|||171
*|||2|||1|||6|||172
int|||15|||7|||7|||172
i|||39|||7|||15|||172
,|||30|||9|||12|||172
int|||23|||10|||11|||172
int|||30|||11|||22|||172
thresh|||1|||11|||26|||172
,|||93|||18|||7|||172
=|||34|||9|||24|||173
[|||4|||2|||51|||174
]|||12|||4|||81|||174
i|||53|||9|||128|||174
i|||74|||12|||43|||174
]|||27|||15|||38|||174
;|||127|||16|||143|||174
;|||139|||17|||117|||174
halo_update_driver|||1|||25|||103|||174
ENDCOM|||7|||14|||23|||175
=|||85|||17|||87|||175
float|||28|||19|||48|||175
rand_r|||2|||19|||51|||175
float|||29|||19|||71|||175
int|||54|||16|||17|||176
)|||68|||16|||49|||176
created|||1|||16|||62|||176
,|||73|||16|||89|||176
for|||30|||16|||124|||176
(|||84|||16|||125|||176
;|||38|||6|||29|||177
c|||4|||7|||22|||177
[|||27|||14|||33|||178
0|||30|||14|||44|||178
long|||3|||14|||55|||178
(|||67|||14|||99|||178
;|||106|||14|||106|||178
)|||87|||21|||62|||178
is_larger|||3|||12|||60|||179
fid|||3|||16|||46|||179
▁|||7|||16|||93|||179
0|||37|||16|||128|||179
;|||125|||16|||129|||179
0|||5|||2|||13|||180
for|||35|||18|||12|||180
node_no|||1|||1|||21|||181
=|||5|||1|||23|||181
0|||3|||1|||30|||181
i|||7|||1|||32|||181
=|||17|||3|||106|||181
;|||174|||25|||111|||181
int|||83|||25|||114|||181
ii|||2|||12|||64|||182
)|||67|||16|||42|||182
/|||3|||16|||63|||182
"|||7|||16|||90|||182
fprintf|||3|||16|||104|||182
i|||85|||16|||126|||182
for|||31|||16|||138|||182
indices|||2|||4|||73|||183
[|||19|||9|||75|||183
else|||1|||9|||123|||183
solver|||1|||25|||7|||183
->|||8|||25|||30|||183
FIELD_SD|||1|||25|||81|||183
]|||40|||25|||82|||183
;|||69|||11|||53|||184
<|||13|||11|||55|||184
*|||30|||11|||57|||184
u_int|||2|||1|||13|||185
ushort|||3|||14|||134|||185
)|||86|||21|||47|||185
Pixel|||1|||23|||1|||185
pixels|||1|||23|||9|||185
,|||102|||23|||13|||185
m1|||1|||5|||4|||186
m|||5|||8|||6|||186
ppcg_inner_iterations|||1|||25|||9|||186
rcpb|||2|||9|||107|||187
)|||36|||9|||108|||187
+|||4|||6|||64|||188
;|||109|||14|||139|||188
for|||33|||17|||84|||188
=|||99|||21|||53|||188
{|||12|||5|||9|||189
int|||16|||7|||10|||189
mri_mean|||1|||17|||23|||189
index|||4|||11|||93|||190
;|||153|||21|||40|||190
i|||99|||21|||41|||190
<|||30|||25|||94|||190
num_chunks_per_rank|||1|||25|||31|||191
pp|||2|||25|||93|||191
(|||109|||24|||45|||192
i|||26|||4|||63|||193
char|||4|||7|||25|||193
*|||61|||16|||25|||193
nrange|||2|||14|||87|||194
0|||33|||14|||89|||194
+=|||3|||14|||92|||194
real|||1|||3|||6|||195
*|||13|||6|||7|||195
,|||20|||6|||9|||195
void|||4|||3|||0|||196
void|||9|||9|||0|||196
*|||23|||9|||14|||196
void|||14|||15|||0|||196
void|||18|||21|||0|||196
)|||3|||1|||8|||197
i|||64|||11|||50|||197
+|||10|||11|||133|||197
*|||6|||4|||11|||198
cdir|||2|||14|||146|||198
]|||38|||23|||24|||198
const|||10|||24|||19|||198
*|||3|||3|||7|||199
for|||5|||3|||37|||199
stencil_size|||1|||3|||85|||199
;|||25|||3|||86|||199
[|||26|||11|||156|||199
i|||68|||11|||74|||200
<|||14|||11|||85|||200
num|||5|||11|||97|||200
100|||3|||21|||43|||200
=|||86|||17|||99|||201
schedule(static)|||1|||6|||38|||202
nowait|||1|||6|||39|||202
i|||36|||6|||56|||202
+|||12|||11|||141|||203
;|||67|||10|||72|||204
boxes|||1|||11|||35|||204
+|||11|||11|||136|||204
dataBlockSize|||2|||0|||19|||205
=|||8|||2|||12|||205
;|||37|||5|||60|||206
,|||36|||10|||16|||206
)|||40|||10|||58|||206
i|||62|||10|||73|||206
scale|||1|||11|||117|||206
,|||54|||13|||96|||206
(|||106|||23|||43|||206
rg|||1|||24|||43|||206
;|||2|||0|||30|||207
=|||69|||14|||80|||207
mri|||3|||17|||60|||207
tmp|||2|||14|||114|||208
)|||28|||9|||39|||209
y|||4|||9|||86|||209
realign|||1|||14|||47|||209
char|||5|||14|||60|||209
;|||103|||14|||76|||209
0|||32|||14|||81|||209
int|||2|||2|||5|||210
h|||1|||11|||23|||210
mtx|||1|||15|||10|||210
,|||68|||16|||16|||210
uint64_t|||2|||0|||13|||211
i|||1|||0|||27|||211
rows|||4|||5|||48|||211
(|||74|||15|||22|||211
<|||26|||19|||31|||211
;|||150|||21|||17|||211
)|||2|||0|||39|||212
P|||3|||0|||41|||212
omp|||1|||6|||31|||212
LOOPCNT|||1|||14|||34|||212
mask|||1|||17|||50|||212
1|||15|||21|||39|||212
while|||2|||24|||26|||212
<|||5|||3|||84|||213
j|||19|||14|||102|||213
<|||23|||17|||77|||213
,|||92|||17|||108|||213
Pixel|||4|||23|||48|||213
ordered|||2|||12|||57|||214
NULL|||1|||16|||48|||214
omp|||2|||6|||36|||215
++|||12|||12|||48|||215
;|||42|||7|||18|||216
*|||73|||24|||5|||216
{|||62|||24|||15|||216
*|||78|||25|||16|||216
site|||1|||1|||7|||217
,|||25|||7|||9|||217
n|||5|||10|||12|||217
is_larger|||1|||12|||9|||217
)|||81|||19|||38|||217
paddingSize|||2|||0|||33|||218
;|||10|||2|||20|||218
;|||19|||3|||48|||218
i|||44|||8|||22|||218
classes|||3|||11|||132|||218
int|||51|||15|||16|||218
i|||91|||19|||37|||218
=|||6|||1|||29|||219
;|||79|||12|||7|||219
<|||15|||12|||44|||219
i|||76|||12|||53|||219
cc|||2|||25|||27|||219
fields_to_exchange|||1|||25|||79|||219
(|||89|||17|||102|||220
m|||3|||5|||28|||221
,|||18|||5|||53|||221
)|||13|||3|||89|||222
classes|||2|||11|||108|||222
]|||22|||11|||122|||222
rand_r|||3|||19|||82|||222
,|||2|||0|||12|||223
i|||15|||3|||39|||223
=|||25|||5|||43|||223
value|||1|||7|||11|||223
1|||7|||9|||134|||223
i|||88|||18|||15|||223
=|||96|||21|||15|||223
int|||75|||23|||14|||223
argb|||3|||24|||57|||223
)|||96|||24|||60|||223
const|||4|||9|||8|||224
hi_val|||1|||17|||19|||224
height|||4|||17|||92|||224
x|||6|||17|||114|||224
(|||18|||4|||95|||225
;|||59|||9|||127|||225
}|||7|||13|||98|||225
0|||38|||16|||142|||225
>>|||1|||24|||48|||225
ppcg_inner_steps|||1|||25|||97|||225
(|||20|||5|||45|||226
z|||3|||9|||48|||226
(|||64|||14|||59|||226
,|||94|||19|||5|||226
,|||101|||23|||10|||226
int|||76|||23|||26|||226
->|||10|||25|||64|||226
u_int|||1|||1|||10|||227
step_sol|||1|||3|||12|||227
)|||8|||3|||13|||227
b3d9c82c5f695f932c9f504d2b6a592|||1|||10|||3|||227
uint|||1|||14|||12|||227
int|||67|||20|||1|||227
the|||1|||25|||1|||227
PPCG|||1|||25|||6|||227
*|||9|||4|||25|||228
float|||9|||6|||14|||228
buffersize|||1|||7|||8|||228
)|||47|||12|||3|||228
a|||4|||9|||105|||229
i|||61|||10|||69|||229
i|||71|||11|||138|||229
index|||5|||11|||149|||229
;|||90|||12|||74|||229
}|||4|||12|||75|||229
]|||1|||0|||20|||230
)|||11|||3|||35|||231
n_x|||5|||13|||87|||231
i|||14|||3|||16|||232
concat_matrix|||1|||5|||1|||232
matrix|||2|||5|||3|||232
)|||16|||5|||8|||232
)|||70|||16|||84|||233
,|||31|||9|||16|||234
)|||27|||9|||20|||234
i|||51|||9|||88|||234
*|||28|||11|||30|||234
,|||14|||4|||33|||235
[|||7|||3|||68|||236
i|||20|||3|||69|||236
pp|||1|||25|||89|||237
=|||112|||25|||90|||237
(|||3|||1|||4|||238
(|||26|||7|||2|||238
write_graphics|||1|||16|||1|||238
(|||76|||16|||2|||238
,|||69|||16|||19|||238
(|||105|||23|||3|||238
,|||85|||17|||34|||239
)|||99|||25|||35|||239
,|||106|||25|||55|||239
}|||14|||25|||71|||239
;|||170|||25|||76|||239
pp|||3|||25|||100|||239
a|||3|||9|||69|||240
=|||35|||9|||70|||240
i|||16|||3|||43|||241
nodes|||3|||3|||45|||241
side|||8|||11|||127|||241
side|||9|||11|||129|||241
;|||99|||14|||40|||241
nrange|||1|||14|||42|||241
int|||50|||14|||46|||241
{|||40|||15|||12|||241
for|||1|||0|||24|||242
++|||5|||4|||55|||242
;|||73|||11|||83|||242
;|||80|||12|||10|||242
;|||113|||15|||20|||242
;|||160|||23|||35|||242
(|||96|||20|||3|||243
;|||53|||9|||62|||244
,|||33|||9|||117|||244
;|||15|||3|||26|||245
-|||2|||3|||102|||245
+|||19|||13|||90|||245
,|||17|||5|||12|||246
j|||11|||8|||18|||246
known_sum|||1|||12|||12|||246
(|||5|||1|||27|||247
=|||66|||14|||48|||247
<|||20|||15|||28|||247
pmask|||1|||17|||48|||247
0|||45|||21|||31|||247
{|||59|||22|||16|||247
(|||63|||14|||58|||248
%|||4|||16|||94|||248
{|||48|||17|||97|||248
mri_mask|||2|||17|||103|||248
dataBlockSize|||3|||0|||43|||249
+|||1|||0|||44|||249
x|||1|||9|||6|||250
,|||29|||9|||7|||250
srslte_simd_cfi_store|||1|||9|||110|||251
=|||107|||24|||36|||251
*|||76|||24|||37|||251
(|||73|||15|||2|||252
]|||7|||3|||98|||253
{|||10|||4|||40|||253
#pragma|||3|||6|||73|||253
xdim1_update_halo_kernel3_minus_4_b|||2|||13|||97|||253
++|||17|||16|||135|||253
<|||3|||2|||36|||254
*|||33|||11|||107|||254
p_index|||2|||11|||121|||254
;|||11|||2|||24|||255
private(i)|||1|||12|||34|||255
+|||8|||11|||109|||256
.|||9|||11|||151|||256
fid|||2|||16|||33|||257
=|||78|||16|||34|||257
fopen|||1|||16|||35|||257
float|||30|||19|||79|||257
i|||11|||2|||21|||258
]|||10|||4|||64|||258
;|||43|||7|||21|||258
=|||32|||8|||23|||258
sum|||1|||10|||26|||258
(|||62|||14|||54|||258
depth|||2|||17|||64|||258
;|||152|||21|||32|||258
<=|||5|||21|||57|||258
(|||114|||25|||21|||258
)|||104|||25|||75|||258
)|||4|||1|||19|||259
uint|||2|||14|||169|||260
data_cols|||3|||16|||146|||260
[|||38|||21|||80|||260
0|||50|||25|||117|||260
P|||2|||0|||17|||261
)|||25|||8|||13|||261
]|||33|||21|||9|||261
;|||151|||21|||21|||261
i|||97|||21|||28|||261
gray|||1|||23|||15|||261
weightvg_update_vg|||1|||4|||1|||262
(|||16|||4|||2|||262
SS3D_Mtx_Transform|||1|||15|||1|||262
FindBestGray|||1|||23|||2|||262
;|||97|||14|||30|||263
(|||65|||14|||69|||263
realign|||3|||14|||109|||263
,|||61|||14|||118|||263
xp|||3|||14|||131|||263
[|||28|||14|||164|||263
iterations|||1|||25|||3|||264
the|||2|||25|||5|||264
<|||29|||25|||28|||264
;|||36|||5|||39|||265
float|||16|||10|||25|||265
(|||98|||21|||12|||265
parallel|||1|||6|||32|||266
;|||60|||9|||135|||266
(|||108|||24|||27|||266
{|||63|||24|||32|||266
(|||22|||5|||62|||267
(|||27|||7|||24|||267
0|||22|||10|||71|||267
i|||18|||3|||55|||268
;|||30|||4|||53|||268
;|||70|||11|||59|||268
*|||37|||11|||139|||268
shortloop|||1|||14|||147|||268
z|||7|||17|||76|||268
hist|||1|||19|||20|||268
i|||65|||11|||54|||269
/|||2|||11|||68|||269
int|||34|||11|||71|||269
int|||49|||14|||41|||270
=|||82|||17|||59|||270
{|||1|||0|||16|||271
last_i|||1|||12|||25|||271
101|||1|||21|||8|||271
100|||2|||21|||20|||271
j|||33|||21|||52|||271
;|||35|||5|||27|||272
x|||5|||17|||31|||272
]|||6|||3|||70|||273
0|||21|||10|||40|||273
++|||16|||15|||31|||273
&|||6|||17|||100|||273
const|||1|||4|||18|||274
,|||79|||17|||10|||274
[|||12|||4|||72|||275
i|||29|||4|||91|||275
)|||39|||10|||48|||276
"|||9|||16|||108|||276
i|||100|||21|||45|||276
++|||23|||21|||46|||276
->|||9|||25|||40|||276
i|||33|||6|||43|||277
a|||2|||6|||60|||277
[|||16|||6|||61|||277
simd_f_t|||1|||9|||80|||277
=|||42|||10|||60|||277
=|||51|||11|||126|||277
++|||9|||10|||46|||278
;|||93|||13|||53|||278
++|||14|||13|||59|||278
tp|||1|||14|||14|||278
(|||88|||17|||85|||278
==|||8|||25|||42|||278
float|||5|||4|||58|||279
]|||23|||11|||150|||279
)|||82|||19|||69|||279
y1|||1|||19|||72|||279
output|||1|||10|||19|||280
,|||86|||17|||36|||280
VEC4|||1|||15|||3|||281
,|||62|||15|||5|||281
v|||1|||15|||7|||281
,|||104|||24|||10|||281
y_size|||2|||13|||41|||282
mri|||1|||17|||5|||282
width|||2|||17|||52|||282
;|||46|||7|||38|||283
The|||1|||16|||54|||283
for|||29|||16|||66|||283
==|||7|||21|||69|||283
=|||100|||21|||77|||283
MDeformVert|||1|||4|||3|||284
char|||2|||7|||3|||284
softmax_array|||1|||10|||5|||284
float|||18|||11|||3|||284
,|||41|||11|||18|||284
mass_flux_x_p|||1|||13|||12|||284
filename|||1|||16|||5|||284
pIndexed|||1|||23|||5|||284
hv_sol|||1|||3|||67|||285
j|||28|||19|||59|||285
;|||145|||19|||62|||285
100000|||1|||19|||65|||285
argb|||1|||24|||35|||285
=|||108|||24|||44|||285
[|||2|||0|||42|||286
j|||32|||19|||84|||286
[|||3|||2|||48|||287
j|||8|||3|||83|||287
x|||3|||9|||74|||287
;|||115|||15|||30|||287
(|||90|||17|||113|||287
;|||16|||3|||31|||288
i|||94|||21|||14|||288
if|||6|||16|||44|||289
i|||58|||10|||47|||290
]|||20|||10|||55|||290
<|||12|||10|||74|||290
=|||52|||11|||153|||290
LOOPCNT|||3|||14|||104|||290
[|||9|||3|||99|||291
(|||34|||9|||35|||291
{|||34|||13|||84|||291
j|||5|||2|||52|||292
[|||18|||7|||48|||292
j|||13|||8|||39|||292
=|||109|||24|||68|||292
buffersize|||2|||7|||37|||293
&|||2|||9|||73|||293
=|||46|||11|||73|||293
&&|||5|||12|||66|||293
filename|||2|||16|||37|||293
▁|||1|||16|||55|||293
▁|||5|||16|||65|||293
i|||101|||21|||68|||293
]|||35|||21|||76|||293
cols|||1|||5|||22|||294
mri_dof|||1|||17|||13|||294
,|||80|||17|||14|||294
low_val|||1|||17|||16|||294
)|||77|||17|||96|||294
width|||4|||17|||120|||295
)|||94|||24|||50|||295
&|||7|||24|||51|||295
>=|||1|||2|||22|||296
{|||51|||19|||39|||296
(|||6|||2|||2|||297
temp_sol|||1|||3|||8|||297
float|||2|||4|||24|||297
,|||16|||5|||5|||297
,|||21|||6|||13|||297
,|||26|||8|||7|||297
box|||1|||11|||33|||297
(|||55|||12|||2|||297
(|||97|||21|||2|||297
float|||33|||22|||8|||297
i|||69|||11|||95|||298
,|||23|||6|||21|||299
for|||10|||6|||41|||299
(|||25|||6|||59|||299
;|||83|||12|||20|||299
len|||2|||9|||57|||300
-|||3|||9|||58|||300
r|||1|||9|||101|||300
=|||38|||9|||102|||300
;|||57|||9|||109|||300
for|||26|||14|||149|||300
i|||78|||14|||151|||300
sizeof|||1|||5|||54|||301
i|||63|||11|||42|||302
=|||55|||12|||26|||302
0|||35|||15|||25|||302
(|||80|||16|||77|||302
(|||2|||0|||25|||303
)|||15|||4|||56|||303
{|||11|||4|||57|||303
]|||32|||19|||85|||303
*|||46|||13|||92|||304
(|||75|||15|||43|||305
,|||103|||24|||7|||305
)|||58|||14|||94|||306
{|||36|||14|||95|||306
m2|||2|||5|||36|||307
rows|||5|||5|||52|||307
]|||13|||4|||92|||308
w|||2|||11|||20|||308
(|||115|||25|||38|||308
;|||76|||11|||115|||309
predictions|||2|||11|||119|||309
;|||78|||11|||146|||309
)|||49|||12|||65|||309
;|||17|||3|||36|||310
i|||22|||4|||42|||310
X_SIZEOF_USHORT|||1|||14|||20|||310
realign|||2|||14|||67|||310
nelems|||3|||14|||100|||310
0|||34|||14|||153|||310
MRI|||5|||17|||25|||310
[|||5|||3|||54|||311
xdim0_update_halo_kernel3_minus_4_b|||2|||13|||78|||311
||||1|||24|||54|||311
kernel_language|||2|||25|||65|||311
temp|||1|||10|||15|||312
;|||62|||10|||29|||312
float|||17|||10|||30|||312
==|||4|||14|||88|||312
,|||1|||0|||9|||313
for|||23|||13|||32|||313
int|||46|||13|||34|||313
n_y|||1|||13|||35|||313
=|||61|||13|||36|||313
val|||1|||3|||20|||314
=|||11|||3|||40|||314
1|||8|||12|||23|||314
;|||110|||14|||154|||314
y|||8|||17|||94|||314
uint32_t|||3|||24|||34|||314
;|||168|||25|||32|||314
==|||9|||25|||66|||314
uint64_t|||1|||0|||10|||315
=|||1|||0|||21|||315
-|||1|||0|||34|||315
n|||2|||6|||49|||315
SRSLTE_SIMD_CF_SIZE|||5|||9|||132|||315
<|||18|||14|||84|||315
(|||92|||18|||13|||315
i|||3|||0|||37|||316
[|||11|||4|||62|||316
;|||65|||10|||45|||316
++|||18|||17|||81|||316
;|||144|||19|||55|||317
for|||37|||19|||56|||317
int|||56|||16|||28|||318
i|||84|||16|||29|||318
;|||121|||16|||74|||319
\n|||2|||16|||82|||319
;|||124|||16|||116|||319
{|||55|||21|||25|||319
=|||31|||7|||32|||320
"|||3|||16|||53|||320
int|||45|||13|||23|||321
;|||122|||16|||85|||321
height|||1|||17|||39|||321
,|||105|||25|||14|||321
)|||101|||25|||54|||321
}|||13|||25|||70|||321
*|||5|||4|||4|||322
int|||29|||11|||19|||322
mri_mask|||1|||17|||9|||322
*|||64|||17|||12|||322
)|||76|||17|||82|||322
;|||41|||6|||72|||323
i|||41|||7|||35|||323
(|||91|||18|||2|||323
int|||52|||16|||11|||324
;|||120|||16|||72|||324
)|||95|||24|||53|||324
(|||39|||9|||72|||325
n_x|||3|||13|||58|||325
kernel_language|||1|||25|||41|||325
{|||5|||2|||28|||326
if|||1|||2|||43|||326
0|||10|||3|||65|||326
;|||22|||3|||73|||326
j|||12|||8|||35|||326
side|||2|||11|||56|||326
{|||47|||17|||83|||326
i|||4|||0|||45|||327
]|||5|||3|||63|||327
=|||13|||3|||64|||327
i|||93|||19|||53|||327
0|||8|||3|||41|||328
i|||17|||3|||49|||328
0|||9|||3|||58|||328
n|||8|||11|||46|||328
i|||66|||11|||61|||328
=|||47|||11|||81|||328
++|||7|||7|||40|||329
)|||88|||21|||71|||329
c|||3|||7|||20|||330
,|||45|||11|||32|||330
j|||17|||14|||83|||330
{|||44|||16|||123|||330
;|||132|||17|||63|||330
for|||42|||25|||20|||330
else|||3|||25|||60|||330
nodes|||1|||1|||14|||331
m2|||1|||5|||7|||331
long|||1|||14|||24|||331
;|||100|||14|||45|||331
SIZEOF_USHORT|||3|||14|||121|||331
;|||137|||17|||93|||331
{|||56|||21|||48|||331
i|||6|||1|||28|||332
=|||14|||3|||71|||332
0|||11|||3|||72|||332
]|||11|||4|||78|||332
*|||56|||14|||120|||333
]|||26|||14|||166|||333
index|||2|||3|||91|||334
]|||30|||19|||54|||334
(|||95|||19|||57|||334
const|||12|||24|||41|||334
j|||36|||21|||66|||335
int|||32|||11|||41|||336
]|||39|||25|||53|||336
{|||67|||25|||69|||336
ni|||1|||14|||29|||337
=|||68|||14|||68|||337
(|||68|||14|||108|||337
xpp|||3|||14|||117|||337
++|||26|||24|||39|||337
void|||12|||13|||1|||338
+|||17|||13|||71|||338
padding|||1|||0|||0|||339
0|||1|||1|||0|||339
function|||1|||13|||0|||339
Performs|||1|||25|||0|||339
of|||1|||25|||4|||339
nodes|||2|||1|||34|||340
&&|||6|||14|||19|||340
0|||49|||25|||91|||340
side|||1|||11|||17|||341
(|||86|||17|||2|||341
*|||62|||17|||4|||341
MRI|||2|||17|||7|||341
;|||136|||17|||89|||341
=|||41|||10|||39|||342
fid|||5|||16|||88|||342
largest|||3|||10|||59|||343
(|||81|||16|||87|||343
[|||36|||21|||27|||343
++|||4|||3|||88|||344
0x80|||1|||0|||22|||345
;|||3|||0|||36|||345
j|||3|||2|||35|||345
[|||22|||10|||53|||345
side|||7|||11|||106|||345
1|||9|||12|||41|||345
(|||112|||24|||56|||345
,|||24|||7|||6|||346
[|||30|||18|||5|||346
m2|||3|||5|||50|||347
for|||16|||10|||36|||347
SIZEOF_USHORT|||2|||14|||75|||347
major|||2|||16|||119|||347
{|||45|||16|||137|||347
<|||2|||1|||37|||348
if|||5|||14|||107|||348
*|||55|||14|||116|||348
ni|||3|||14|||119|||348
=|||73|||14|||152|||348
i|||81|||14|||165|||348
=|||39|||10|||27|||349
int|||73|||22|||17|||349
int|||81|||25|||22|||349
*|||42|||13|||69|||350
1|||10|||13|||70|||350
(|||118|||25|||62|||350
(|||35|||9|||37|||351
(|||40|||9|||84|||351
--|||2|||23|||45|||351
vol_flux_x_p|||2|||13|||66|||352
true|||1|||25|||84|||353
(|||120|||25|||87|||353
int|||82|||25|||88|||353
settings|||8|||25|||95|||353
pixels|||2|||23|||21|||354
const|||9|||24|||16|||354
calloc|||1|||5|||44|||355
=|||30|||7|||23|||355
largest|||1|||10|||31|||355
i|||57|||10|||42|||355
=|||43|||10|||70|||355
dst|||1|||24|||13|||355
src|||2|||24|||22|||355
odefun|||1|||3|||1|||356
mset|||1|||8|||1|||356
cf_t|||1|||9|||4|||356
void|||10|||10|||4|||356
convert_coco_detections|||1|||11|||1|||356
char|||6|||16|||3|||356
rows|||6|||19|||4|||356
copy0|||1|||22|||1|||356
++|||1|||0|||38|||357
;|||119|||16|||43|||358
%|||3|||16|||91|||358
(|||82|||16|||105|||358
(|||85|||16|||139|||358
07267|||1|||10|||0|||359
)|||62|||14|||136|||359
(|||77|||16|||36|||359
fid|||6|||16|||106|||359
j|||26|||16|||140|||359
chunks|||3|||25|||105|||359
dvert|||2|||4|||71|||360
?|||2|||4|||88|||360
dws|||3|||4|||89|||360
[|||14|||4|||90|||360
srslte_simd_cfi_load|||1|||9|||71|||360
,|||74|||16|||98|||361
data_cols|||2|||16|||99|||361
data_rows|||3|||16|||132|||361
{|||28|||12|||50|||362
(|||57|||12|||63|||362
=|||76|||15|||39|||362
"|||2|||16|||41|||362
;|||123|||16|||103|||362
defgrp_idx|||1|||4|||8|||363
do_add|||1|||4|||29|||363
*|||25|||10|||18|||363
,|||47|||11|||43|||363
long|||2|||14|||51|||363
}|||8|||14|||128|||364
int|||53|||16|||14|||364
;|||148|||19|||86|||364
)|||6|||2|||27|||365
{|||8|||3|||52|||365
rem_thresh|||1|||4|||38|||365
(|||50|||11|||49|||365
i|||24|||4|||50|||366
?|||1|||4|||74|||366
cxp|||1|||14|||52|||366
#pragma|||7|||14|||141|||366
,|||60|||14|||115|||367
best|||1|||23|||19|||367
pixel|||1|||23|||49|||367
(|||87|||17|||71|||368
;|||40|||6|||50|||369
nelems|||2|||14|||85|||369
=|||83|||17|||65|||369
;|||156|||21|||59|||369
int|||13|||6|||3|||370
xpp|||1|||14|||7|||370
cube_s|||1|||20|||2|||370
omp|||5|||12|||56|||371
(|||79|||16|||52|||371
y|||5|||17|||33|||372
while|||1|||23|||42|||372
{|||61|||23|||47|||372
float|||8|||6|||10|||373
was|||1|||16|||58|||373
z|||2|||9|||15|||374
len|||1|||9|||19|||374
i|||47|||9|||23|||374
&&|||3|||9|||40|||374
[|||20|||9|||87|||374
memcpy|||1|||14|||112|||375
cdir|||1|||14|||142|||375
*|||50|||14|||13|||376
if|||9|||25|||37|||376
->|||11|||25|||78|||376
{|||68|||25|||102|||376
<|||17|||13|||55|||377
;|||171|||25|||85|||377
for|||43|||25|||86|||377
int|||7|||4|||15|||378
*|||8|||4|||20|||378
MDeformVert|||2|||4|||66|||378
*|||11|||4|||84|||378
int|||39|||12|||5|||378
->|||6|||17|||67|||378
)|||84|||21|||3|||378
100|||4|||21|||58|||378
;|||32|||4|||82|||379
{|||23|||10|||49|||379
(|||54|||11|||154|||379
1|||12|||13|||89|||379
)|||59|||14|||105|||379
i|||79|||14|||155|||379
)|||69|||16|||71|||379
z|||8|||17|||80|||379
++|||21|||19|||67|||379
=|||104|||23|||50|||379
cc|||3|||25|||34|||379
i|||82|||15|||17|||380
start|||2|||19|||28|||380
i|||92|||19|||45|||380
{|||60|||23|||17|||380
=|||102|||23|||20|||380
int|||77|||23|||33|||380
num|||10|||23|||44|||380
i|||27|||4|||77|||381
)|||63|||14|||161|||381
12|||1|||24|||59|||381
0xf|||1|||24|||62|||381
const|||13|||24|||65|||381
]|||8|||3|||101|||382
=|||54|||12|||22|||382
=|||92|||19|||60|||382
j|||29|||19|||63|||382
for|||6|||3|||77|||383
z|||4|||9|||113|||383
[|||21|||9|||114|||383
*|||32|||11|||105|||383
0xf0|||1|||24|||52|||383
{|||65|||25|||36|||383
)|||105|||25|||101|||383
d|||3|||16|||110|||384
update_global_node_set|||1|||1|||3|||385
(|||33|||9|||2|||385
(|||107|||24|||2|||385
const|||8|||24|||3|||385
src_end|||1|||24|||20|||385
16|||1|||24|||49|||386
=|||2|||0|||28|||387
FLT_MAX|||1|||10|||34|||387
"|||6|||16|||83|||388
val|||3|||17|||44|||388
doors|||2|||21|||26|||388
)|||9|||3|||25|||389
0|||17|||7|||17|||389
float|||20|||11|||28|||389
len|||4|||18|||9|||389
j|||23|||15|||32|||390
{|||24|||11|||40|||391
for|||22|||13|||30|||391
check_udpdata|||1|||7|||1|||392
int|||57|||17|||0|||392
MRIaccumulateMaskedMeansAndVariances|||1|||17|||1|||392
MRI|||1|||17|||3|||392
,|||52|||13|||22|||393
}|||10|||16|||75|||393
width|||1|||17|||37|||393
ncx_getn_ushort_uint|||1|||14|||1|||394
{|||38|||14|||130|||394
tp|||2|||14|||163|||394
(|||12|||3|||28|||395
char|||3|||7|||19|||395
x|||2|||9|||38|||395
&|||3|||9|||85|||395
{|||49|||18|||11|||395
}|||2|||9|||122|||396
%|||1|||11|||75|||396
=|||87|||17|||115|||396
tmp|||4|||19|||88|||396
"|||1|||16|||39|||397
0|||39|||17|||74|||397
;|||134|||17|||75|||397
(|||53|||11|||137|||398
)|||48|||12|||49|||398
&|||5|||14|||71|||398
{|||37|||14|||111|||398
(|||70|||14|||133|||398
,|||83|||17|||24|||399
(|||10|||3|||2|||400
j|||6|||3|||18|||400
,|||6|||3|||19|||400
;|||105|||14|||90|||400
buffer|||1|||7|||5|||401
{|||15|||7|||13|||401
classes|||1|||11|||8|||401
*|||65|||17|||22|||401
int|||62|||19|||3|||401
Pixel|||2|||23|||7|||401
i|||25|||4|||54|||402
;|||74|||11|||87|||402
n|||12|||11|||99|||402
int|||47|||13|||49|||402
a|||5|||20|||5|||402
)|||83|||20|||6|||402
ENDCOM|||3|||9|||33|||403
b|||3|||9|||81|||403
-|||4|||9|||131|||403
{|||16|||7|||42|||404
if|||2|||7|||43|||404
c|||5|||7|||45|||404
-|||6|||14|||101|||404
int|||6|||4|||7|||405
,|||15|||4|||36|||405
float|||4|||4|||37|||405
;|||28|||4|||43|||405
=|||89|||19|||27|||405
1|||17|||23|||29|||405
side|||5|||11|||76|||406
for|||19|||11|||78|||406
FILE|||1|||16|||24|||407
for|||39|||21|||34|||407
++|||24|||21|||60|||407
for|||7|||4|||44|||408
(|||17|||4|||45|||408
(|||32|||8|||34|||408
<|||10|||9|||129|||409
ba|||1|||24|||67|||409
weights|||1|||4|||26|||410
m1|||3|||5|||32|||410
*|||17|||6|||23|||410
,|||27|||8|||10|||410
SRSLTE_SIMD_F_SIZE|||1|||9|||32|||410
;|||84|||12|||24|||410
]|||28|||18|||6|||410
[|||40|||22|||10|||410
0x00|||1|||0|||48|||411
->|||1|||1|||39|||411
omp|||3|||6|||74|||411
n|||7|||10|||75|||411
=|||77|||15|||45|||411
0|||43|||18|||17|||411
int|||22|||9|||22|||412
}|||6|||13|||79|||412
)|||61|||14|||122|||412
;|||107|||14|||123|||412
xp|||2|||14|||124|||412
=|||71|||14|||125|||412
*|||57|||14|||135|||412
)|||1|||0|||15|||413
i|||37|||6|||62|||413
int|||19|||8|||11|||413
%|||2|||14|||74|||413
*|||69|||19|||14|||413
[|||35|||21|||7|||413
<=|||3|||21|||19|||413
int|||71|||21|||51|||413
->|||2|||3|||46|||414
++|||3|||3|||50|||414
)|||12|||3|||51|||414
MDeformWeight|||1|||4|||10|||414
if|||10|||25|||61|||414
=|||3|||0|||47|||415
index|||1|||3|||75|||415
val|||2|||3|||105|||415
col|||1|||11|||72|||415
num|||6|||11|||112|||415
n_x|||2|||13|||54|||415
*|||1|||0|||7|||416
i|||89|||19|||26|||416
rand_d|||2|||19|||43|||416
x2|||1|||19|||49|||416
i|||38|||6|||67|||417
*|||21|||9|||5|||417
+=|||2|||9|||137|||417
=|||91|||19|||50|||417
]|||14|||6|||57|||418
len|||3|||9|||130|||418
xpp|||4|||14|||138|||418
=|||22|||5|||14|||419
;|||33|||5|||16|||419
.|||1|||5|||21|||419
.|||8|||5|||51|||419
for|||13|||8|||33|||419
;|||75|||11|||100|||419
,|||38|||11|||9|||420
*|||40|||13|||10|||420
==|||3|||14|||21|||420
]|||36|||22|||6|||420
*|||14|||6|||11|||421
generate_u|||1|||3|||27|||422
const|||5|||9|||17|||422
{|||18|||9|||21|||422
0|||19|||9|||25|||422
SRSLTE_IS_ALIGNED|||1|||9|||36|||422
srslte_simd_f_load|||1|||9|||83|||422
]|||18|||9|||89|||422
=|||7|||2|||7|||423
;|||9|||2|||14|||423
i|||43|||8|||16|||423
)|||41|||11|||39|||423
#pragma|||6|||13|||27|||423
float|||24|||17|||43|||423
)|||23|||7|||26|||424
not|||1|||16|||60|||424
▁|||4|||16|||61|||424
*|||15|||6|||15|||425
c|||1|||6|||16|||425
float|||10|||6|||18|||425
*|||16|||6|||19|||425
sum|||3|||12|||17|||425
for|||20|||12|||32|||425
*|||41|||13|||16|||425
size_t|||1|||14|||9|||425
)|||57|||14|||73|||425
site|||3|||1|||38|||426
]|||3|||2|||50|||426
=|||19|||4|||60|||426
i|||31|||5|||63|||426
0|||15|||5|||65|||426
r|||2|||9|||118|||426
check_i_islarger2|||1|||12|||62|||426
++|||15|||14|||160|||426
j|||24|||15|||37|||426
;|||146|||19|||66|||426
->|||7|||23|||59|||426
)|||26|||8|||32|||427
>|||1|||10|||56|||427
;|||102|||14|||66|||427
%|||5|||16|||109|||427
if|||8|||21|||64|||427
++|||27|||25|||33|||427
;|||173|||25|||98|||427
(|||38|||9|||53|||428
1|||6|||9|||61|||428
,|||13|||4|||30|||429
int|||20|||8|||15|||429
)|||50|||13|||25|||429
{|||30|||13|||26|||429
depth|||1|||17|||41|||429
)|||89|||22|||15|||429
(|||24|||6|||42|||430
+|||15|||12|||72|||430
=|||60|||12|||78|||430
j|||31|||19|||76|||430
)|||22|||7|||12|||431
i|||77|||14|||25|||431
j|||15|||14|||27|||431
*|||68|||19|||10|||431
m|||2|||5|||20|||432
,|||66|||16|||10|||432
,|||84|||17|||32|||432
Pixel|||3|||23|||18|||432
==|||1|||2|||46|||433
(|||42|||9|||104|||433
)|||37|||9|||119|||433
;|||58|||9|||120|||433
ni|||4|||14|||157|||433
i|||19|||3|||62|||434
(|||49|||11|||2|||434
++|||10|||11|||60|||434
n|||9|||11|||80|||434
int|||35|||11|||92|||434
num|||8|||11|||140|||434
=|||10|||2|||32|||435
0|||7|||2|||33|||435
)|||7|||2|||41|||435
++|||11|||11|||88|||435
(|||11|||3|||23|||436
int|||17|||7|||14|||436
xp|||1|||14|||39|||436
for|||25|||14|||77|||436
settings|||4|||25|||56|||437
unsigned|||1|||0|||5|||438
*|||19|||8|||4|||438
(|||46|||10|||37|||438
ar|||1|||18|||4|||438
time_step|||1|||3|||4|||439
{|||7|||3|||14|||439
=|||12|||3|||57|||439
,|||63|||15|||8|||439
(|||36|||9|||42|||440
y|||3|||9|||43|||440
)|||32|||9|||66|||440
{|||20|||9|||67|||440
;|||55|||9|||91|||440
;|||91|||13|||38|||440
int|||79|||23|||39|||441
r|||3|||23|||40|||441
src|||3|||24|||28|||441
const|||11|||24|||33|||441
{|||14|||6|||34|||442
)|||29|||9|||44|||442
;|||56|||9|||99|||442
a|||6|||22|||4|||442
;|||157|||22|||19|||442
;|||164|||24|||25|||442
&|||1|||4|||70|||443
settings|||3|||25|||39|||443
1|||1|||0|||29|||444
]|||2|||0|||46|||444
+|||16|||13|||67|||444
i|||12|||2|||25|||445
f|||1|||10|||1|||445
0|||48|||25|||25|||445
P2|||1|||16|||81|||446
0|||2|||1|||24|||447
<|||1|||1|||33|||447
,|||65|||16|||6|||447
▁|||2|||16|||57|||447
fprintf|||2|||16|||86|||447
)|||52|||13|||60|||448
1|||11|||13|||76|||448
,|||53|||13|||77|||448
argb|||2|||24|||47|||448
int|||31|||11|||37|||449
input|||4|||16|||9|||449
=|||103|||23|||28|||449
=|||26|||5|||64|||450
ii|||3|||12|||73|||450
x|||7|||17|||118|||450
(|||101|||21|||65|||450
doors|||3|||21|||73|||450
j|||39|||22|||22|||450
pIndexed|||2|||23|||58|||450
(|||121|||25|||104|||450
;|||12|||2|||34|||451
{|||6|||2|||42|||451
i|||40|||7|||31|||451
for|||36|||19|||23|||451
x1|||1|||19|||41|||451
(|||21|||5|||55|||452
)|||34|||9|||90|||452
}|||3|||10|||66|||452
j|||34|||21|||56|||452
settings|||6|||25|||74|||452
input|||1|||10|||9|||453
*|||59|||16|||4|||453
uint8_t|||1|||24|||11|||453
)|||45|||11|||143|||454
,|||75|||16|||100|||454
;|||111|||14|||158|||455
i|||80|||14|||159|||455
[|||37|||21|||74|||456
nodes|||4|||3|||93|||457
n|||1|||6|||4|||457
(|||103|||22|||2|||457
(|||72|||14|||168|||458
<|||25|||17|||119|||458
&&|||4|||9|||45|||459
simd_f_t|||2|||9|||92|||459
=|||37|||9|||94|||459
ENDCOM|||9|||14|||148|||459
0|||40|||17|||88|||459
float|||27|||19|||40|||459
for|||14|||9|||52|||460
+|||5|||9|||60|||460
simd_cf_t|||2|||9|||100|||460
srslte_simd_cf_mul|||1|||9|||103|||460
401|||1|||10|||2|||461
int|||42|||12|||14|||461
(|||37|||9|||47|||462
;|||130|||17|||51|||462
30|||1|||23|||31|||462
0|||12|||3|||81|||463
;|||24|||3|||82|||463
)|||20|||6|||53|||463
/|||1|||6|||70|||463
side|||6|||11|||104|||463
{|||2|||0|||40|||464
;|||86|||12|||42|||464
{|||58|||21|||72|||464
=|||105|||23|||57|||464
uint8_t|||3|||24|||66|||464
i|||10|||2|||17|||465
19|||1|||2|||19|||465
internal_count|||1|||3|||47|||465
;|||47|||8|||19|||465
(|||31|||8|||21|||465
)|||73|||16|||122|||465
*|||67|||17|||47|||465
rows|||7|||19|||34|||465
1|||5|||8|||37|||466
;|||77|||11|||123|||466
int|||37|||11|||124|||466
)|||14|||4|||39|||467
i|||23|||4|||46|||467
n|||6|||10|||44|||468
]|||25|||14|||35|||468
;|||161|||23|||38|||468
;|||165|||24|||40|||468
,|||57|||14|||26|||469
*|||77|||25|||12|||469
cc|||4|||25|||52|||469
)|||103|||25|||68|||469
dataBlockSize|||1|||0|||11|||470
int|||12|||5|||10|||470
)|||75|||17|||28|||470
site|||2|||1|||18|||471
.|||5|||5|||37|||471
,|||72|||16|||79|||471
long|||4|||19|||17|||471
nx|||1|||22|||14|||471
*|||75|||24|||18|||471
*|||22|||9|||10|||472
if|||3|||9|||34|||472
=|||36|||9|||82|||472
*|||36|||11|||130|||472
data_range|||2|||16|||114|||472
)|||79|||18|||10|||472
*|||24|||10|||8|||473
,|||78|||17|||6|||473
float|||22|||17|||15|||473
start|||1|||19|||7|||473
,|||95|||19|||8|||473
int|||65|||19|||25|||473
1|||4|||8|||24|||474
;|||68|||11|||47|||474
omp|||4|||12|||30|||474
{|||35|||14|||16|||474
data_cols|||1|||16|||15|||474
vals|||1|||5|||42|||475
)|||17|||5|||58|||475
)|||97|||24|||63|||475
nowait_example2|||1|||6|||1|||476
zero_array|||1|||18|||1|||476
calc_angles_RR|||1|||19|||1|||476
)|||72|||16|||115|||477
num|||7|||11|||134|||478
=|||110|||25|||24|||478
settings|||7|||25|||77|||478
void|||2|||1|||2|||479
n_x|||1|||13|||50|||479
=|||62|||13|||51|||479
cc|||1|||25|||23|||479
settings|||5|||25|||63|||479
boxes|||2|||11|||147|||480
b|||1|||6|||12|||481
,|||55|||14|||8|||481
rand_d|||1|||19|||11|||481
i|||2|||0|||31|||482
=|||9|||2|||18|||482
;|||81|||12|||13|||482
r_|||1|||15|||14|||482
;|||142|||19|||35|||482
(|||28|||7|||30|||483
i|||70|||11|||110|||483
*|||34|||11|||111|||483
x|||4|||11|||152|||483
void|||1|||0|||2|||484
paddingChar|||1|||0|||3|||484
,|||19|||6|||5|||484
(|||30|||8|||2|||484
const|||3|||9|||3|||484
miIndexedPtr|||1|||23|||4|||484
int|||80|||24|||8|||484
void|||21|||25|||8|||484
in|||1|||8|||12|||485
VEC4|||3|||15|||13|||485
;|||129|||17|||45|||485
for|||8|||5|||61|||486
i|||86|||16|||130|||486
<|||21|||16|||131|||486
x_sol|||2|||3|||112|||487
;|||54|||9|||79|||487
=|||74|||14|||167|||487
"|||4|||16|||70|||487
0|||29|||13|||52|||488
dws|||1|||4|||13|||489
a|||1|||6|||8|||489
*|||26|||11|||4|||489
m|||1|||5|||18|||490
side|||4|||11|||69|||490
;|||71|||11|||70|||490
weights|||2|||4|||61|||491
;|||51|||9|||26|||491
{|||42|||16|||23|||491
i|||42|||7|||39|||492
=|||58|||12|||61|||492
▁|||6|||16|||67|||492
,|||76|||16|||107|||492
=|||80|||16|||141|||492
0|||46|||21|||70|||492
(|||102|||21|||78|||492
=|||15|||3|||80|||493
;|||64|||10|||41|||493
=|||63|||13|||64|||493
y|||9|||17|||107|||493
for|||21|||12|||37|||494
i|||9|||2|||6|||495
j|||1|||2|||11|||495
(|||7|||2|||16|||495
<|||4|||3|||44|||495
*|||35|||11|||128|||495
(|||83|||16|||118|||495
+|||20|||19|||33|||495
*|||10|||4|||67|||496
dw|||1|||4|||85|||496
defvert_find_index|||1|||4|||94|||496
{|||9|||3|||90|||497
j|||10|||3|||100|||497
(|||19|||5|||2|||497
m1|||2|||5|||24|||497
indices|||3|||4|||75|||498
(|||29|||7|||44|||498
,|||91|||17|||106|||498
->|||12|||25|||96|||498
(|||66|||14|||78|||499
\n|||4|||16|||111|||499
height|||2|||17|||58|||499
