int|||9|||4|||28|||0
++|||8|||8|||31|||0
}|||7|||13|||98|||0
;|||110|||14|||154|||0
;|||114|||15|||26|||0
mri_mean|||1|||17|||23|||0
1|||17|||23|||29|||0
(|||11|||3|||23|||1
float|||19|||11|||25|||1
restrict|||3|||13|||17|||1
fields|||1|||13|||18|||1
{|||4|||2|||4|||2
*|||4|||3|||11|||2
)|||47|||12|||3|||2
int|||68|||21|||5|||2
=|||10|||2|||32|||3
pixels|||3|||23|||52|||3
;|||163|||23|||54|||3
)|||34|||9|||90|||4
]|||7|||3|||98|||5
num|||5|||11|||97|||5
j|||17|||14|||83|||5
i|||8|||1|||36|||6
;|||87|||12|||46|||6
;|||17|||3|||36|||7
ushort|||2|||14|||37|||7
*|||51|||14|||38|||7
*|||54|||14|||62|||7
i|||80|||14|||159|||8
)|||96|||24|||60|||8
float|||25|||19|||9|||9
i|||27|||4|||77|||10
?|||2|||4|||88|||10
for|||1|||0|||24|||11
(|||2|||0|||25|||11
nodes|||1|||1|||14|||11
temp_sol|||2|||3|||24|||11
)|||11|||3|||35|||11
<|||4|||3|||44|||11
,|||44|||11|||27|||11
i|||72|||12|||15|||11
long|||1|||14|||24|||11
"|||10|||16|||112|||11
&|||4|||9|||112|||12
z|||4|||9|||113|||12
[|||21|||9|||114|||12
n_x|||1|||13|||50|||13
=|||62|||13|||51|||13
;|||94|||13|||57|||13
]|||6|||3|||70|||14
*|||9|||4|||25|||15
int|||14|||6|||27|||15
(|||41|||9|||96|||15
side|||3|||11|||58|||15
=|||75|||15|||24|||15
[|||36|||21|||27|||15
dv|||2|||4|||96|||16
x2|||2|||19|||90|||16
=|||113|||25|||116|||16
[|||13|||4|||76|||17
]|||12|||4|||81|||17
n|||7|||10|||75|||17
;|||7|||1|||31|||18
m2|||2|||5|||36|||18
m|||4|||5|||40|||18
rows|||5|||5|||52|||18
float|||6|||5|||56|||18
settings|||8|||25|||95|||18
MDeformVert|||1|||4|||3|||19
,|||8|||4|||9|||19
char|||2|||7|||3|||19
*|||20|||8|||5|||19
float|||18|||11|||3|||19
(|||55|||12|||2|||19
filename|||1|||16|||5|||19
char|||5|||14|||60|||20
)|||102|||25|||57|||20
;|||169|||25|||58|||20
[|||11|||4|||62|||21
;|||109|||14|||139|||21
<|||19|||14|||156|||21
,|||5|||3|||17|||22
[|||6|||3|||61|||23
=|||70|||14|||97|||23
int|||82|||25|||88|||23
=|||59|||12|||70|||24
+|||18|||13|||86|||24
xdim1_update_halo_kernel3_minus_4_b|||1|||13|||93|||24
*|||47|||13|||94|||24
ENDCOM|||8|||14|||144|||24
;|||125|||16|||129|||24
]|||1|||0|||20|||25
paddingSize|||2|||0|||33|||25
0|||5|||2|||13|||25
b|||1|||6|||12|||25
for|||35|||18|||12|||25
rand_d|||1|||19|||11|||25
for|||42|||25|||20|||25
,|||50|||13|||13|||26
)|||50|||13|||25|||26
;|||92|||13|||42|||26
uint|||1|||14|||12|||26
▁|||2|||16|||57|||26
{|||50|||19|||22|||26
j|||9|||3|||87|||27
char|||3|||7|||19|||27
"|||8|||16|||97|||27
i|||94|||21|||14|||27
(|||69|||14|||113|||28
int|||78|||23|||36|||28
;|||168|||25|||32|||28
(|||104|||22|||21|||29
best|||1|||23|||19|||29
<|||10|||9|||129|||30
ba|||1|||24|||67|||30
=|||57|||12|||52|||31
;|||88|||12|||54|||31
omp|||5|||12|||56|||31
ordered|||2|||12|||57|||31
ENDCOM|||5|||12|||58|||31
(|||79|||16|||52|||31
i|||12|||2|||25|||32
,|||31|||9|||16|||32
)|||27|||9|||20|||32
=|||34|||9|||24|||32
]|||38|||23|||24|||32
cc|||1|||25|||23|||32
void|||2|||1|||2|||33
(|||10|||3|||2|||33
401|||1|||10|||2|||33
{|||8|||3|||52|||34
;|||40|||6|||50|||34
b|||3|||9|||81|||34
\n|||4|||16|||111|||34
;|||128|||17|||42|||35
{|||59|||22|||16|||35
settings|||3|||25|||39|||35
int|||12|||5|||10|||36
matrix|||4|||5|||17|||36
;|||35|||5|||27|||36
dws|||1|||4|||13|||37
int|||27|||11|||13|||37
;|||83|||12|||20|||37
;|||22|||3|||73|||38
j|||7|||3|||79|||38
;|||24|||3|||82|||38
;|||78|||11|||146|||38
<|||1|||1|||33|||39
index|||3|||3|||109|||39
{|||14|||6|||34|||40
int|||77|||23|||33|||40
=|||14|||3|||71|||41
float|||5|||4|||58|||41
,|||106|||25|||55|||41
;|||170|||25|||76|||41
pp|||3|||25|||100|||41
->|||3|||3|||94|||42
temp_sol|||3|||3|||107|||42
;|||172|||25|||92|||42
,|||19|||6|||5|||43
col|||1|||11|||72|||43
(|||60|||13|||48|||43
n_x|||2|||13|||54|||43
const|||7|||14|||3|||43
miIndexedPtr|||1|||23|||4|||43
++|||7|||7|||40|||44
;|||66|||10|||65|||44
[|||29|||15|||36|||44
SRSLTE_SIMD_CF_SIZE|||5|||9|||132|||45
=|||86|||17|||99|||45
x|||6|||17|||114|||45
=|||16|||3|||92|||46
y2|||1|||19|||80|||46
}|||14|||25|||71|||46
(|||76|||16|||2|||47
char|||6|||16|||3|||47
,|||69|||16|||19|||47
++|||4|||3|||88|||48
p_index|||1|||11|||102|||48
w|||1|||4|||59|||49
for|||14|||9|||52|||49
+|||5|||9|||60|||49
simd_cf_t|||2|||9|||100|||49
)|||36|||9|||108|||49
cdir|||1|||14|||142|||50
dws|||2|||4|||87|||51
*|||43|||13|||73|||51
mri|||1|||17|||5|||51
depth|||4|||17|||78|||51
]|||32|||19|||85|||51
convert_coco_detections|||1|||11|||1|||52
rows|||6|||19|||4|||52
*|||1|||0|||7|||53
dataBlockSize|||1|||0|||11|||53
dataBlockSize|||3|||0|||43|||53
(|||4|||1|||17|||54
{|||13|||6|||26|||54
int|||24|||10|||22|||54
i|||60|||10|||63|||54
=|||55|||12|||26|||54
(|||80|||16|||77|||54
rand_r|||1|||19|||15|||54
,|||105|||25|||14|||54
}|||13|||25|||70|||54
int|||2|||2|||5|||55
i|||16|||3|||43|||55
nodes|||3|||3|||45|||55
;|||99|||14|||40|||55
int|||50|||14|||46|||55
,|||68|||16|||16|||55
for|||11|||7|||29|||56
#pragma|||5|||12|||55|||56
printf|||1|||16|||51|||56
opened|||1|||16|||64|||56
}|||11|||21|||33|||56
%|||6|||21|||67|||56
;|||30|||4|||53|||57
dv|||1|||4|||68|||57
;|||57|||9|||109|||57
z|||9|||17|||109|||57
)|||94|||24|||50|||57
&|||7|||24|||51|||57
j|||6|||3|||18|||58
int|||81|||25|||22|||58
num_chunks_per_rank|||1|||25|||31|||58
{|||66|||25|||45|||58
,|||108|||25|||108|||58
paddingSize|||1|||0|||14|||59
temp_sol|||1|||3|||8|||59
float|||2|||4|||24|||59
softmax_array|||1|||10|||5|||59
==|||3|||14|||21|||59
i|||95|||21|||18|||59
(|||100|||21|||50|||59
=|||4|||1|||15|||60
*|||16|||6|||19|||60
=|||53|||12|||18|||60
char|||1|||0|||6|||61
,|||29|||9|||7|||61
void|||13|||14|||4|||61
*|||48|||14|||5|||61
const|||8|||24|||3|||61
;|||10|||2|||20|||62
c|||3|||7|||20|||62
classes|||3|||11|||132|||62
int|||51|||15|||16|||62
data_rows|||2|||16|||101|||62
{|||44|||16|||123|||62
i|||4|||0|||45|||63
(|||17|||4|||45|||63
m2|||3|||5|||50|||63
c|||5|||7|||45|||63
&|||3|||9|||85|||63
;|||68|||11|||47|||63
i|||87|||16|||134|||63
;|||156|||21|||59|||63
,|||16|||5|||5|||64
MINLINE|||1|||20|||0|||64
Chunk|||1|||25|||11|||64
)|||41|||11|||39|||65
LOOPCNT|||1|||14|||34|||65
cc|||3|||25|||34|||65
nodes|||4|||3|||93|||66
i|||50|||9|||76|||66
side|||6|||11|||104|||66
n|||13|||11|||114|||66
ni|||2|||14|||96|||66
(|||120|||25|||87|||66
0|||49|||25|||91|||66
hv_sol|||1|||3|||67|||67
i|||38|||6|||67|||67
*|||21|||9|||5|||67
+=|||2|||9|||137|||67
*|||67|||17|||47|||67
=|||91|||19|||50|||67
;|||12|||2|||34|||68
y_sol|||1|||3|||60|||68
0|||10|||3|||65|||68
*|||12|||5|||57|||68
/|||1|||6|||70|||68
;|||41|||6|||72|||68
)|||2|||0|||39|||69
[|||9|||3|||99|||69
simd_f_t|||1|||9|||80|||69
)|||58|||14|||94|||69
=|||76|||15|||39|||69
"|||2|||16|||41|||69
,|||86|||17|||36|||69
)|||93|||24|||31|||69
update_global_node_set|||1|||1|||3|||70
real|||2|||3|||10|||70
n|||1|||6|||4|||70
*|||18|||7|||4|||70
int|||26|||11|||10|||70
]|||3|||2|||50|||71
[|||15|||6|||55|||71
+|||9|||11|||113|||71
;|||86|||12|||42|||71
;|||129|||17|||45|||71
j|||33|||21|||52|||71
1|||16|||21|||54|||71
CARD32|||1|||23|||55|||71
int|||6|||4|||7|||72
int|||11|||4|||41|||72
i|||22|||4|||42|||72
;|||28|||4|||43|||72
for|||7|||4|||44|||72
]|||4|||3|||56|||73
float|||13|||10|||7|||73
float|||28|||19|||48|||73
rand_r|||2|||19|||51|||73
float|||29|||19|||71|||73
void|||16|||18|||0|||74
void|||17|||19|||0|||74
void|||19|||22|||0|||74
i|||59|||10|||54|||75
=|||42|||10|||60|||75
/|||2|||11|||68|||75
\n|||2|||16|||82|||75
]|||28|||18|||6|||75
++|||21|||19|||67|||75
rand_r|||3|||19|||82|||75
)|||39|||10|||48|||76
omp|||3|||6|||74|||77
;|||127|||16|||143|||77
[|||38|||21|||80|||77
=|||109|||24|||68|||77
<|||3|||2|||36|||78
#pragma|||2|||6|||35|||78
=|||33|||8|||36|||78
P|||3|||0|||41|||79
i|||33|||6|||43|||79
[|||16|||6|||61|||79
*|||52|||14|||57|||79
++|||28|||25|||99|||79
add_thresh|||1|||4|||32|||80
,|||40|||11|||15|||80
i|||71|||11|||138|||80
index|||5|||11|||149|||80
box_index|||2|||11|||157|||80
=|||89|||19|||27|||80
&&|||1|||1|||35|||81
n|||4|||8|||28|||81
j|||38|||22|||18|||81
side|||8|||11|||127|||82
side|||9|||11|||129|||82
buffer|||2|||7|||47|||83
;|||50|||8|||38|||83
=|||101|||22|||23|||83
0|||15|||5|||65|||84
"|||4|||16|||70|||84
&|||8|||24|||61|||84
==|||9|||25|||66|||84
int|||4|||3|||15|||85
update_ghost_nodes|||1|||3|||22|||85
=|||54|||12|||22|||85
+|||15|||12|||72|||85
*|||61|||16|||25|||85
*|||75|||24|||18|||85
=|||65|||14|||43|||86
0|||30|||14|||44|||86
(|||67|||14|||99|||86
j|||10|||3|||100|||87
;|||65|||10|||45|||87
1|||13|||13|||95|||88
++|||17|||16|||135|||88
y|||1|||6|||20|||89
ENDCOM|||2|||6|||40|||89
=|||28|||6|||58|||89
0|||26|||12|||19|||89
is_larger|||2|||12|||21|||89
i|||25|||4|||54|||90
*|||10|||4|||67|||90
dw|||1|||4|||85|||90
defvert_find_index|||1|||4|||94|||90
;|||74|||11|||87|||90
n|||12|||11|||99|||90
{|||10|||4|||40|||91
i|||54|||9|||136|||91
private(i)|||1|||12|||34|||91
=|||90|||19|||42|||91
count|||1|||1|||22|||92
for|||19|||11|||78|||92
=|||22|||5|||14|||93
;|||33|||5|||16|||93
.|||1|||5|||21|||93
cols|||2|||5|||26|||93
.|||8|||5|||51|||93
void|||8|||8|||0|||93
for|||13|||8|||33|||93
+|||2|||5|||35|||94
int|||45|||13|||23|||94
height|||1|||17|||39|||94
int|||72|||22|||13|||94
]|||27|||15|||38|||95
;|||23|||3|||76|||96
SRSLTE_SIMD_CF_SIZE|||4|||9|||65|||96
(|||81|||16|||87|||96
0|||12|||3|||81|||97
=|||111|||25|||83|||97
r|||1|||9|||101|||98
=|||50|||11|||118|||98
num|||8|||11|||140|||98
)|||78|||17|||110|||98
,|||6|||3|||19|||99
,|||101|||23|||10|||99
int|||76|||23|||26|||99
{|||62|||24|||15|||99
*|||78|||25|||16|||99
int|||48|||14|||0|||100
shortloop|||1|||14|||147|||100
ENDCOM|||9|||14|||148|||100
for|||26|||14|||149|||100
)|||3|||1|||8|||101
*|||68|||19|||10|||101
stencil_size|||1|||3|||85|||102
;|||31|||4|||65|||102
MDeformWeight|||2|||4|||83|||102
=|||63|||13|||64|||102
(|||121|||25|||104|||102
,|||41|||11|||18|||103
i|||64|||11|||50|||103
sum|||2|||12|||6|||103
mass_flux_x_p|||1|||13|||12|||103
i|||86|||16|||130|||103
float|||26|||19|||13|||103
Pixel|||3|||23|||18|||103
(|||38|||9|||53|||104
1|||6|||9|||61|||104
srslte_simd_cfi_store|||1|||9|||110|||104
src_end|||1|||24|||20|||104
*|||76|||24|||37|||104
unsigned|||1|||0|||5|||105
,|||94|||19|||5|||105
(|||107|||24|||2|||105
largest|||1|||10|||31|||106
=|||43|||10|||70|||106
\n|||3|||16|||96|||106
uint8_t|||1|||24|||11|||106
dst|||1|||24|||13|||106
src|||2|||24|||22|||106
z|||3|||9|||48|||107
int|||47|||13|||49|||107
height|||2|||17|||58|||107
mri|||3|||17|||60|||107
->|||5|||17|||61|||107
height|||3|||17|||62|||107
=|||83|||17|||65|||107
->|||6|||17|||67|||107
y|||7|||17|||90|||107
i|||93|||19|||53|||107
j|||28|||19|||59|||107
const|||1|||4|||18|||108
a|||1|||6|||8|||108
int|||25|||11|||7|||108
filename|||2|||16|||37|||109
fid|||3|||16|||46|||109
▁|||1|||16|||55|||109
(|||82|||16|||105|||109
(|||85|||16|||139|||109
(|||115|||25|||38|||109
is_larger|||3|||12|||60|||110
(|||77|||16|||36|||110
(|||78|||16|||45|||110
The|||1|||16|||54|||110
:|||1|||4|||79|||111
)|||44|||11|||135|||111
"|||6|||16|||83|||111
}|||6|||13|||79|||112
)|||61|||14|||122|||112
;|||107|||14|||123|||112
xp|||2|||14|||124|||112
width|||4|||17|||120|||112
(|||92|||18|||13|||113
)|||84|||21|||3|||113
int|||69|||21|||13|||113
;|||153|||21|||40|||113
100|||4|||21|||58|||113
void|||4|||3|||0|||114
i|||14|||3|||16|||114
matrix|||1|||5|||0|||114
void|||6|||6|||0|||114
Performs|||1|||25|||0|||114
)|||82|||19|||69|||115
{|||52|||19|||70|||115
SRSLTE_IS_ALIGNED|||1|||9|||36|||116
srslte_simd_f_load|||1|||9|||83|||116
]|||18|||9|||89|||116
i|||15|||3|||39|||117
=|||27|||6|||44|||117
100|||1|||12|||45|||117
z|||2|||9|||15|||118
[|||20|||9|||87|||118
low_val|||1|||17|||16|||118
(|||6|||2|||2|||119
nowait_example2|||1|||6|||1|||119
zero_array|||1|||18|||1|||119
calc_angles_RR|||1|||19|||1|||119
(|||97|||21|||2|||119
VEC4|||1|||15|||3|||120
,|||62|||15|||5|||120
v|||1|||15|||7|||120
get_maxnodes|||1|||1|||16|||121
val|||1|||3|||20|||121
rows|||2|||5|||34|||121
{|||22|||10|||21|||121
last_i|||1|||12|||25|||121
simd_cf_t|||1|||9|||68|||122
a|||3|||9|||69|||122
;|||36|||5|||39|||123
,|||22|||6|||17|||123
,|||24|||7|||6|||123
(|||96|||20|||3|||123
)|||12|||3|||51|||124
MDeformWeight|||1|||4|||10|||124
float|||4|||4|||37|||124
)|||87|||21|||62|||124
f|||1|||10|||1|||125
void|||12|||13|||1|||125
int|||67|||20|||1|||125
Pixel|||1|||23|||1|||125
,|||37|||11|||6|||126
,|||38|||11|||9|||126
omp|||6|||13|||28|||126
,|||66|||16|||10|||126
float|||33|||22|||8|||126
pIndexed|||1|||23|||5|||126
rcpb|||1|||9|||93|||127
b|||4|||9|||97|||127
num|||7|||11|||134|||127
;|||174|||25|||111|||127
for|||44|||25|||112|||127
,|||9|||4|||14|||128
c|||1|||6|||16|||128
0|||18|||7|||33|||129
=|||71|||14|||125|||130
#pragma|||3|||6|||73|||131
;|||140|||17|||121|||131
=|||105|||23|||57|||131
uint8_t|||3|||24|||66|||131
i|||74|||12|||43|||132
++|||23|||21|||46|||132
->|||9|||25|||40|||132
float|||23|||17|||18|||133
hist|||1|||19|||20|||133
(|||70|||14|||133|||134
xpp|||4|||14|||138|||134
int|||57|||17|||0|||135
MRIaccumulateMaskedMeansAndVariances|||1|||17|||1|||135
(|||86|||17|||2|||135
MRI|||1|||17|||3|||135
*|||62|||17|||4|||135
MRI|||2|||17|||7|||135
mri_dof|||1|||17|||13|||135
0|||40|||17|||88|||135
;|||136|||17|||89|||135
,|||12|||4|||27|||136
i|||46|||8|||30|||136
)|||38|||10|||20|||136
doors|||2|||21|||26|||136
=|||106|||24|||21|||136
[|||26|||11|||156|||137
(|||71|||14|||150|||137
i|||78|||14|||151|||137
*|||8|||4|||20|||138
FindBestGray|||1|||23|||2|||138
iterations|||1|||25|||3|||138
the|||2|||25|||5|||138
<|||29|||25|||28|||138
settings|||4|||25|||56|||138
rem_thresh|||1|||4|||38|||139
rows|||3|||5|||38|||139
i|||39|||7|||15|||139
;|||61|||10|||24|||139
FLT_MAX|||1|||10|||34|||139
]|||20|||10|||55|||140
<|||12|||10|||74|||140
not|||1|||16|||60|||140
uint8_t|||2|||24|||42|||140
;|||20|||3|||59|||141
=|||19|||4|||60|||141
i|||31|||5|||63|||141
]|||15|||6|||63|||141
{|||25|||11|||63|||141
)|||5|||2|||3|||142
int|||19|||8|||11|||142
[|||35|||21|||7|||142
]|||37|||22|||11|||142
i|||88|||18|||15|||143
*|||69|||19|||14|||143
=|||96|||21|||15|||143
int|||75|||23|||14|||143
*|||77|||25|||12|||143
int|||1|||0|||26|||144
.|||7|||5|||47|||144
i|||100|||21|||45|||144
;|||39|||6|||46|||145
(|||59|||13|||33|||145
i|||11|||2|||21|||146
;|||32|||4|||82|||146
;|||43|||7|||21|||146
=|||32|||8|||23|||146
;|||51|||9|||26|||146
(|||54|||11|||154|||146
1|||12|||13|||89|||146
(|||114|||25|||21|||146
=|||49|||11|||103|||147
classes|||2|||11|||108|||147
;|||123|||16|||103|||147
;|||11|||2|||24|||148
=|||23|||5|||23|||148
z|||1|||6|||24|||148
,|||35|||10|||13|||148
)|||80|||19|||21|||148
neighbors|||1|||3|||95|||149
rcpb|||2|||9|||107|||150
#pragma|||8|||14|||145|||150
(|||3|||1|||4|||151
i|||5|||1|||11|||151
<|||2|||1|||37|||151
i|||17|||3|||49|||152
0|||9|||3|||58|||152
)|||42|||11|||62|||152
row|||1|||11|||65|||152
[|||14|||4|||90|||153
i|||29|||4|||91|||153
(|||39|||9|||72|||153
*|||32|||11|||105|||153
sum|||5|||12|||71|||153
0xf0|||1|||24|||52|||153
*|||25|||10|||18|||154
i|||55|||10|||23|||154
0|||27|||12|||27|||154
x_size|||1|||13|||21|||154
SIZEOF_USHORT|||1|||14|||22|||154
]|||34|||21|||29|||154
col|||2|||11|||162|||155
)|||46|||11|||163|||155
;|||96|||13|||99|||155
data_cols|||3|||16|||146|||155
MDeformVert|||2|||4|||66|||156
{|||19|||9|||51|||156
i|||40|||7|||31|||157
i|||41|||7|||35|||157
0|||25|||11|||159|||157
j|||23|||15|||32|||157
i|||98|||21|||37|||157
;|||171|||25|||85|||158
for|||43|||25|||86|||158
n|||3|||8|||9|||159
long|||4|||19|||17|||159
100|||2|||21|||20|||159
b|||5|||22|||9|||159
xdim1_update_halo_kernel3_minus_4_b|||2|||13|||97|||160
<|||22|||16|||145|||160
;|||2|||0|||30|||161
(|||12|||3|||28|||161
sizeof|||1|||5|||54|||161
(|||32|||8|||34|||161
float|||20|||11|||28|||161
m|||1|||5|||18|||162
1|||9|||12|||41|||162
n_y|||3|||13|||43|||162
,|||97|||19|||16|||162
<|||20|||15|||28|||163
P2|||1|||16|||81|||163
0|||45|||21|||31|||163
;|||167|||25|||26|||163
for|||2|||1|||26|||164
,|||13|||4|||30|||164
i|||32|||6|||28|||164
int|||20|||8|||15|||164
probs|||1|||11|||31|||164
{|||30|||13|||26|||164
;|||112|||15|||15|||164
depth|||1|||17|||41|||164
++|||20|||19|||36|||164
i|||96|||21|||23|||164
)|||89|||22|||15|||164
{|||64|||25|||19|||164
}|||12|||25|||59|||164
[|||18|||7|||48|||165
j|||13|||8|||39|||165
<|||18|||14|||84|||166
0|||34|||14|||153|||166
)|||4|||1|||19|||167
i|||63|||11|||42|||167
0|||35|||15|||25|||167
*|||72|||23|||51|||167
)|||101|||25|||54|||167
n|||2|||6|||49|||168
const|||4|||9|||8|||168
for|||10|||6|||41|||169
,|||45|||11|||32|||169
ushort|||1|||14|||31|||169
;|||98|||14|||36|||169
100|||3|||21|||43|||169
src_end|||2|||24|||30|||169
uint32_t|||3|||24|||34|||169
{|||18|||9|||21|||170
0|||19|||9|||25|||170
,|||83|||17|||24|||170
settings|||1|||25|||17|||170
{|||12|||5|||9|||171
int|||16|||7|||10|||171
in|||1|||8|||12|||171
int|||40|||12|||8|||171
VEC4|||3|||15|||13|||171
++|||22|||21|||22|||171
,|||99|||22|||12|||171
)|||90|||23|||16|||171
*|||66|||17|||26|||172
r|||2|||9|||118|||173
(|||53|||11|||137|||173
=|||52|||11|||153|||173
,|||60|||14|||115|||173
;|||135|||17|||79|||173
1|||18|||25|||109|||173
y|||2|||9|||11|||174
,|||34|||10|||10|||174
VEC4|||2|||15|||6|||174
,|||67|||16|||13|||174
*|||71|||23|||8|||174
=|||66|||14|||48|||175
j|||34|||21|||56|||175
++|||25|||23|||53|||175
*|||19|||8|||4|||176
for|||12|||8|||20|||176
(|||46|||10|||37|||176
,|||43|||11|||24|||176
j|||14|||11|||44|||176
(|||50|||11|||49|||176
a|||4|||9|||105|||177
[|||1|||0|||18|||178
i|||3|||0|||37|||178
,|||36|||10|||16|||178
)|||40|||10|||58|||178
i|||62|||10|||73|||178
,|||54|||13|||96|||178
j|||18|||14|||91|||178
m2|||1|||5|||7|||179
buffersize|||1|||7|||8|||179
mass_flux_x|||1|||13|||82|||179
SIZEOF_USHORT|||3|||14|||121|||179
int|||60|||18|||8|||179
{|||1|||0|||16|||180
101|||1|||21|||8|||180
0|||4|||2|||8|||181
int|||15|||7|||7|||181
,|||93|||18|||7|||181
int|||63|||19|||6|||181
1|||2|||2|||45|||182
-|||5|||10|||33|||182
int|||32|||11|||41|||182
b|||2|||6|||65|||183
]|||21|||10|||64|||183
=|||60|||12|||78|||183
0|||14|||5|||15|||184
m|||2|||5|||20|||184
.|||2|||5|||25|||184
data_range|||2|||16|||114|||184
0|||36|||16|||121|||184
;|||126|||16|||133|||184
;|||144|||19|||55|||185
=|||93|||19|||73|||185
=|||94|||19|||81|||185
x_sol|||1|||3|||53|||186
#pragma|||1|||6|||30|||186
(|||94|||19|||24|||186
=|||110|||25|||24|||186
=|||24|||5|||31|||187
(|||25|||6|||59|||187
)|||31|||9|||50|||187
if|||4|||10|||50|||187
*|||45|||13|||88|||187
(|||64|||14|||59|||187
width|||3|||17|||56|||187
;|||134|||17|||75|||187
,|||91|||17|||106|||187
=|||92|||19|||60|||187
cf_t|||1|||9|||4|||188
start|||1|||19|||7|||188
i|||77|||14|||25|||189
j|||15|||14|||27|||189
bestDist|||1|||23|||27|||189
sum|||1|||10|||26|||190
while|||2|||24|||26|||190
&|||1|||4|||70|||191
(|||21|||5|||55|||191
i|||45|||8|||26|||191
SRSLTE_IS_ALIGNED|||2|||9|||41|||191
}|||3|||10|||66|||191
return|||1|||16|||73|||191
settings|||6|||25|||74|||191
,|||72|||16|||79|||192
{|||57|||21|||63|||192
>>|||1|||24|||48|||192
]|||39|||25|||53|||192
;|||106|||14|||106|||193
settings|||9|||25|||107|||193
=|||9|||2|||18|||194
%|||1|||11|||75|||194
r_|||1|||15|||14|||194
j|||32|||19|||84|||194
0|||32|||14|||81|||195
j|||19|||14|||102|||195
;|||122|||16|||85|||195
++|||18|||17|||81|||195
P|||2|||0|||17|||196
+|||4|||6|||64|||196
)|||25|||8|||13|||196
for|||33|||17|||84|||196
]|||33|||21|||9|||196
;|||151|||21|||21|||196
i|||97|||21|||28|||196
=|||99|||21|||53|||196
,|||21|||6|||13|||197
,|||26|||8|||7|||197
doors|||1|||21|||6|||197
]|||36|||22|||6|||197
predictions|||3|||11|||155|||198
j|||25|||16|||31|||198
fid|||2|||16|||33|||198
input|||2|||10|||52|||199
;|||67|||10|||72|||199
*|||53|||14|||61|||199
int|||66|||19|||58|||199
0|||44|||19|||61|||199
<|||27|||19|||64|||199
w|||3|||16|||40|||200
"|||9|||16|||108|||200
{|||53|||20|||7|||200
padding|||1|||0|||0|||201
characters|||1|||0|||1|||201
0|||1|||1|||0|||201
void|||11|||11|||0|||201
function|||1|||13|||0|||201
void|||15|||16|||0|||201
indices|||2|||4|||73|||202
-|||3|||9|||58|||202
(|||57|||12|||63|||202
=|||68|||14|||68|||202
]|||25|||14|||35|||203
mask|||1|||17|||50|||203
;|||161|||23|||38|||203
<|||28|||24|||29|||203
(|||110|||24|||46|||203
(|||31|||8|||21|||204
;|||115|||15|||30|||204
start|||3|||19|||32|||204
=|||97|||21|||30|||204
j|||1|||2|||11|||205
++|||5|||4|||55|||205
;|||63|||10|||35|||205
n_x|||5|||13|||87|||205
;|||100|||14|||45|||205
(|||83|||16|||118|||205
+|||20|||19|||33|||205
;|||142|||19|||35|||205
;|||160|||23|||35|||205
odefun|||1|||3|||1|||206
mset|||1|||8|||1|||206
copy0|||1|||22|||1|||206
(|||1|||0|||4|||207
float|||1|||3|||3|||207
(|||23|||6|||2|||207
FLT|||1|||8|||3|||207
(|||45|||10|||6|||207
int|||59|||18|||3|||207
(|||93|||19|||2|||207
float|||32|||22|||3|||207
;|||59|||9|||127|||208
=|||74|||14|||167|||208
(|||72|||14|||168|||208
.|||6|||5|||41|||209
{|||21|||9|||124|||209
vals|||1|||5|||42|||210
<|||7|||6|||48|||210
i|||56|||10|||38|||210
(|||52|||11|||131|||210
;|||85|||12|||28|||210
"|||5|||16|||80|||210
;|||6|||1|||25|||211
do_add|||1|||4|||29|||211
i|||90|||19|||30|||211
+|||21|||24|||23|||211
const|||12|||24|||41|||212
]|||8|||3|||101|||213
=|||41|||10|||39|||213
*|||34|||11|||111|||213
i|||83|||15|||44|||213
==|||5|||16|||47|||213
)|||100|||25|||44|||213
,|||32|||9|||106|||214
largest|||2|||10|||57|||214
input|||3|||10|||61|||214
{|||26|||11|||91|||214
[|||25|||11|||148|||214
&&|||7|||14|||86|||214
argb|||3|||24|||57|||214
++|||16|||15|||31|||215
&|||6|||17|||100|||215
tmp|||4|||19|||88|||215
time_step|||2|||3|||29|||216
#pragma|||4|||12|||29|||216
*|||39|||13|||5|||216
vol_flux_x_p|||2|||13|||66|||216
)|||98|||25|||18|||216
box|||1|||11|||33|||217
,|||51|||13|||19|||217
;|||79|||12|||7|||218
,|||63|||15|||8|||218
gray|||1|||23|||15|||219
,|||104|||24|||10|||219
)|||53|||14|||15|||220
++|||2|||2|||40|||221
temp|||1|||10|||15|||221
;|||62|||10|||29|||221
int|||39|||12|||5|||221
;|||118|||16|||32|||221
pixels|||1|||23|||9|||221
,|||102|||23|||13|||221
,|||52|||13|||22|||222
loopcnt=LOOPCNT|||1|||14|||143|||222
)|||77|||17|||96|||222
num_pixels|||2|||24|||24|||222
cc|||2|||25|||27|||222
i|||9|||2|||6|||223
(|||7|||2|||16|||223
=|||29|||7|||16|||223
;|||80|||12|||10|||223
;|||113|||15|||20|||223
;|||137|||17|||93|||223
int|||74|||23|||11|||223
{|||29|||12|||59|||224
)|||49|||12|||65|||224
is_larger|||4|||12|||67|||224
sum|||3|||12|||17|||225
for|||20|||12|||32|||225
*|||41|||13|||16|||225
SqareDown|||1|||2|||1|||226
door|||1|||21|||1|||226
inner|||1|||25|||2|||226
+|||11|||11|||136|||227
(|||65|||14|||69|||227
cxp|||2|||14|||70|||227
realign|||3|||14|||109|||227
)|||60|||14|||110|||227
}|||8|||14|||128|||227
=|||72|||14|||132|||227
)|||63|||14|||161|||227
<|||23|||17|||77|||227
Pixel|||4|||23|||48|||227
const|||13|||24|||65|||227
=|||38|||9|||102|||228
classes|||1|||11|||8|||229
*|||27|||11|||29|||229
*|||28|||11|||30|||229
=|||45|||11|||66|||229
i|||67|||11|||67|||229
num|||4|||11|||86|||229
+|||7|||11|||98|||229
,|||57|||14|||26|||230
0|||31|||14|||49|||230
,|||46|||11|||36|||231
{|||46|||17|||29|||231
0|||33|||14|||89|||232
+=|||3|||14|||92|||232
i|||57|||10|||42|||233
*|||55|||14|||116|||233
,|||77|||16|||113|||233
<|||21|||16|||131|||233
indices|||3|||4|||75|||234
;|||71|||11|||70|||234
i|||68|||11|||74|||234
;|||111|||14|||158|||234
;|||132|||17|||63|||234
(|||95|||19|||57|||234
0|||7|||2|||33|||235
&&|||2|||9|||29|||235
{|||27|||12|||4|||235
,|||70|||16|||30|||235
=|||25|||5|||43|||236
i|||35|||6|||51|||236
=|||64|||13|||83|||236
else|||2|||14|||129|||236
for|||3|||2|||15|||237
{|||40|||15|||12|||237
)|||21|||6|||69|||238
(|||43|||9|||111|||238
xpp|||2|||14|||64|||238
*|||22|||9|||10|||239
if|||3|||9|||34|||239
=|||36|||9|||82|||239
ar|||1|||18|||4|||239
)|||79|||18|||10|||239
ordered|||1|||12|||35|||240
if|||6|||16|||44|||240
rand_d|||2|||19|||43|||240
static|||1|||1|||1|||241
*|||11|||4|||84|||241
=|||21|||4|||86|||241
x_size|||2|||13|||56|||241
(|||118|||25|||62|||241
settings|||5|||25|||63|||241
=|||13|||3|||64|||242
(|||66|||14|||78|||242
=|||69|||14|||80|||242
;|||104|||14|||82|||242
nelems|||2|||14|||85|||242
i|||7|||1|||32|||243
j|||4|||2|||39|||243
step_sol|||1|||3|||12|||243
i|||48|||9|||55|||243
)|||37|||9|||119|||243
;|||58|||9|||120|||243
,|||56|||14|||11|||243
rows|||4|||5|||48|||244
float|||24|||17|||43|||244
=|||104|||23|||50|||244
++|||26|||24|||39|||244
C|||1|||25|||43|||244
;|||72|||11|||77|||245
0|||24|||11|||82|||245
n|||11|||11|||89|||245
=|||48|||11|||94|||245
int|||36|||11|||101|||245
[|||24|||11|||120|||245
n|||14|||11|||142|||245
=|||2|||0|||28|||246
1|||10|||13|||70|||247
+|||17|||13|||71|||247
LOOPCNT|||2|||14|||93|||247
double|||2|||13|||9|||248
=|||31|||7|||32|||249
<|||8|||7|||36|||249
;|||89|||12|||68|||249
"|||3|||16|||53|||249
d|||1|||16|||92|||249
=|||79|||16|||127|||249
;|||54|||9|||79|||250
LOOPCNT|||3|||14|||104|||250
j|||24|||15|||37|||250
MRIvox|||1|||17|||101|||250
ppcg_inner_steps|||1|||25|||97|||250
0|||11|||3|||72|||251
{|||36|||14|||95|||252
fid|||5|||16|||88|||252
[|||34|||19|||83|||252
doors|||4|||21|||79|||252
float|||9|||6|||14|||253
float|||14|||10|||14|||253
)|||66|||16|||22|||253
,|||84|||17|||32|||253
,|||27|||8|||10|||254
int|||34|||11|||71|||254
)|||69|||16|||71|||254
;|||121|||16|||74|||254
[|||33|||19|||75|||254
[|||40|||22|||10|||254
*|||46|||13|||92|||255
)|||74|||16|||136|||255
0|||50|||25|||117|||255
void|||7|||7|||0|||256
07267|||1|||10|||0|||256
int|||38|||12|||0|||256
void|||18|||21|||0|||256
the|||1|||25|||1|||256
{|||11|||4|||57|||257
m|||3|||5|||28|||257
ii|||1|||12|||51|||257
mri|||2|||17|||54|||257
double|||1|||13|||4|||258
n_y|||2|||13|||39|||258
{|||33|||13|||65|||258
ptr_double|||2|||13|||81|||258
j|||20|||15|||19|||259
true|||1|||25|||84|||259
#if|||1|||9|||27|||260
SRSLTE_IS_ALIGNED|||3|||9|||46|||260
<|||15|||12|||44|||260
int|||44|||13|||20|||260
ni|||4|||14|||157|||260
4|||2|||15|||29|||260
(|||116|||25|||47|||260
int|||56|||16|||28|||261
start|||2|||19|||28|||261
i|||92|||19|||45|||261
=|||11|||3|||40|||262
=|||8|||2|||12|||263
int|||23|||10|||11|||263
num|||3|||11|||11|||263
MAT4|||1|||15|||9|||263
]|||2|||0|||46|||264
>=|||1|||2|||22|||264
j|||11|||8|||18|||264
known_sum|||1|||12|||12|||264
(|||26|||7|||2|||265
buffer|||1|||7|||5|||265
)|||24|||7|||41|||265
(|||105|||23|||3|||265
*|||23|||9|||14|||266
int|||21|||9|||18|||266
int|||22|||9|||22|||266
SRSLTE_SIMD_CF_SIZE|||1|||9|||28|||266
(|||34|||9|||35|||266
)|||28|||9|||39|||266
y|||4|||9|||86|||266
,|||42|||11|||21|||267
,|||81|||17|||17|||267
int|||8|||4|||19|||268
int|||70|||21|||36|||268
pixels|||2|||23|||21|||268
const|||9|||24|||16|||268
predictions|||1|||11|||5|||269
for|||18|||11|||48|||269
[|||41|||23|||22|||269
uint32_t|||1|||24|||4|||269
)|||92|||24|||14|||269
Settings|||1|||25|||15|||269
i|||76|||12|||53|||270
&&|||5|||12|||66|||270
data_cols|||2|||16|||99|||271
,|||75|||16|||100|||271
=|||35|||9|||70|||272
i|||69|||11|||95|||272
int|||37|||11|||124|||272
+|||16|||13|||67|||272
xdim0_update_halo_kernel3_minus_4_b|||2|||13|||78|||272
;|||105|||14|||90|||272
=|||26|||5|||64|||273
ii|||3|||12|||73|||273
]|||26|||14|||166|||273
"|||1|||16|||39|||273
x|||7|||17|||118|||273
j|||39|||22|||22|||273
pIndexed|||2|||23|||58|||273
SRSLTE_SIMD_CF_SIZE|||3|||9|||59|||274
+=|||1|||9|||64|||274
0|||8|||3|||41|||275
n|||8|||11|||46|||275
+|||13|||11|||158|||275
y|||6|||17|||86|||276
float|||31|||19|||87|||276
[|||19|||9|||75|||277
else|||1|||9|||123|||277
settings|||2|||25|||29|||277
->|||8|||25|||30|||277
1|||3|||3|||103|||278
r_|||2|||15|||35|||278
=|||103|||23|||28|||278
dist|||1|||23|||34|||278
dvert|||1|||4|||5|||279
matrix|||3|||5|||6|||279
float|||7|||6|||6|||279
out|||1|||15|||4|||279
fp|||1|||16|||7|||279
*|||40|||13|||10|||280
=|||3|||0|||47|||281
val|||2|||3|||105|||281
;|||69|||11|||53|||281
i|||65|||11|||54|||281
side|||2|||11|||56|||281
num|||6|||11|||112|||281
)|||51|||13|||45|||281
;|||97|||14|||30|||281
,|||61|||14|||118|||281
xp|||3|||14|||131|||281
[|||28|||14|||164|||281
(|||111|||24|||55|||281
0xf|||1|||24|||62|||281
for|||17|||10|||67|||282
(|||122|||25|||113|||282
n_y|||4|||13|||72|||283
xdim0_update_halo_kernel3_minus_4_b|||1|||13|||74|||283
1|||11|||13|||76|||283
,|||53|||13|||77|||283
=|||107|||24|||36|||283
->|||12|||25|||96|||283
j|||12|||8|||35|||284
;|||60|||9|||135|||284
x1|||1|||19|||41|||284
=|||15|||3|||80|||285
;|||64|||10|||41|||285
i|||61|||10|||69|||285
;|||166|||24|||64|||285
;|||13|||2|||38|||286
int|||58|||17|||30|||286
void|||3|||2|||0|||287
void|||14|||15|||0|||287
{|||54|||21|||4|||287
void|||20|||24|||0|||287
const|||5|||9|||17|||288
(|||15|||3|||78|||289
}|||4|||12|||75|||289
i|||19|||3|||62|||290
]|||10|||4|||64|||290
(|||62|||14|||54|||290
)|||59|||14|||105|||290
depth|||2|||17|||64|||290
;|||27|||3|||111|||291
]|||24|||11|||160|||291
)|||65|||15|||33|||291
=|||98|||21|||38|||291
[|||39|||22|||5|||291
void|||1|||0|||2|||292
)|||8|||3|||13|||292
weights|||1|||4|||26|||292
.|||3|||5|||29|||292
m1|||3|||5|||32|||292
*|||17|||6|||23|||292
output|||1|||10|||19|||292
;|||84|||12|||24|||292
{|||42|||16|||23|||292
<|||26|||19|||31|||292
{|||55|||21|||25|||292
P|||1|||0|||8|||293
nrange|||2|||14|||87|||293
src|||1|||24|||6|||293
(|||29|||7|||44|||294
<|||14|||11|||85|||294
tmp|||1|||14|||32|||294
,|||71|||16|||38|||294
)|||72|||16|||115|||294
i|||91|||19|||37|||294
(|||99|||21|||35|||294
(|||48|||10|||68|||295
#if|||2|||14|||17|||296
cxp|||1|||14|||52|||296
;|||116|||15|||41|||296
)|||67|||16|||42|||296
file|||1|||16|||56|||296
for|||25|||14|||77|||297
=|||78|||16|||34|||297
fopen|||1|||16|||35|||297
;|||131|||17|||57|||297
p_index|||2|||11|||121|||298
for|||31|||16|||138|||298
*|||50|||14|||13|||299
FILE|||1|||16|||24|||299
;|||120|||16|||72|||299
for|||39|||21|||34|||299
++|||24|||21|||60|||299
)|||95|||24|||53|||299
if|||9|||25|||37|||299
->|||11|||25|||78|||299
writing|||1|||16|||68|||300
,|||74|||16|||98|||300
==|||6|||16|||120|||300
data_rows|||3|||16|||132|||300
,|||2|||0|||12|||301
{|||3|||1|||9|||301
i|||30|||5|||11|||301
value|||1|||7|||11|||301
j|||37|||21|||75|||302
int|||42|||12|||14|||303
{|||35|||14|||16|||303
data_cols|||1|||16|||15|||303
,|||80|||17|||14|||303
{|||9|||3|||90|||304
(|||19|||5|||2|||304
,|||17|||5|||12|||304
m1|||2|||5|||24|||304
calloc|||1|||5|||44|||304
{|||51|||19|||39|||304
;|||38|||6|||29|||305
c|||4|||7|||22|||305
)|||29|||9|||44|||305
;|||56|||9|||99|||305
;|||157|||22|||19|||305
0|||48|||25|||25|||305
(|||119|||25|||73|||305
(|||13|||3|||33|||306
SRSLTE_SIMD_CF_SIZE|||2|||9|||30|||306
==|||2|||9|||31|||306
{|||65|||25|||36|||306
)|||9|||3|||25|||307
thresh|||1|||11|||26|||307
j|||22|||15|||27|||307
MRI|||5|||17|||25|||307
;|||141|||19|||29|||307
float|||21|||11|||116|||308
memcpy|||1|||14|||112|||308
tmp|||2|||14|||114|||308
+|||10|||11|||133|||309
d|||2|||16|||95|||309
[|||42|||25|||51|||309
FORTRAN|||1|||25|||67|||309
+|||8|||11|||109|||310
i|||70|||11|||110|||310
input|||1|||10|||9|||311
(|||73|||15|||2|||311
*|||59|||16|||4|||311
int|||62|||19|||3|||311
{|||68|||25|||102|||312
,|||39|||11|||12|||313
site|||3|||1|||38|||314
i|||34|||6|||47|||314
only_objectness|||1|||11|||38|||314
,|||47|||11|||43|||314
i|||73|||12|||39|||314
ENDCOM|||6|||13|||31|||314
,|||87|||17|||38|||314
;|||143|||19|||47|||314
pixel|||1|||23|||49|||314
(|||49|||11|||2|||315
++|||10|||11|||60|||315
n|||9|||11|||80|||315
int|||35|||11|||92|||315
int|||10|||4|||34|||316
.|||5|||5|||37|||316
{|||17|||8|||14|||316
y_size|||1|||13|||24|||316
++|||15|||14|||160|||316
nx|||1|||22|||14|||316
num|||9|||23|||12|||316
)|||19|||6|||25|||317
for|||27|||15|||21|||317
i|||26|||4|||63|||318
j|||29|||19|||63|||318
||||1|||24|||54|||318
else|||3|||25|||60|||318
real|||1|||3|||6|||319
,|||7|||4|||6|||319
*|||13|||6|||7|||319
,|||20|||6|||9|||319
(|||30|||8|||2|||319
const|||3|||9|||3|||319
square|||1|||11|||14|||319
update_halo_kernel3_minus_4_b_c_wrapper|||1|||13|||2|||319
xpp|||1|||14|||7|||319
,|||58|||14|||28|||319
int|||53|||16|||14|||319
void|||21|||25|||8|||319
int|||28|||11|||16|||320
int|||33|||11|||64|||320
=|||47|||11|||81|||320
index|||4|||11|||93|||320
predictions|||2|||11|||119|||320
u_int|||1|||1|||10|||321
;|||15|||3|||26|||321
++|||3|||3|||50|||321
-|||2|||3|||102|||321
+|||19|||13|||90|||321
side|||1|||11|||17|||322
side|||5|||11|||76|||322
++|||11|||11|||88|||322
;|||75|||11|||100|||322
*|||36|||11|||130|||322
)|||17|||5|||58|||323
[|||17|||6|||66|||323
=|||61|||13|||36|||323
=|||87|||17|||115|||323
;|||155|||21|||55|||323
)|||97|||24|||63|||323
dvert|||2|||4|||71|||324
[|||12|||4|||72|||324
<|||9|||9|||56|||324
len|||2|||9|||57|||324
y_size|||2|||13|||41|||324
)|||52|||13|||60|||324
{|||7|||3|||14|||325
int|||29|||11|||19|||325
vol_flux_x_p|||1|||13|||7|||325
n_y|||1|||13|||35|||325
,|||59|||14|||103|||325
uint32_t|||2|||24|||17|||325
cf_t|||2|||9|||13|||326
;|||82|||12|||16|||326
parallel|||2|||12|||31|||326
int|||43|||13|||15|||326
7|||1|||14|||72|||326
tmp|||3|||14|||126|||326
16|||1|||24|||49|||326
]|||17|||9|||77|||327
*|||33|||11|||107|||327
,|||49|||13|||8|||328
tp|||1|||14|||14|||328
=|||20|||4|||69|||329
;|||70|||11|||59|||329
*|||37|||11|||139|||329
]|||23|||11|||150|||329
+|||14|||11|||161|||329
i|||75|||12|||47|||329
\n|||1|||16|||69|||329
,|||89|||17|||49|||329
z|||7|||17|||76|||329
srslte_simd_f_rcp|||1|||9|||95|||330
for|||15|||9|||125|||330
;|||76|||11|||115|||330
cc|||5|||25|||115|||330
;|||19|||3|||48|||331
num|||2|||4|||52|||331
i|||58|||10|||47|||331
=|||67|||14|||53|||331
]|||30|||19|||54|||331
j|||35|||21|||61|||331
{|||5|||2|||28|||332
{|||6|||2|||42|||332
parallel|||1|||6|||32|||332
)|||20|||6|||53|||332
=|||39|||10|||27|||332
&&|||6|||14|||19|||332
,|||64|||15|||18|||332
30|||1|||23|||31|||332
run_ppcg_init|||1|||25|||46|||332
;|||9|||2|||14|||333
]|||14|||6|||57|||333
int|||17|||7|||14|||333
)|||64|||15|||11|||333
d|||3|||16|||110|||333
;|||124|||16|||116|||333
,|||96|||19|||12|||333
for|||40|||21|||49|||333
;|||77|||11|||123|||334
;|||154|||21|||44|||334
num|||1|||4|||16|||335
*|||24|||10|||8|||335
,|||1|||0|||9|||336
site_def|||1|||1|||5|||336
*|||3|||3|||7|||336
dws|||3|||4|||89|||336
known_sum|||2|||12|||77|||336
[|||43|||25|||80|||336
2.0f|||1|||6|||71|||337
side|||4|||11|||69|||337
(|||112|||24|||56|||337
i|||53|||9|||128|||338
uint|||2|||14|||169|||338
{|||2|||0|||40|||339
check_udpdata|||1|||7|||1|||339
,|||25|||7|||9|||339
)|||22|||7|||12|||339
write_graphics|||1|||16|||1|||339
->|||10|||25|||64|||340
pp|||2|||25|||93|||340
<|||30|||25|||94|||340
dr|||1|||23|||37|||341
while|||1|||23|||42|||341
{|||61|||23|||47|||341
0x80|||1|||0|||22|||342
;|||3|||0|||36|||342
[|||22|||10|||53|||342
*|||31|||11|||96|||342
{|||31|||13|||46|||342
<=|||4|||21|||42|||342
ENDCOM|||7|||14|||23|||343
[|||27|||14|||33|||343
long|||3|||14|||55|||343
;|||52|||9|||54|||344
vol_flux_x|||1|||13|||63|||344
j|||21|||15|||23|||344
}|||10|||16|||75|||344
;|||158|||23|||25|||344
)|||103|||25|||68|||344
long|||2|||14|||51|||345
(|||106|||23|||43|||345
(|||117|||25|||49|||345
19|||1|||2|||19|||346
(|||9|||2|||44|||346
;|||47|||8|||19|||346
;|||48|||8|||25|||346
;|||49|||8|||29|||346
{|||41|||15|||34|||346
)|||73|||16|||122|||346
for|||41|||22|||20|||346
0|||23|||11|||52|||347
=|||56|||12|||40|||347
int|||71|||21|||51|||347
src|||4|||24|||38|||347
->|||7|||23|||59|||348
int|||18|||8|||8|||349
*|||49|||14|||6|||349
,|||100|||23|||6|||349
void|||10|||10|||4|||350
)|||81|||19|||38|||350
->|||2|||3|||46|||351
if|||10|||25|||61|||351
uint64_t|||1|||0|||10|||352
site|||1|||1|||7|||352
x|||1|||9|||6|||352
;|||95|||13|||80|||353
xpp|||3|||14|||117|||353
(|||89|||17|||102|||353
=|||46|||11|||73|||354
n|||10|||11|||84|||354
=|||5|||1|||23|||355
0|||2|||1|||24|||355
=|||6|||1|||29|||355
j|||2|||2|||31|||355
==|||1|||2|||46|||355
=|||18|||4|||47|||355
0|||13|||4|||48|||355
=|||44|||11|||51|||355
;|||91|||13|||38|||355
,|||18|||5|||53|||356
0|||16|||6|||45|||356
,|||88|||17|||40|||356
)|||91|||23|||46|||356
;|||1|||0|||23|||357
++|||1|||0|||38|||357
;|||4|||1|||12|||358
generate_v|||1|||3|||32|||358
=|||88|||18|||16|||358
;|||149|||21|||10|||358
1|||14|||21|||16|||358
chunks|||1|||25|||13|||358
,|||33|||9|||117|||359
void|||5|||4|||0|||360
static|||2|||23|||0|||360
cube_s|||1|||20|||2|||361
short|||1|||20|||4|||361
a|||5|||20|||5|||361
)|||83|||20|||6|||361
float|||11|||6|||22|||362
(|||24|||6|||42|||362
a|||2|||6|||60|||362
1|||8|||12|||23|||362
)|||14|||4|||39|||363
i|||23|||4|||46|||363
(|||28|||7|||30|||363
for|||23|||13|||32|||364
mri_mask|||1|||17|||9|||364
,|||103|||24|||7|||364
i|||2|||0|||31|||365
[|||2|||0|||42|||365
!=|||1|||7|||46|||365
r|||3|||23|||40|||365
const|||11|||24|||33|||365
{|||15|||7|||13|||366
;|||42|||7|||18|||366
=|||30|||7|||23|||366
b3d9c82c5f695f932c9f504d2b6a592|||1|||10|||3|||366
i|||84|||16|||29|||366
paddingChar|||1|||0|||3|||367
int|||13|||6|||3|||367
(|||61|||14|||2|||367
of|||1|||25|||4|||367
)|||15|||4|||56|||368
)|||18|||5|||59|||368
%|||2|||14|||74|||368
rand_d|||3|||19|||74|||368
<|||17|||13|||55|||369
fprintf|||3|||16|||104|||369
{|||48|||17|||97|||369
i|||18|||3|||55|||370
]|||5|||3|||63|||370
*|||64|||17|||12|||370
=|||85|||17|||87|||370
y|||9|||17|||107|||370
,|||92|||17|||108|||370
12|||1|||24|||59|||370
i|||82|||15|||17|||371
=|||102|||23|||20|||371
;|||164|||24|||25|||371
)|||33|||9|||78|||372
(|||44|||9|||126|||372
i|||66|||11|||61|||372
0.|||1|||15|||40|||372
int|||79|||23|||39|||372
num|||10|||23|||44|||372
(|||5|||1|||27|||373
(|||8|||2|||30|||373
float|||3|||4|||31|||373
float|||16|||10|||25|||373
[|||30|||18|||5|||374
(|||98|||21|||12|||374
{|||34|||13|||84|||375
(|||74|||15|||22|||375
z|||8|||17|||80|||375
)|||104|||25|||75|||375
FIELD_SD|||1|||25|||81|||375
]|||11|||4|||78|||376
)|||75|||17|||28|||376
,|||85|||17|||34|||376
<<|||1|||23|||30|||376
indices|||1|||4|||21|||377
n|||5|||10|||12|||377
_SX|||1|||14|||18|||377
int|||65|||19|||25|||377
;|||21|||3|||66|||378
y1|||1|||19|||72|||378
+|||1|||0|||44|||379
omp|||2|||6|||36|||379
n|||6|||10|||44|||379
++|||9|||10|||46|||379
boxes|||1|||11|||35|||379
++|||12|||12|||48|||379
[|||32|||19|||52|||379
;|||165|||24|||40|||379
len|||1|||9|||19|||380
i|||47|||9|||23|||380
&&|||3|||9|||40|||380
fields_to_exchange|||1|||25|||79|||381
i|||10|||2|||17|||382
,|||28|||8|||17|||382
MRI|||4|||17|||21|||382
data_rows|||1|||16|||12|||383
MRI|||3|||17|||11|||383
*|||74|||24|||12|||383
int|||54|||16|||17|||384
)|||68|||16|||49|||384
created|||1|||16|||62|||384
(|||84|||16|||125|||384
)|||43|||11|||90|||385
*|||15|||6|||15|||386
float|||10|||6|||18|||386
schedule(static)|||1|||6|||38|||386
i|||36|||6|||56|||386
)|||57|||14|||73|||386
SIZEOF_USHORT|||2|||14|||75|||386
;|||103|||14|||76|||386
=|||1|||0|||21|||387
-|||1|||0|||34|||387
9|||1|||0|||35|||387
*|||60|||16|||8|||387
;|||73|||11|||83|||388
*|||35|||11|||128|||388
int|||49|||14|||41|||388
j|||16|||14|||79|||388
=|||82|||17|||59|||388
{|||56|||21|||48|||388
,|||3|||3|||5|||389
*|||26|||11|||4|||389
,|||79|||17|||10|||389
--|||1|||2|||26|||390
X_SIZEOF_USHORT|||1|||14|||20|||390
,|||82|||17|||20|||390
)|||23|||7|||26|||391
value|||2|||7|||27|||391
}|||2|||9|||122|||391
fid|||1|||16|||26|||391
NULL|||1|||16|||48|||391
▁|||4|||16|||61|||391
,|||73|||16|||89|||391
for|||30|||16|||124|||391
0|||39|||17|||74|||391
(|||101|||21|||65|||391
doors|||3|||21|||73|||391
i|||24|||4|||50|||392
n_y|||5|||13|||91|||393
ushort|||3|||14|||134|||393
*|||57|||14|||135|||393
)|||62|||14|||136|||393
(|||47|||10|||51|||394
(|||51|||11|||79|||394
{|||39|||14|||162|||394
v|||2|||23|||56|||394
j|||27|||16|||144|||395
*|||56|||14|||120|||396
0|||42|||17|||116|||396
;|||139|||17|||117|||396
]|||9|||3|||110|||397
4|||1|||11|||145|||397
10|||1|||2|||37|||398
int|||31|||11|||37|||398
rows|||7|||19|||34|||398
{|||23|||10|||49|||399
{|||28|||12|||50|||399
;|||130|||17|||51|||399
(|||109|||24|||45|||399
)|||6|||2|||27|||400
i|||20|||3|||69|||400
i|||21|||3|||97|||400
;|||26|||3|||104|||400
0|||22|||10|||71|||400
.|||4|||5|||33|||401
;|||45|||7|||34|||401
*|||29|||11|||34|||401
mri_std|||1|||17|||27|||401
int|||7|||4|||15|||402
w|||2|||11|||20|||402
;|||81|||12|||13|||402
{|||60|||23|||17|||402
;|||46|||7|||38|||403
sum|||4|||12|||69|||403
for|||29|||16|||66|||403
fid|||6|||16|||106|||403
j|||26|||16|||140|||403
=|||95|||19|||89|||403
==|||7|||21|||69|||403
=|||100|||21|||77|||403
*|||7|||4|||12|||404
*|||14|||6|||11|||404
int|||80|||24|||8|||404
dataBlockSize|||2|||0|||19|||405
0|||6|||2|||23|||405
(|||27|||7|||24|||405
1|||4|||8|||24|||405
int|||30|||11|||22|||405
srslte_simd_cf_mul|||1|||9|||103|||406
(|||42|||9|||104|||406
for|||24|||13|||47|||406
largest|||3|||10|||59|||407
)|||56|||14|||65|||407
;|||146|||19|||66|||407
{|||58|||21|||72|||407
site|||2|||1|||18|||408
for|||21|||12|||37|||408
nelems|||1|||14|||10|||408
{|||47|||17|||83|||408
*|||63|||17|||8|||409
;|||138|||17|||111|||409
chunks|||3|||25|||105|||409
0|||21|||10|||40|||410
is_larger|||1|||12|||9|||410
}|||5|||12|||76|||410
)|||86|||21|||47|||410
<|||16|||13|||40|||411
for|||34|||17|||112|||411
restrict|||1|||13|||6|||412
size_t|||1|||14|||9|||412
;|||18|||3|||42|||413
nowait|||1|||6|||39|||413
#pragma|||6|||13|||27|||413
xp|||1|||14|||39|||413
.|||9|||11|||151|||414
x|||4|||11|||152|||414
(|||58|||13|||3|||415
*|||42|||13|||69|||415
input|||4|||16|||9|||415
*|||73|||24|||5|||415
x_sol|||2|||3|||112|||416
(|||18|||4|||95|||416
y|||8|||17|||94|||416
{|||67|||25|||69|||416
cols|||1|||5|||22|||417
(|||20|||5|||45|||417
float|||27|||19|||40|||417
[|||31|||19|||44|||417
for|||6|||3|||77|||418
fprintf|||2|||16|||86|||418
)|||76|||17|||82|||418
settings|||7|||25|||77|||418
buffersize|||2|||7|||37|||419
;|||119|||16|||43|||419
▁|||5|||16|||65|||419
%|||3|||16|||91|||419
▁|||7|||16|||93|||419
0|||37|||16|||128|||419
i|||101|||21|||68|||419
]|||35|||21|||76|||419
?|||1|||4|||74|||420
if|||2|||7|||43|||420
ii|||2|||12|||64|||420
#pragma|||7|||14|||141|||420
"|||7|||16|||90|||420
%|||4|||16|||94|||420
0|||41|||17|||105|||420
halo_update_driver|||1|||25|||103|||421
for|||4|||2|||29|||422
ENDCOM|||1|||6|||33|||422
;|||159|||23|||32|||422
0x00|||1|||0|||48|||423
->|||1|||1|||39|||423
[|||4|||2|||51|||423
j|||5|||2|||52|||423
=|||77|||15|||45|||423
0|||43|||18|||17|||423
i|||28|||4|||80|||424
)|||70|||16|||84|||424
reset_fields_to_exchange|||1|||25|||72|||424
;|||44|||7|||28|||425
i|||42|||7|||39|||425
=|||58|||12|||61|||425
int|||55|||16|||20|||425
data_range|||1|||16|||21|||425
;|||117|||16|||27|||425
{|||43|||16|||50|||425
/|||3|||16|||63|||425
▁|||6|||16|||67|||425
,|||76|||16|||107|||425
i|||85|||16|||126|||425
=|||80|||16|||141|||425
j|||36|||21|||66|||425
0|||46|||21|||70|||425
[|||37|||21|||74|||425
(|||102|||21|||78|||425
mri|||4|||17|||66|||426
;|||133|||17|||69|||426
z|||6|||17|||72|||426
j|||30|||19|||68|||426
i|||1|||0|||27|||427
omp|||1|||6|||31|||427
ni|||1|||14|||29|||427
;|||152|||21|||32|||427
=|||7|||2|||7|||428
*|||58|||14|||137|||428
(|||113|||25|||10|||428
0|||3|||1|||30|||429
=|||17|||3|||106|||429
)|||35|||9|||98|||429
=|||112|||25|||90|||429
)|||105|||25|||101|||429
hi_val|||1|||17|||19|||430
*|||65|||17|||22|||430
=|||84|||17|||73|||430
,|||4|||3|||9|||431
defgrp_idx|||1|||4|||8|||431
float|||8|||6|||10|||431
int|||52|||16|||11|||431
matrix|||2|||5|||3|||432
SS3D_Mtx_Transform|||1|||15|||1|||432
a|||6|||22|||4|||432
{|||32|||13|||61|||433
)|||71|||16|||102|||433
ptr_double|||1|||13|||62|||434
u_int|||2|||1|||13|||435
generate_u|||1|||3|||27|||435
srslte_simd_cfi_load|||1|||9|||71|||436
0|||29|||13|||52|||436
;|||93|||13|||53|||436
n_x|||3|||13|||58|||436
++|||14|||13|||59|||436
void|||9|||9|||0|||437
&&|||4|||9|||45|||437
i|||49|||9|||63|||437
simd_f_t|||2|||9|||92|||437
;|||8|||2|||9|||438
src|||3|||24|||28|||438
-|||4|||9|||131|||439
+|||6|||9|||133|||439
i|||13|||2|||49|||440
+|||3|||5|||49|||440
i|||37|||6|||62|||440
1|||7|||9|||134|||440
val|||3|||17|||44|||440
cc|||4|||25|||52|||440
-|||6|||14|||101|||441
int|||61|||18|||14|||441
m1|||1|||5|||4|||442
m|||5|||8|||6|||442
test_omp_parallel_for_ordered|||1|||12|||1|||442
,|||55|||14|||8|||442
,|||98|||22|||7|||442
ppcg_inner_iterations|||1|||25|||9|||442
;|||5|||1|||20|||443
i|||6|||1|||28|||443
)|||99|||25|||35|||443
)|||106|||25|||110|||443
time_step|||1|||3|||4|||444
*|||5|||4|||4|||444
(|||33|||9|||2|||444
,|||65|||16|||6|||444
PPCG|||1|||25|||6|||444
)|||26|||8|||32|||445
>|||1|||10|||56|||445
;|||102|||14|||66|||445
%|||5|||16|||109|||445
if|||8|||21|||64|||445
++|||27|||25|||33|||445
;|||173|||25|||98|||445
*|||70|||19|||19|||446
)|||85|||21|||24|||446
;|||34|||5|||19|||447
;|||37|||5|||60|||447
i|||89|||19|||26|||447
x2|||1|||19|||49|||447
int|||5|||3|||74|||448
j|||8|||3|||83|||448
boxes|||2|||11|||147|||448
,|||23|||6|||21|||449
i|||44|||8|||22|||449
Min|||1|||14|||98|||449
j|||31|||19|||76|||449
1|||1|||0|||29|||450
[|||5|||3|||54|||450
1|||5|||8|||37|||450
(|||35|||9|||37|||450
(|||40|||9|||84|||450
--|||2|||23|||45|||450
kernel_language|||2|||25|||65|||450
if|||1|||2|||43|||451
g_arrBackGroud|||1|||2|||47|||451
time_step|||3|||3|||34|||451
m1|||4|||5|||46|||451
c|||2|||6|||54|||451
0|||20|||10|||28|||451
&|||9|||25|||48|||451
scale|||1|||11|||117|||452
]|||22|||11|||122|||452
;|||90|||12|||74|||452
==|||4|||14|||88|||452
,|||107|||25|||106|||452
;|||14|||3|||21|||453
,|||10|||4|||17|||453
,|||11|||4|||22|||453
<|||6|||4|||51|||453
(|||56|||12|||38|||453
parallel|||3|||13|||29|||453
int|||46|||13|||34|||453
(|||75|||15|||43|||453
kernel_language|||1|||25|||41|||453
==|||8|||25|||42|||453
[|||23|||10|||62|||454
check_i_islarger2|||1|||12|||62|||454
)|||55|||14|||63|||454
&|||5|||14|||71|||454
{|||37|||14|||111|||454
fprintf|||1|||16|||76|||454
>>|||2|||24|||58|||454
;|||55|||9|||91|||455
mass_flux_x_p|||2|||13|||85|||455
int|||83|||25|||114|||455
)|||1|||0|||15|||456
{|||24|||11|||40|||456
schedule(static,1)|||1|||12|||33|||456
<=|||3|||21|||19|||456
<|||13|||11|||55|||457
*|||30|||11|||57|||457
*|||44|||13|||75|||458
mri_mask|||2|||17|||103|||458
,|||90|||17|||104|||458
*|||38|||11|||144|||459
)|||48|||12|||49|||459
}|||9|||14|||140|||459
0|||38|||16|||142|||459
&|||2|||9|||73|||460
x|||3|||9|||74|||460
=|||37|||9|||94|||460
}|||1|||9|||121|||460
pp|||1|||25|||89|||460
node_no|||1|||1|||21|||461
(|||36|||9|||42|||461
y|||3|||9|||43|||461
float|||15|||10|||17|||461
++|||13|||13|||44|||461
▁|||3|||16|||59|||461
fid|||4|||16|||78|||461
width|||2|||17|||52|||461
*|||2|||1|||6|||462
int|||3|||2|||10|||462
0|||17|||7|||17|||462
,|||30|||9|||12|||462
len|||4|||18|||9|||462
{|||49|||18|||11|||462
int|||64|||19|||18|||462
for|||38|||21|||11|||462
index|||1|||3|||75|||463
<|||5|||3|||84|||463
index|||2|||3|||91|||463
rows|||1|||5|||30|||463
;|||148|||19|||86|||463
;|||53|||9|||62|||464
float|||30|||19|||79|||464
)|||32|||9|||66|||465
{|||20|||9|||67|||465
(|||88|||17|||85|||465
<=|||1|||0|||32|||466
;|||16|||3|||31|||466
(|||14|||3|||38|||466
,|||14|||4|||33|||466
{|||16|||7|||42|||466
ENDCOM|||3|||9|||33|||466
x|||2|||9|||38|||466
=|||40|||10|||32|||466
for|||16|||10|||36|||466
<|||11|||10|||43|||466
omp|||4|||12|||30|||466
ENDCOM|||4|||12|||36|||466
]|||19|||9|||116|||467
uint64_t|||2|||0|||13|||468
i|||43|||8|||16|||468
=|||51|||11|||126|||468
;|||150|||21|||17|||468
chunks|||2|||25|||50|||468
(|||87|||17|||71|||469
<|||24|||17|||91|||469
height|||4|||17|||92|||469
nodes|||2|||1|||34|||470
<=|||2|||8|||27|||470
(|||91|||18|||2|||470
for|||36|||19|||23|||470
(|||103|||22|||2|||470
int|||73|||22|||17|||470
,|||48|||11|||45|||471
0|||28|||13|||37|||471
)|||54|||14|||56|||471
pmask|||1|||17|||48|||471
count|||2|||5|||13|||472
int|||41|||12|||11|||472
mtx|||1|||15|||10|||472
restrict|||2|||13|||11|||473
]|||31|||19|||77|||474
;|||147|||19|||78|||474
for|||9|||6|||37|||475
x|||5|||17|||31|||475
do_rem|||1|||4|||35|||476
for|||22|||13|||30|||476
y|||5|||17|||33|||476
width|||1|||17|||37|||476
Pixel|||2|||23|||7|||477
(|||108|||24|||27|||477
{|||63|||24|||32|||477
concat_matrix|||1|||5|||1|||478
)|||16|||5|||8|||478
,|||95|||19|||8|||478
*|||6|||4|||11|||479
srslte_vec_div_cfc_simd|||1|||9|||1|||479
float|||12|||9|||9|||479
ncx_getn_ushort_uint|||1|||14|||1|||479
;|||108|||14|||127|||479
{|||38|||14|||130|||479
cdir|||2|||14|||146|||479
tp|||2|||14|||163|||479
VP8LConvertBGRAToRGBA4444_C|||1|||24|||1|||479
num_pixels|||1|||24|||9|||479
const|||10|||24|||19|||479
argb|||1|||24|||35|||479
for|||8|||5|||61|||480
+|||12|||11|||141|||481
major|||1|||16|||18|||482
,|||78|||17|||6|||482
float|||22|||17|||15|||482
<|||25|||17|||119|||482
const|||2|||4|||23|||483
char|||4|||7|||25|||483
const|||6|||13|||14|||483
0|||47|||23|||23|||483
internal_count|||1|||3|||47|||484
h|||1|||11|||23|||484
nrange|||1|||14|||42|||484
]|||29|||19|||46|||484
)|||13|||3|||89|||485
(|||68|||14|||108|||485
++|||19|||17|||95|||485
solver|||1|||25|||7|||485
]|||40|||25|||82|||485
realign|||2|||14|||67|||486
nelems|||3|||14|||100|||486
if|||5|||14|||107|||486
ni|||3|||14|||119|||486
=|||73|||14|||152|||486
i|||81|||14|||165|||486
;|||29|||4|||49|||487
++|||6|||6|||52|||487
SRSLTE_SIMD_F_SIZE|||1|||9|||32|||487
i|||52|||9|||115|||487
i|||79|||14|||155|||487
for|||28|||15|||42|||487
{|||45|||16|||137|||487
box_index|||1|||11|||125|||488
n_x|||4|||13|||68|||488
BUFTYPE|||1|||17|||46|||488
depth|||3|||17|||68|||488
for|||32|||17|||70|||488
pmask|||2|||17|||98|||488
(|||90|||17|||113|||488
for|||37|||19|||56|||488
;|||145|||19|||62|||488
[|||3|||2|||48|||489
)|||45|||11|||143|||489
if|||7|||16|||117|||489
major|||2|||16|||119|||489
i|||99|||21|||41|||489
(|||22|||5|||62|||490
]|||16|||6|||68|||490
)|||30|||9|||49|||490
100000|||1|||19|||65|||490
)|||88|||21|||71|||490
)|||10|||3|||30|||491
for|||5|||3|||37|||491
=|||12|||3|||57|||491
[|||7|||3|||68|||491
;|||25|||3|||86|||491
[|||8|||3|||96|||491
i|||51|||9|||88|||491
weights|||2|||4|||61|||492
(|||37|||9|||47|||492
len|||3|||9|||130|||492
;|||101|||14|||50|||492
1|||15|||21|||39|||492
<=|||5|||21|||57|||492
rg|||1|||24|||43|||492
)|||7|||2|||41|||493
]|||13|||4|||92|||493
float|||17|||10|||30|||493
realign|||1|||14|||47|||494
weightvg_update_vg|||1|||4|||1|||495
(|||16|||4|||2|||495
,|||15|||4|||36|||495
:|||2|||4|||93|||495
=|||108|||24|||44|||496
z|||5|||17|||35|||497
;|||162|||23|||41|||497
(|||63|||14|||58|||498
was|||1|||16|||58|||498
=|||81|||17|||53|||498
->|||4|||17|||55|||498
argb|||2|||24|||47|||498
j|||3|||2|||35|||499
[|||10|||3|||108|||499
side|||7|||11|||106|||499
