)|||4|||1|||7|||0
buffersize|||1|||7|||9|||0
blockDim|||17|||12|||35|||0
;|||130|||24|||33|||0
Settings|||1|||25|||8|||0
\|||67|||9|||164|||1
;|||93|||16|||200|||1
int|||23|||5|||149|||2
the|||2|||5|||161|||2
output|||1|||5|||162|||2
;|||91|||16|||184|||2
;|||47|||10|||50|||3
->|||7|||25|||46|||3
1|||12|||25|||122|||3
\|||36|||5|||75|||4
n|||36|||5|||76|||4
}|||3|||5|||77|||4
4};\n|||1|||5|||133|||4
2;\n\n|||1|||5|||141|||4
<|||7|||3|||58|||5
*|||14|||4|||27|||5
==|||2|||8|||68|||5
blockIdx|||17|||15|||26|||5
n|||175|||19|||70|||5
x|||83|||23|||83|||5
blockIdx|||31|||24|||26|||5
0|||1|||1|||46|||6
threadIdx|||6|||5|||42|||6
]|||16|||6|||59|||6
<|||16|||8|||59|||6
(|||65|||12|||134|||6
Max|||1|||14|||76|||6
y|||12|||16|||53|||6
+|||37|||17|||43|||6
\|||199|||23|||48|||6
argb|||1|||24|||47|||6
;|||131|||24|||53|||6
(|||135|||25|||55|||6
[|||26|||9|||157|||7
\|||140|||16|||177|||7
)|||88|||17|||193|||7
[|||42|||21|||193|||7
threadIdx|||8|||7|||28|||8
(|||110|||21|||29|||8
&|||6|||17|||183|||9
y|||21|||17|||190|||9
=|||105|||23|||107|||10
if|||9|||6|||47|||11
x|||28|||9|||38|||11
#if|||1|||9|||42|||11
SRSLTE_SIMD_CF_SIZE|||1|||9|||43|||11
-|||4|||10|||48|||11
(|||59|||12|||46|||11
j|||14|||15|||44|||11
int|||106|||23|||50|||11
while|||3|||24|||36|||11
)|||114|||24|||41|||11
MDeformWeight|||2|||4|||100|||12
+|||20|||11|||123|||12
n|||146|||16|||119|||12
n|||163|||17|||117|||12
n|||195|||21|||117|||12
\|||7|||0|||67|||13
+|||2|||0|||76|||13
i|||34|||8|||76|||13
largest|||3|||10|||71|||13
]|||31|||15|||67|||13
=|||77|||17|||52|||13
rand_r|||2|||19|||74|||13
int|||93|||21|||57|||13
]|||40|||24|||52|||13
\|||216|||25|||65|||13
n|||30|||4|||80|||14
\|||146|||17|||82|||14
j|||30|||21|||97|||14
n|||214|||23|||88|||14
settings|||5|||25|||81|||14
(|||3|||0|||52|||15
.|||13|||4|||49|||15
count|||2|||5|||49|||15
]|||17|||6|||65|||15
input|||3|||10|||64|||15
+|||19|||11|||63|||15
side|||9|||11|||160|||15
if|||19|||12|||60|||15
n|||119|||12|||152|||15
blockIdx|||15|||13|||33|||15
if|||23|||16|||61|||15
n|||173|||19|||51|||15
void|||24|||21|||54|||15
,|||39|||9|||160|||16
n|||102|||11|||179|||16
int|||60|||12|||153|||16
major|||2|||16|||172|||16
)|||7|||2|||51|||17
\|||20|||3|||70|||17
;|||17|||3|||114|||17
rows|||2|||19|||47|||17
+|||42|||19|||56|||17
if|||2|||0|||51|||18
x|||56|||17|||46|||18
n|||156|||17|||49|||18
y|||17|||17|||63|||19
)|||85|||17|||137|||19
)|||124|||25|||63|||19
for|||1|||3|||72|||20
const|||8|||13|||12|||20
const|||11|||14|||59|||20
x1|||3|||19|||142|||20
cosf|||2|||19|||145|||20
)|||15|||4|||67|||21
n|||68|||9|||130|||21
j|||25|||19|||88|||21
argb|||2|||24|||62|||21
=|||14|||4|||47|||22
.|||15|||4|||57|||22
n|||58|||8|||64|||22
if|||15|||10|||62|||22
ushort|||2|||14|||60|||22
,|||115|||24|||8|||22
{|||76|||25|||40|||22
\|||33|||5|||46|||23
]|||12|||5|||68|||23
\|||40|||5|||109|||23
=|||25|||5|||144|||23
+|||15|||8|||45|||23
(|||24|||6|||48|||24
y|||6|||8|||44|||24
\|||53|||8|||50|||24
(|||56|||11|||168|||24
hi_val|||2|||17|||159|||24
\|||190|||21|||162|||24
n|||201|||21|||163|||24
.|||83|||21|||172|||24
;|||124|||23|||42|||24
y|||2|||2|||17|||25
if|||4|||2|||42|||25
,|||15|||4|||29|||25
.|||25|||8|||22|||25
,|||37|||9|||17|||25
major|||1|||16|||19|||25
if|||8|||5|||79|||26
)|||19|||5|||86|||26
{|||14|||5|||87|||26
m1_rows|||4|||5|||100|||26
n|||40|||5|||110|||26
main|||1|||5|||113|||26
m1|||3|||5|||124|||26
the|||4|||5|||179|||26
\|||129|||16|||59|||26
==|||1|||0|||54|||27
float|||16|||6|||23|||27
[|||27|||10|||65|||27
boxes|||1|||11|||36|||27
i|||7|||3|||78|||28
else|||2|||5|||78|||28
sizeof|||2|||9|||67|||28
i|||39|||9|||111|||28
=|||100|||23|||23|||28
)|||117|||24|||75|||28
const|||15|||24|||82|||28
;|||137|||25|||94|||28
fprintf|||2|||16|||139|||29
n|||198|||21|||141|||29
threadIdx|||3|||2|||19|||30
,|||16|||4|||32|||30
.|||20|||6|||38|||30
blockIdx|||8|||7|||20|||30
int|||34|||9|||19|||30
int|||57|||12|||28|||30
.|||49|||14|||32|||30
{|||46|||15|||16|||30
int|||73|||16|||21|||30
<|||2|||0|||80|||31
=|||8|||3|||75|||31
__syncthreads|||1|||10|||83|||31
{|||36|||12|||79|||31
n|||115|||12|||127|||31
*|||93|||16|||75|||31
x|||57|||17|||88|||32
->|||4|||17|||97|||32
val|||2|||17|||119|||32
y|||19|||17|||134|||32
z|||10|||17|||136|||32
\|||153|||17|||139|||32
<=|||1|||17|||158|||32
(|||96|||17|||182|||32
MRIFvox|||1|||17|||184|||32
,|||99|||17|||189|||32
,|||100|||17|||191|||32
i|||14|||4|||64|||33
]|||8|||4|||77|||33
m\n|||1|||5|||164|||33
)|||29|||8|||70|||33
[|||22|||8|||92|||33
)|||46|||10|||70|||33
\|||77|||10|||87|||33
/|||2|||11|||87|||33
n|||101|||11|||173|||33
{|||47|||15|||61|||33
data_rows|||2|||16|||65|||33
(|||80|||16|||83|||33
;|||118|||21|||96|||33
\|||204|||23|||87|||33
=|||108|||24|||59|||33
buffersize|||2|||7|||48|||34
{|||31|||11|||41|||34
,|||53|||11|||46|||34
x|||42|||13|||35|||34
(|||100|||19|||44|||34
}|||20|||21|||49|||34
i|||2|||2|||9|||35
)|||27|||8|||14|||35
,|||69|||15|||11|||35
{|||54|||17|||30|||35
)|||100|||20|||14|||35
)|||110|||22|||14|||35
m2_cols|||1|||5|||22|||36
*|||33|||8|||24|||36
)|||44|||10|||17|||36
float|||24|||11|||26|||36
*|||50|||11|||132|||36
blockIdx|||16|||14|||23|||36
.|||50|||15|||23|||36
mri_mean|||1|||17|||24|||36
x|||67|||20|||31|||36
.|||86|||22|||26|||36
Pixel|||2|||23|||21|||36
0|||24|||23|||26|||36
{|||73|||24|||16|||36
;|||9|||3|||24|||37
blockDim|||5|||3|||32|||37
*|||110|||19|||32|||37
=|||84|||19|||54|||37
temp|||3|||19|||159|||37
1.0f|||1|||19|||161|||37
}|||18|||17|||113|||38
\|||150|||17|||114|||38
n|||1|||0|||17|||39
.|||4|||1|||17|||39
)|||17|||5|||27|||39
\|||116|||14|||18|||39
blockIdx|||18|||16|||30|||39
.|||56|||16|||48|||39
1|||1|||0|||77|||40
[|||19|||6|||68|||40
n|||98|||11|||141|||40
i|||68|||21|||65|||40
}|||22|||21|||139|||40
*|||129|||23|||80|||40
<|||4|||2|||49|||41
\|||126|||15|||62|||41
"|||9|||16|||160|||41
n|||191|||21|||63|||41
n|||210|||23|||54|||41
+|||50|||23|||63|||41
\|||215|||25|||52|||41
sum|||2|||12|||6|||42
,|||84|||16|||218|||42
mri|||1|||17|||6|||42
=|||80|||17|||143|||42
,|||96|||17|||173|||42
int|||84|||19|||7|||42
x|||3|||0|||31|||43
.|||11|||2|||33|||43
\|||43|||6|||28|||43
.|||36|||10|||33|||43
.|||77|||21|||19|||43
int|||101|||23|||12|||43
.|||93|||24|||27|||43
+|||26|||11|||191|||44
n|||203|||21|||189|||44
last_i|||4|||12|||116|||45
\n|||1|||16|||114|||45
fid|||4|||16|||129|||45
;|||89|||16|||153|||45
)|||78|||16|||166|||45
.|||1|||0|||22|||46
UINT_MAX|||1|||14|||82|||46
(|||79|||16|||62|||46
.|||62|||17|||54|||46
doors|||7|||21|||192|||46
n|||216|||23|||104|||46
\|||88|||11|||153|||47
n|||118|||12|||145|||47
fid|||5|||16|||141|||47
(|||103|||19|||136|||47
\|||187|||21|||143|||47
real|||2|||3|||11|||48
.|||28|||8|||39|||48
blockDim|||21|||16|||34|||48
int|||100|||22|||18|||48
n|||106|||12|||53|||49
;|||86|||16|||117|||49
start|||2|||19|||55|||49
>|||12|||19|||160|||49
\|||26|||3|||136|||50
;|||51|||11|||67|||50
\|||81|||11|||68|||50
n_y|||2|||13|||54|||50
)|||67|||14|||62|||50
.|||64|||17|||62|||50
argb|||3|||24|||72|||50
pixels|||1|||23|||10|||51
;|||126|||23|||52|||51
while|||2|||23|||96|||51
simd_f_t|||3|||9|||131|||52
b|||4|||9|||136|||52
)|||41|||9|||137|||52
n|||69|||9|||140|||52
(|||44|||9|||145|||52
index|||10|||11|||182|||52
*|||113|||19|||149|||52
m1_rows|||3|||5|||83|||53
-|||2|||5|||99|||53
*|||28|||6|||36|||53
n|||99|||11|||144|||53
i|||40|||9|||125|||54
*|||60|||12|||17|||54
last_i|||1|||12|||18|||54
|||||2|||17|||99|||54
int|||85|||19|||19|||54
int|||44|||11|||38|||55
,|||54|||11|||48|||55
n|||89|||11|||82|||55
int|||47|||11|||83|||55
n|||95|||11|||116|||55
dataBlockSize|||5|||0|||81|||56
\|||46|||6|||75|||56
}|||6|||6|||77|||56
\|||74|||10|||60|||56
=|||55|||12|||68|||56
\|||95|||12|||71|||56
;|||72|||13|||71|||56
x|||72|||21|||73|||56
kernel|||1|||5|||176|||57
\|||93|||12|||52|||57
*|||62|||12|||66|||57
dataBlockSize|||1|||0|||10|||58
>|||9|||3|||65|||58
float|||6|||5|||4|||58
int|||17|||5|||18|||58
(|||21|||5|||80|||58
FLT|||1|||8|||4|||58
{|||21|||8|||62|||58
threadIdx|||13|||11|||64|||58
ii|||4|||12|||87|||58
sinf|||1|||19|||130|||58
)|||94|||19|||133|||58
if|||31|||21|||81|||58
{|||65|||21|||87|||58
n|||205|||23|||20|||58
n|||208|||23|||44|||58
(|||136|||25|||74|||58
==|||3|||9|||46|||59
i|||1|||1|||14|||60
n|||48|||7|||16|||60
int|||29|||7|||17|||60
{|||28|||10|||18|||60
,|||105|||19|||13|||60
num_pixels|||1|||24|||10|||60
int|||112|||25|||15|||60
SqareDown|||1|||2|||2|||61
int|||91|||21|||4|||61
hv_sol|||1|||3|||108|||62
xdim0_update_halo_kernel3_minus_4_b|||1|||13|||90|||62
fprintf|||1|||16|||127|||62
[|||38|||19|||112|||62
(|||115|||21|||123|||62
(|||131|||24|||97|||62
->|||9|||25|||107|||62
(|||6|||1|||36|||63
int|||13|||4|||36|||63
i|||19|||5|||32|||63
+|||11|||6|||40|||63
0|||16|||16|||174|||63
n|||155|||17|||32|||63
)|||31|||9|||55|||64
sizeof|||1|||9|||57|||64
\|||109|||13|||41|||64
tid|||2|||13|||46|||64
\|||110|||13|||50|||64
n|||157|||17|||66|||64
float|||34|||19|||61|||64
(|||124|||24|||60|||64
)|||123|||25|||50|||64
->|||3|||17|||91|||65
=|||109|||24|||85|||65
MDeformVert|||2|||4|||81|||66
(|||38|||9|||73|||66
\|||61|||9|||83|||66
n|||109|||12|||81|||66
(|||63|||12|||97|||66
)|||64|||13|||74|||66
{|||41|||13|||75|||66
,|||67|||14|||83|||66
z|||8|||17|||80|||66
n|||230|||25|||85|||66
y|||5|||8|||40|||67
\|||65|||9|||139|||67
[|||31|||11|||189|||67
x|||86|||24|||32|||67
+|||1|||0|||28|||68
n|||3|||0|||43|||68
)|||3|||0|||56|||68
else|||1|||0|||70|||68
>=|||1|||0|||74|||68
{|||2|||0|||41|||69
\|||13|||2|||23|||69
\|||30|||4|||79|||69
dw|||1|||4|||102|||69
+|||14|||8|||28|||69
int|||35|||9|||25|||69
SRSLTE_SIMD_CF_SIZE|||2|||9|||45|||69
i|||51|||12|||56|||69
;|||97|||17|||81|||69
n|||72|||9|||168|||70
j|||23|||16|||205|||70
data_cols|||5|||16|||226|||70
Pixel|||1|||23|||8|||70
col|||1|||11|||93|||71
;|||54|||11|||106|||71
=|||48|||11|||119|||71
idx|||7|||11|||169|||71
n|||49|||7|||33|||72
}|||14|||12|||128|||72
(|||85|||16|||157|||72
\|||139|||16|||168|||72
100|||4|||21|||185|||72
<|||10|||4|||65|||73
(|||26|||7|||3|||73
i|||35|||8|||93|||73
]|||21|||8|||94|||73
(|||47|||10|||3|||73
=|||64|||13|||103|||73
i|||60|||16|||224|||73
(|||98|||18|||3|||73
(|||108|||20|||3|||73
(|||119|||22|||3|||73
<|||1|||0|||38|||74
\|||44|||6|||45|||74
simd_cf_t|||4|||9|||141|||74
[|||30|||11|||181|||74
+|||27|||12|||38|||74
(|||70|||14|||38|||74
nelems|||2|||14|||41|||74
\|||175|||21|||44|||74
(|||60|||12|||61|||75
y_size|||2|||13|||56|||75
(|||13|||3|||66|||76
nint|||2|||12|||132|||76
n|||121|||13|||42|||76
fprintf|||4|||16|||211|||76
=|||85|||19|||63|||76
blockIdx|||27|||21|||67|||76
.|||89|||23|||69|||76
[|||45|||25|||58|||76
\|||3|||0|||42|||77
n|||44|||6|||46|||77
[|||18|||6|||63|||77
(|||34|||9|||53|||77
=|||42|||10|||47|||77
)|||59|||12|||99|||77
;|||69|||13|||40|||77
side|||4|||11|||88|||78
<|||35|||21|||84|||78
;|||128|||23|||84|||78
\|||219|||25|||77|||78
memory|||1|||5|||159|||79
=|||39|||9|||143|||79
\|||66|||9|||151|||79
for|||10|||16|||179|||79
<|||36|||21|||184|||79
\|||141|||16|||193|||80
blockDim|||2|||1|||16|||81
\|||9|||1|||28|||81
;|||13|||3|||77|||81
;|||19|||3|||127|||81
m2\n|||1|||5|||126|||81
mri_mask|||2|||17|||130|||81
,|||91|||17|||131|||81
,|||120|||25|||121|||81
paddingChar|||1|||0|||2|||82
i|||58|||16|||185|||82
nPixel|||1|||23|||2|||82
+|||33|||14|||30|||83
threadIdx|||16|||14|||31|||83
;|||101|||17|||146|||83
100|||1|||21|||32|||83
[|||39|||21|||38|||83
n|||90|||11|||91|||84
*|||88|||15|||29|||84
i|||54|||15|||42|||84
n|||178|||19|||107|||84
n|||20|||3|||71|||85
float|||7|||5|||14|||86
6,|||1|||5|||146|||86
x|||51|||16|||36|||86
\|||131|||16|||78|||86
,|||80|||16|||150|||86
{|||52|||16|||192|||86
}|||5|||5|||108|||87
(|||50|||10|||84|||87
weights|||2|||4|||74|||88
*|||92|||16|||50|||88
for|||2|||3|||122|||89
classes|||2|||11|||135|||89
\|||136|||16|||125|||89
;|||45|||10|||35|||90
\|||71|||10|||36|||90
<|||19|||10|||56|||90
int|||1|||0|||18|||91
n|||6|||0|||59|||91
0|||2|||3|||76|||91
)|||12|||3|||86|||91
*|||46|||11|||59|||91
=|||46|||11|||94|||91
n|||93|||11|||107|||91
idx|||5|||11|||120|||91
*|||55|||11|||170|||91
.|||7|||2|||12|||92
,|||11|||4|||10|||92
*|||29|||7|||5|||92
*|||42|||11|||5|||92
int|||39|||11|||11|||92
*|||69|||13|||9|||92
int|||70|||16|||12|||92
;|||92|||16|||188|||92
(|||99|||19|||3|||92
*|||107|||19|||11|||92
VP8LConvertBGRAToRGBA4444_C|||1|||24|||2|||92
threadIdx|||12|||10|||24|||93
__global__|||1|||0|||0|||94
__global__|||2|||1|||0|||94
__global__|||3|||2|||0|||94
__global__|||4|||3|||0|||94
__global__|||5|||4|||0|||94
__global__|||6|||5|||0|||94
__global__|||7|||6|||0|||94
__global__|||8|||7|||0|||94
__global__|||9|||8|||0|||94
__global__|||10|||9|||0|||94
__global__|||11|||10|||0|||94
__global__|||12|||11|||0|||94
__global__|||13|||12|||0|||94
__global__|||14|||13|||0|||94
__global__|||15|||14|||0|||94
__global__|||16|||15|||0|||94
__global__|||17|||16|||0|||94
__global__|||18|||17|||0|||94
__global__|||19|||18|||0|||94
__global__|||20|||19|||0|||94
__global__|||21|||20|||0|||94
__global__|||22|||21|||0|||94
__global__|||23|||22|||0|||94
__global__|||25|||24|||0|||94
__global__|||26|||25|||0|||94
\|||17|||3|||25|||95
]|||6|||3|||145|||95
int|||9|||4|||8|||95
blockDim|||8|||4|||56|||95
=|||16|||4|||84|||95
:|||1|||4|||94|||95
[|||12|||4|||107|||95
i|||18|||4|||108|||95
:|||2|||4|||110|||95
=|||20|||5|||69|||95
\|||38|||5|||103|||95
\|||39|||5|||106|||95
(|||22|||5|||114|||95
char|||2|||7|||4|||95
)|||30|||9|||21|||95
{|||26|||9|||100|||95
]|||22|||9|||112|||95
=|||38|||9|||133|||95
int|||42|||11|||20|||95
*|||47|||11|||75|||95
side|||5|||11|||97|||95
*|||52|||11|||138|||95
]|||28|||11|||183|||95
if|||20|||12|||73|||95
\|||99|||12|||113|||95
\|||111|||13|||59|||95
++|||6|||13|||73|||95
xpp|||1|||14|||8|||95
n|||132|||14|||52|||95
;|||76|||14|||65|||95
Min|||1|||14|||80|||95
threadIdx|||19|||16|||55|||95
(|||92|||17|||87|||95
mri|||3|||17|||96|||95
MRIgetVoxVal|||1|||17|||166|||95
,|||98|||17|||187|||95
=|||86|||19|||73|||95
]|||34|||19|||104|||95
(|||102|||19|||131|||95
\|||183|||21|||116|||95
0xf|||1|||24|||77|||95
(|||129|||24|||87|||95
}|||25|||25|||67|||95
n|||227|||25|||69|||95
\|||221|||25|||95|||95
pp|||2|||25|||104|||95
99|||1|||12|||49|||96
;|||67|||12|||143|||96
;|||68|||12|||150|||96
i|||72|||21|||183|||96
j|||3|||2|||62|||97
x|||35|||11|||62|||97
)|||70|||15|||60|||97
n|||220|||24|||55|||97
MRIaccumulateMaskedMeansAndVariancesKernel|||1|||17|||2|||98
m1|||2|||5|||70|||99
=|||21|||5|||95|||99
n|||38|||5|||104|||99
m1[]|||1|||5|||128|||99
1,|||1|||5|||182|||99
(|||12|||3|||51|||100
j|||10|||8|||58|||100
int|||65|||13|||43|||100
{|||77|||25|||51|||100
)|||89|||17|||196|||101
;|||103|||17|||197|||101
i|||42|||9|||177|||102
paddingSize|||1|||0|||13|||103
,|||65|||14|||12|||103
len|||3|||18|||9|||103
{|||61|||20|||15|||103

count|||3|||5|||66|||105
\|||202|||23|||72|||105
0|||25|||23|||92|||105
<|||38|||24|||39|||105
>>|||1|||24|||63|||105
idx|||4|||11|||95|||106
<|||22|||11|||108|||106
.|||59|||17|||37|||106
=|||94|||21|||41|||106
n|||193|||21|||89|||106
simd_cf_t|||3|||9|||103|||107
z|||4|||9|||156|||107
;|||77|||15|||33|||107
;|||79|||15|||45|||107
r_|||2|||15|||64|||107
j|||18|||15|||66|||107
x|||80|||23|||66|||107
n|||212|||23|||73|||107
x|||82|||23|||79|||107
,|||7|||3|||31|||108
*|||45|||11|||35|||108
x|||49|||15|||32|||108
int|||96|||21|||153|||108
*|||132|||24|||29|||108
float|||1|||3|||4|||109
,|||3|||3|||6|||109
*|||9|||4|||5|||109
,|||26|||6|||6|||109
(|||32|||9|||3|||109
z|||3|||9|||74|||109
a|||5|||20|||6|||109
FindBestGray|||1|||23|||3|||109
miIndexedPtr|||1|||23|||5|||109

xp|||1|||14|||56|||111
const|||13|||24|||45|||111
=|||57|||12|||117|||112
0|||13|||12|||142|||112
fid|||1|||16|||76|||112
w|||3|||16|||87|||112
)|||75|||16|||116|||112
\|||134|||16|||118|||112
"|||5|||16|||131|||112
P2|||1|||16|||132|||112
n|||150|||16|||155|||112
[|||16|||5|||97|||113
=|||23|||5|||136|||113
m2[]|||1|||5|||143|||113
{5,|||1|||5|||145|||113
2;\n\n|||2|||5|||156|||113
]|||32|||19|||67|||113
,|||14|||4|||24|||114
x|||21|||7|||30|||114
.|||27|||8|||30|||114
*|||36|||9|||11|||114
;|||73|||13|||98|||114
x|||68|||21|||16|||114
=|||106|||24|||21|||114
;|||1|||0|||32|||115
x|||8|||2|||34|||115
n|||43|||6|||29|||115
=|||28|||6|||32|||115
x|||33|||10|||34|||115
+|||44|||20|||28|||115

index|||3|||0|||53|||117
[|||3|||2|||61|||117
1|||2|||3|||150|||117
n|||51|||7|||52|||117
n|||55|||8|||51|||117
i|||32|||8|||54|||117
i|||50|||12|||47|||117
j|||17|||15|||59|||117
<|||28|||16|||64|||117
*|||101|||17|||56|||117
*|||120|||21|||70|||117
)|||106|||21|||114|||117
blockDim|||37|||25|||134|||117
int|||19|||5|||31|||118
char|||4|||7|||38|||118
.|||41|||12|||32|||118
,|||81|||16|||159|||118
{|||68|||21|||161|||118
[|||15|||5|||91|||119
.|||97|||25|||27|||119
[|||46|||25|||89|||119
scale|||1|||11|||146|||120
)|||96|||19|||143|||120
)|||39|||9|||113|||121
\|||105|||12|||137|||121
"|||7|||16|||143|||121
)|||95|||19|||138|||121
}|||24|||21|||145|||121
\|||188|||21|||146|||121
blockIdx|||33|||25|||130|||121
defgrp_idx|||1|||4|||9|||122
,|||21|||5|||10|||122
*|||35|||9|||6|||122
classes|||1|||11|||9|||122
*|||58|||12|||9|||122
input|||5|||16|||10|||122
*|||96|||17|||9|||122
float|||32|||19|||10|||122
*|||130|||24|||6|||122
int|||8|||3|||117|||123
(|||15|||3|||123|||123
matrices|||1|||5|||123|||123
(|||93|||17|||129|||123
.|||6|||1|||25|||124
const|||4|||4|||25|||124
,|||30|||6|||22|||124
\|||90|||12|||21|||124
x|||44|||14|||25|||124
\n|||2|||16|||133|||124
x|||61|||18|||23|||124
+|||49|||22|||28|||124
__global__|||24|||23|||0|||124
n|||18|||3|||41|||125
n|||39|||5|||107|||125
;|||50|||11|||50|||125
[|||29|||11|||149|||125
.|||45|||13|||34|||125
==|||8|||16|||96|||125
The|||1|||16|||105|||125
\n|||3|||16|||146|||125
if|||28|||19|||43|||125
n|||189|||21|||48|||125
int|||98|||21|||164|||125
(|||109|||21|||3|||126
)|||102|||21|||33|||126
doors|||3|||21|||59|||126
n|||192|||21|||80|||126
j|||33|||21|||120|||126
2|||1|||21|||132|||126
}|||21|||21|||136|||126
}|||23|||21|||142|||126
n|||200|||21|||147|||126
r|||1|||9|||142|||127
\|||157|||17|||179|||127
index|||2|||0|||37|||128
[|||11|||4|||91|||128
n|||31|||4|||99|||128
+|||7|||5|||41|||128
.|||29|||8|||43|||128
n|||81|||10|||79|||128
1|||4|||12|||149|||129
data_rows|||3|||16|||151|||129
if|||27|||17|||151|||129
count_closed_doors|||1|||21|||151|||129

,|||1|||0|||8|||131
real|||1|||3|||7|||131
predictions|||1|||11|||6|||131
side|||1|||11|||18|||131
data_cols|||4|||16|||203|||131
)|||82|||16|||221|||131
,|||87|||17|||15|||131
simd_f_t|||1|||9|||69|||132
*|||43|||11|||30|||132
x_size|||1|||13|||18|||132
[|||35|||19|||65|||132
x|||84|||24|||24|||132
[|||7|||3|||143|||133
{|||43|||13|||104|||133
x|||90|||25|||132|||133
i|||5|||3|||19|||134
\|||186|||21|||140|||134
n__global__|||2|||21|||149|||134
]|||1|||0|||63|||135
]|||2|||2|||60|||135
>|||8|||3|||64|||135
{|||13|||5|||61|||135
m|||2|||5|||64|||135
xpp|||2|||14|||64|||135
i|||56|||16|||63|||135
<|||29|||16|||68|||135
y|||15|||17|||55|||135
x|||71|||21|||69|||135
.|||88|||23|||65|||135
__syncthreads|||2|||25|||73|||135
\|||12|||2|||6|||136
int|||5|||2|||8|||136
=|||6|||2|||10|||136
\|||19|||3|||55|||136
nodes|||3|||3|||140|||136
,|||27|||6|||10|||136
+|||12|||6|||66|||136
(|||46|||9|||175|||136
,|||59|||13|||11|||136
{|||48|||16|||24|||136
n|||139|||16|||26|||136
i|||55|||16|||28|||136
MRI|||5|||17|||26|||136
)|||83|||17|||29|||136
\|||143|||17|||31|||136
mri|||2|||17|||90|||136
z|||9|||17|||100|||136
n|||164|||17|||122|||136
\|||162|||19|||59|||136
\|||164|||19|||79|||136
+|||3|||1|||23|||137
float|||8|||5|||24|||137
blockIdx|||6|||5|||34|||137
0|||7|||5|||51|||137
tid|||7|||19|||27|||137
y2|||2|||19|||123|||137
\|||196|||23|||29|||137
*|||1|||0|||6|||138
index|||1|||0|||19|||138
dataBlockSize|||2|||0|||39|||138
filename|||1|||16|||6|||138
;|||84|||16|||77|||138
n|||143|||16|||79|||138
"|||2|||16|||88|||138
\|||133|||16|||100|||138
)|||80|||16|||191|||138
for|||11|||16|||195|||138
\|||25|||3|||120|||139
Define|||1|||5|||120|||139
)|||38|||9|||99|||139
,|||62|||13|||93|||139
\|||113|||13|||94|||139
n|||125|||13|||95|||139
temp|||2|||19|||128|||139
n_x|||3|||13|||72|||140
,|||2|||0|||11|||141
y|||1|||2|||13|||141
float|||19|||10|||11|||141
=|||40|||10|||23|||141
n|||104|||12|||27|||141
{|||39|||13|||23|||141
doors|||1|||21|||6|||141
,|||113|||23|||11|||141
else|||3|||8|||87|||142
;|||71|||13|||67|||142
x|||2|||0|||27|||143
.|||31|||9|||29|||143
blockIdx|||14|||12|||31|||143
=|||59|||12|||148|||143
if|||24|||16|||93|||143
(|||111|||21|||56|||143
MDeformWeight|||1|||4|||11|||144
)|||24|||7|||13|||144
,|||42|||10|||13|||144
gridDim|||3|||3|||60|||145
==|||4|||9|||56|||145
.|||39|||11|||65|||145
n|||122|||13|||51|||145
if|||21|||13|||52|||145
int|||66|||13|||63|||145
;|||117|||21|||78|||145
(|||125|||24|||61|||145
)|||10|||3|||53|||146
blockDim|||7|||3|||62|||146
*|||15|||4|||55|||146
;|||26|||5|||52|||146
)|||23|||6|||71|||146
2.0f|||1|||6|||73|||146
for|||5|||9|||174|||146
*|||75|||13|||108|||146
<|||27|||15|||55|||146
n|||138|||15|||63|||146
int|||94|||21|||64|||146
int|||107|||23|||57|||146
blockIdx|||30|||23|||64|||146
.|||98|||25|||131|||146
n|||22|||3|||98|||147
\|||31|||4|||98|||147
n|||194|||21|||106|||147
==|||10|||21|||112|||147
{|||67|||21|||115|||147
{|||72|||23|||102|||147
pixel|||1|||23|||106|||147
x|||69|||21|||20|||148
num|||10|||23|||13|||148
}|||2|||0|||69|||149
&&|||1|||0|||78|||149
if|||17|||11|||70|||149
for|||13|||21|||90|||149
\|||211|||24|||80|||149
ba|||1|||24|||84|||149
{|||8|||3|||87|||150
a|||3|||9|||104|||150
}|||11|||12|||90|||150
|||||1|||17|||93|||150
n|||162|||17|||115|||150
=|||96|||21|||94|||150
;|||120|||21|||133|||150
j|||5|||3|||124|||151
{|||15|||5|||116|||151
i|||38|||9|||96|||151
int|||50|||11|||128|||151
n|||144|||16|||92|||151
x2|||2|||19|||121|||151
if|||32|||21|||107|||151
)|||1|||0|||14|||152
tp|||1|||14|||15|||152
\|||158|||18|||12|||152
long|||1|||19|||18|||152
h|||1|||11|||24|||153
,|||49|||11|||25|||153
)|||61|||12|||135|||153
*|||83|||14|||61|||153
threadIdx|||17|||15|||22|||153
[|||34|||16|||223|||153
z|||5|||17|||68|||153
=|||78|||17|||69|||153
mri|||4|||17|||102|||153
n|||180|||19|||126|||153
dws|||1|||4|||15|||154
const|||3|||4|||20|||154
blockDim|||29|||21|||18|||154
\|||179|||21|||62|||154
(|||112|||21|||82|||154
++|||11|||21|||101|||154
,|||109|||21|||156|||154
+|||48|||21|||174|||154
)|||21|||6|||26|||155
int|||61|||13|||13|||155
+|||35|||16|||37|||155
\|||159|||19|||24|||155
;|||121|||21|||178|||155
,|||23|||5|||17|||156
y|||8|||9|||12|||156
int|||37|||10|||21|||156
*|||118|||21|||17|||156
threadIdx|||26|||21|||22|||156
\|||195|||23|||19|||156
input|||1|||5|||122|||157
int|||21|||5|||134|||157
Allocate|||1|||5|||158|||157
x|||27|||9|||34|||158
i|||61|||18|||15|||158
hist|||1|||19|||21|||158
x|||75|||21|||173|||158
[|||6|||3|||109|||159
+|||9|||5|||169|||159
+|||17|||9|||93|||159
1|||3|||9|||94|||159
;|||38|||9|||95|||159
SRSLTE_SIMD_CF_SIZE|||4|||9|||98|||159
;|||64|||12|||105|||159
+=|||2|||12|||110|||159
n|||147|||16|||123|||159
n|||160|||17|||108|||159
tmp|||1|||19|||119|||159
=|||90|||19|||120|||159
cc|||4|||25|||128|||159
,|||20|||5|||7|||160
m1_rows|||1|||5|||9|||160
int|||16|||5|||11|||160
\|||32|||5|||29|||160
=|||18|||5|||33|||160
//|||1|||5|||119|||160
7,|||1|||5|||147|||160
int|||24|||5|||153|||160
(m1_rows|||1|||5|||168|||160
the|||3|||5|||175|||160
(|||29|||8|||3|||160
)|||40|||9|||127|||161
*|||56|||11|||175|||161
n|||127|||13|||118|||161
if|||25|||16|||170|||161
)|||99|||19|||162|||161
blockDim|||31|||21|||171|||161
)|||14|||4|||41|||162
n|||57|||8|||60|||162
classes|||3|||11|||163|||162
\|||92|||12|||43|||162
=|||66|||14|||57|||162
.|||55|||16|||39|||162
blockIdx|||20|||17|||36|||162
\|||155|||17|||149|||162
n|||211|||23|||56|||162
unsigned|||2|||1|||12|||163
*|||5|||2|||14|||163
{|||18|||7|||14|||163
float|||20|||10|||14|||163
\|||172|||21|||9|||163
i|||67|||21|||39|||163
j|||29|||21|||93|||163
\|||212|||25|||13|||163
n|||229|||25|||78|||163
0|||27|||25|||102|||163
indices|||2|||4|||88|||164
i|||17|||4|||95|||164
,|||44|||11|||10|||164
=|||47|||11|||104|||164
j|||19|||16|||45|||164
*|||16|||4|||82|||165
&&|||6|||9|||71|||165
len|||2|||9|||90|||165
i|||47|||10|||91|||165
idx|||3|||11|||86|||165
\|||83|||11|||90|||165
(|||54|||11|||102|||165
\|||147|||17|||84|||165
n|||176|||19|||80|||165
n|||177|||19|||97|||165
100|||2|||21|||85|||165
<=|||2|||21|||98|||165
settings|||6|||25|||86|||165
pp|||3|||25|||111|||165
float|||17|||9|||10|||166
int|||43|||11|||23|||166
\|||96|||12|||80|||166
=|||68|||15|||21|||166
float|||29|||17|||19|||166
[|||40|||21|||119|||166
n|||21|||3|||89|||167
y_sol|||1|||3|||99|||167
dws|||2|||4|||104|||167
]|||15|||5|||101|||167
(|||36|||9|||63|||167
(|||40|||9|||86|||167
;|||37|||9|||87|||167
i|||37|||9|||88|||167
ii|||5|||12|||98|||167
vol_flux_x_p|||2|||13|||82|||167
+|||29|||13|||83|||167
/|||4|||16|||110|||167
(|||7|||2|||3|||168
temp_sol|||1|||3|||9|||168
nowait_example2|||1|||6|||2|||168
float|||18|||10|||4|||168
*|||86|||15|||9|||168
ar|||1|||18|||6|||168
short|||1|||20|||4|||168
*|||117|||21|||5|||168
=|||93|||21|||13|||168
\|||2|||0|||33|||169
threadIdx|||2|||1|||24|||169
>|||7|||3|||63|||169
*|||20|||5|||25|||169
*m;\n|||1|||5|||166|||169
n|||87|||11|||52|||169
n|||91|||11|||100|||169
)|||57|||12|||78|||169
was|||1|||16|||107|||169
width|||1|||17|||92|||169
.|||69|||18|||22|||169
{|||66|||21|||104|||169
blockDim|||33|||23|||68|||169
chunks|||2|||25|||57|||169
dv|||1|||4|||83|||170
i|||16|||4|||92|||170
;|||65|||12|||112|||170
=|||58|||12|||141|||170
,|||66|||14|||79|||170
data_range|||2|||16|||165|||170
)|||104|||21|||86|||170
(|||121|||23|||97|||170
&|||8|||24|||76|||170
||||2|||24|||95|||170
->|||8|||25|||87|||170
n|||232|||25|||115|||170
nodes|||1|||1|||33|||171
\|||10|||1|||40|||171
unsigned|||4|||1|||42|||171
void|||9|||8|||1|||171
x|||30|||9|||109|||172
}|||8|||9|||166|||172
int|||80|||18|||4|||172
blockIdx|||23|||18|||17|||172
weights|||1|||4|||28|||173
blockIdx|||9|||8|||21|||173
*|||131|||24|||13|||173
void|||1|||0|||1|||174
void|||3|||2|||1|||174
void|||4|||3|||1|||174
void|||5|||4|||1|||174
,|||12|||4|||16|||174
void|||19|||17|||1|||174
\|||194|||23|||1|||174
{|||17|||6|||53|||175
n|||78|||10|||52|||175
num|||9|||11|||171|||175
{|||9|||3|||135|||176
(|||19|||5|||3|||176
*|||18|||5|||5|||176
x|||15|||5|||44|||176
(|||20|||5|||56|||176
i|||22|||5|||81|||176
\|||42|||5|||117|||176
m1_cols|||2|||5|||139|||176
float|||10|||5|||142|||176
=|||27|||5|||155|||176
x|||62|||19|||31|||176
i|||62|||19|||53|||176
fid|||7|||16|||213|||177
,|||83|||16|||214|||177
*|||94|||16|||225|||177
MRIvox|||1|||17|||128|||178
chunks|||3|||25|||118|||178
(|||84|||16|||140|||179
sinf|||2|||19|||135|||179
+|||43|||19|||139|||179
defvert_find_index|||1|||4|||111|||180
<|||17|||9|||89|||180
\|||148|||17|||107|||180
;|||110|||19|||105|||180
blockIdx|||4|||2|||28|||181
.|||10|||2|||29|||181
num|||2|||4|||66|||182
VEC4|||3|||15|||36|||182
;|||108|||19|||87|||182
;|||109|||19|||91|||182
i|||3|||2|||44|||183
*|||23|||6|||8|||183
data_range|||1|||16|||22|||183
*|||125|||22|||9|||183
(|||42|||9|||121|||184
*|||77|||13|||114|||184
n|||100|||11|||154|||185
y1|||3|||19|||147|||185
]|||29|||11|||193|||186
\|||191|||21|||179|||186
\|||192|||21|||188|||186
(|||118|||21|||191|||186
uint64_t|||2|||0|||12|||187
n|||12|||2|||7|||187
int|||7|||3|||18|||187
,|||24|||5|||20|||187
,|||29|||6|||18|||187
*|||44|||11|||31|||187
,|||61|||13|||19|||187
\|||127|||16|||25|||187
rand_r|||1|||19|||16|||187
*|||115|||20|||12|||187
&|||9|||24|||92|||187
;|||25|||5|||45|||188
i|||20|||5|||57|||188
<|||12|||5|||82|||188
i|||23|||5|||98|||188
n|||41|||5|||118|||188
2;\n|||1|||5|||137|||188
//|||2|||5|||157|||188
,|||71|||16|||7|||188
*|||91|||16|||33|||188
fid|||2|||16|||80|||188
n|||145|||16|||101|||188
*|||78|||14|||6|||189
gridDim|||2|||3|||45|||190
n|||26|||3|||137|||190
.|||61|||17|||45|||190
\|||144|||17|||48|||190
y|||14|||17|||51|||190
\|||156|||17|||162|||190
x|||79|||23|||62|||190
blockIdx|||32|||25|||18|||190
C|||1|||25|||49|||190
]|||41|||25|||60|||190
)|||126|||25|||82|||190
n|||233|||25|||126|||190
++|||3|||5|||67|||191
n|||76|||10|||37|||191
n|||83|||10|||88|||191
data_rows|||4|||16|||187|||191
{|||34|||12|||20|||192
int|||62|||13|||17|||192
)|||120|||24|||94|||192
;|||11|||3|||54|||193
[|||17|||6|||57|||193
\|||50|||7|||51|||193
n|||86|||11|||49|||193
}|||16|||14|||50|||193
++|||7|||15|||58|||193
)|||77|||16|||152|||193
blockIdx|||21|||17|||53|||193
(|||94|||17|||152|||193
r|||3|||23|||51|||193
get_maxnodes|||1|||1|||35|||194
int|||6|||2|||25|||194
,|||6|||3|||22|||194
gridDim|||1|||3|||30|||194
,|||17|||4|||35|||194
n|||29|||4|||70|||194
m2|||1|||5|||16|||194
x|||16|||6|||35|||194
=|||30|||7|||19|||194
blockDim|||11|||7|||24|||194
int|||36|||10|||8|||194
)|||45|||10|||58|||194
\|||85|||11|||115|||194
,|||56|||12|||11|||194
.|||52|||15|||31|||194
data_rows|||1|||16|||13|||194
n|||9|||1|||29|||195
x|||7|||2|||30|||195
blockDim|||4|||2|||32|||195
{|||12|||5|||28|||195
.|||24|||7|||29|||195
.|||53|||16|||31|||195
{|||50|||16|||99|||195
n|||187|||21|||36|||195
x|||89|||25|||28|||195
n|||133|||14|||67|||196
[|||33|||15|||65|||196
x|||6|||1|||26|||197
n|||103|||12|||22|||197
;|||119|||21|||100|||197
i|||10|||3|||101|||198
]|||5|||3|||111|||198
0|||5|||3|||113|||198
calc_angles_RR_kernel|||1|||19|||2|||199
{|||58|||19|||23|||199
cosf|||1|||19|||140|||199
if|||29|||19|||157|||199
ii|||1|||12|||24|||200
is_larger|||2|||12|||94|||200
]|||37|||21|||121|||200
(|||17|||4|||63|||201
=|||81|||17|||165|||201
.|||79|||21|||68|||201
x|||81|||23|||70|||201
n|||92|||11|||103|||202
y1|||1|||19|||99|||202
;|||6|||1|||47|||203
;|||10|||3|||39|||203
only_objectness|||1|||11|||39|||203
+|||28|||13|||32|||203
\|||161|||19|||50|||203
n__global__|||1|||21|||53|||203
\|||209|||24|||43|||203
<|||9|||3|||129|||204
&|||2|||9|||108|||204
.|||82|||21|||168|||204
\|||21|||3|||88|||205
\|||97|||12|||91|||205
fopen|||1|||16|||82|||205
y|||18|||17|||94|||205
;|||111|||19|||115|||205
1|||9|||21|||95|||205
n|||213|||23|||86|||205
=|||104|||23|||91|||205
;|||14|||3|||83|||206
]|||10|||4|||96|||206
{|||30|||10|||95|||206
"|||1|||16|||86|||206
100|||3|||21|||99|||206
\|||205|||23|||94|||206
argb|||4|||24|||88|||206
int|||45|||11|||44|||207
.|||42|||12|||36|||207
i|||65|||21|||12|||207
0|||22|||21|||42|||207
=|||97|||21|||122|||207
<<|||4|||23|||35|||207
(|||5|||1|||3|||208
test_omp_parallel_for_ordered|||1|||12|||2|||208
(|||69|||14|||3|||208
(|||76|||15|||3|||208
char|||5|||16|||4|||208
*|||114|||20|||5|||208
\|||5|||0|||49|||209
threadIdx|||5|||4|||48|||209
\|||45|||6|||54|||209
&|||4|||9|||155|||209
if|||14|||10|||53|||209
+|||25|||11|||172|||209
=|||69|||15|||51|||209
=|||89|||19|||110|||209
n|||4|||0|||47|||210
\|||15|||2|||53|||210
;|||29|||6|||44|||210
{|||19|||7|||50|||210
<|||15|||8|||55|||210
(|||43|||9|||135|||210
=|||41|||10|||40|||210
float|||22|||10|||45|||210
\|||80|||11|||51|||210
<|||23|||12|||48|||210
known_sum|||2|||12|||154|||210
;|||82|||16|||41|||210
.|||60|||17|||41|||210
x|||55|||17|||42|||210
val|||3|||17|||164|||210
+|||41|||19|||36|||210
;|||125|||23|||47|||210
)|||122|||25|||39|||210
==|||11|||25|||48|||210
;|||49|||10|||86|||211
{|||37|||12|||89|||211
\|||112|||13|||76|||211
100000|||1|||19|||90|||211
*|||85|||15|||5|||212
threadIdx|||30|||23|||60|||212
*|||128|||23|||67|||212
site|||1|||1|||6|||213
m1_cols|||1|||5|||12|||213
int|||27|||7|||8|||213
,|||41|||10|||10|||213
int|||38|||11|||8|||213
y_size|||1|||13|||21|||213
*|||79|||14|||7|||213
float|||27|||16|||8|||213
mask|||2|||17|||153|||213
)|||86|||17|||160|||213
,|||112|||23|||7|||213
<|||37|||23|||99|||214
index|||4|||0|||62|||215
int|||20|||5|||48|||215
i|||27|||6|||64|||215
if|||13|||9|||50|||215
(|||49|||10|||63|||215
n|||107|||12|||59|||215
*|||84|||14|||63|||215
n|||141|||16|||60|||215
x|||73|||21|||77|||216
simd_cf_t|||1|||9|||59|||217
)|||32|||9|||60|||217
num|||8|||11|||165|||217
n|||105|||12|||44|||217
*|||71|||13|||36|||217
i|||59|||16|||189|||217
n|||225|||25|||53|||217
i|||41|||9|||158|||218
=|||75|||16|||198|||218
,|||101|||17|||194|||218
val|||4|||17|||195|||218
m2_rows|||1|||5|||19|||219
float|||15|||6|||19|||219
{|||20|||8|||15|||219
const|||5|||9|||4|||219
)|||65|||14|||16|||219
\|||152|||17|||121|||219
{|||70|||22|||15|||219
void|||2|||1|||1|||220
void|||6|||5|||1|||220
void|||7|||6|||1|||220
void|||8|||7|||1|||220
void|||10|||9|||1|||220
void|||11|||10|||1|||220
void|||12|||11|||1|||220
void|||13|||12|||1|||220
void|||14|||13|||1|||220
void|||15|||14|||1|||220
void|||18|||16|||1|||220
void|||20|||18|||1|||220
void|||21|||19|||1|||220
void|||22|||20|||1|||220
<|||6|||3|||43|||221
x|||18|||6|||43|||221
)|||26|||7|||49|||221
n|||77|||10|||44|||221
=|||44|||11|||55|||221
x|||52|||16|||40|||221
blockDim|||23|||17|||40|||221
dr|||1|||23|||46|||221
)|||101|||21|||7|||222
,|||43|||11|||7|||223
\|||87|||11|||143|||223
int|||2|||1|||13|||224
\|||47|||7|||15|||224
*|||34|||8|||41|||224
sum|||1|||10|||39|||224
int|||64|||13|||26|||224
x|||63|||19|||35|||224
n|||222|||25|||14|||224
*|||3|||1|||5|||225
*|||10|||4|||12|||225
*|||81|||14|||26|||225
x|||45|||14|||29|||225
.|||92|||24|||23|||225
blockDim|||35|||24|||30|||225
do_rem|||1|||4|||37|||226
int|||32|||8|||18|||226
\|||124|||15|||39|||226
x|||53|||17|||34|||226
int|||105|||23|||45|||226
\|||200|||23|||53|||226
}|||1|||0|||48|||227
time_step|||2|||3|||52|||227
x|||11|||4|||54|||227
n|||34|||5|||54|||227
\|||125|||15|||46|||227
j|||16|||15|||54|||227
\|||22|||3|||97|||228
idx|||2|||11|||72|||228
data_cols|||2|||16|||69|||228
not|||1|||16|||108|||228
opened|||1|||16|||111|||228
)|||112|||23|||101|||228
Pixel|||3|||23|||105|||228
[|||20|||8|||75|||229
(|||35|||9|||58|||229
i|||46|||10|||75|||229
n|||88|||11|||69|||229
(|||53|||11|||71|||229
=|||45|||11|||85|||229
;|||52|||11|||89|||229
for|||6|||11|||101|||229
{|||33|||11|||114|||229
<|||25|||13|||55|||229
]|||30|||14|||71|||229
int|||95|||21|||92|||229
\|||201|||23|||55|||229
>>|||2|||24|||73|||229
+|||4|||2|||18|||230
int|||12|||4|||30|||230
value|||1|||7|||12|||230
x|||22|||8|||23|||230
temp|||1|||10|||12|||230
,|||75|||16|||20|||230
MRI|||4|||17|||22|||230
*|||100|||17|||39|||230
doors|||2|||21|||37|||230
(|||113|||21|||91|||230
)|||113|||24|||15|||230
;|||135|||25|||76|||230
;|||20|||3|||131|||231
;|||22|||4|||78|||231
y|||9|||9|||64|||231
<|||26|||13|||69|||231
+|||31|||13|||106|||231
*|||111|||19|||134|||231
n|||196|||21|||135|||231
int|||114|||25|||127|||231

m2_rows)|||1|||5|||170|||233
}|||17|||16|||124|||233
n|||185|||21|||10|||233
]|||36|||21|||40|||233
]|||24|||9|||159|||234
}|||9|||9|||169|||234
++|||9|||16|||206|||234
[|||36|||19|||75|||235
;|||107|||19|||78|||235
for|||12|||19|||81|||235
=|||10|||3|||103|||236
NULL|||1|||16|||97|||236
printf|||1|||16|||102|||236
>>|||3|||24|||89|||236
n|||66|||9|||102|||237
srslte_simd_cfi_store|||1|||9|||153|||237
)|||60|||12|||104|||237
sum|||3|||12|||109|||237
;|||96|||17|||64|||237
{|||55|||17|||106|||237
[|||44|||24|||50|||237
const|||14|||24|||56|||237
cc|||2|||25|||34|||237
n|||231|||25|||96|||237
)|||8|||3|||14|||238
int|||22|||5|||138|||238
for|||3|||5|||160|||238
//|||3|||5|||173|||238
to|||1|||5|||177|||238
)|||43|||9|||162|||238
,|||72|||16|||11|||238
)|||79|||16|||175|||238
;|||123|||23|||37|||238
(|||14|||3|||73|||239
p_index|||2|||11|||150|||239
*|||104|||17|||144|||239
)|||103|||21|||60|||239
.|||43|||12|||40|||240
}|||19|||21|||46|||240
\|||214|||25|||41|||240
*|||17|||4|||101|||241
m2_rows|||2|||5|||85|||241
__alignof__|||3|||9|||72|||241
{|||25|||9|||82|||241
)|||58|||12|||88|||241
n|||110|||12|||92|||241
(|||68|||13|||62|||241
x_size|||3|||13|||70|||241
n|||158|||17|||83|||241
;|||136|||25|||83|||241
\|||220|||25|||84|||241
=|||111|||25|||92|||241
threadIdx|||21|||17|||61|||242
rg|||1|||24|||58|||242
;|||42|||9|||150|||243
n|||129|||14|||36|||244
blockDim|||1|||0|||25|||245
.|||3|||0|||30|||245
,|||25|||5|||23|||245
.|||35|||10|||29|||245
*|||41|||10|||31|||245
thresh|||1|||11|||27|||245
,|||90|||17|||25|||245
n|||171|||19|||25|||245
]|||39|||23|||27|||245
;|||122|||23|||28|||245
<<|||1|||3|||29|||246
indices|||1|||4|||23|||246
{|||24|||9|||22|||246
\|||58|||9|||23|||246
n|||62|||9|||24|||246
i|||36|||9|||26|||246
blockIdx|||11|||9|||28|||246
idx|||8|||24|||20|||246
=|||54|||12|||55|||247
last_i|||2|||12|||67|||247
*|||2|||0|||24|||248
;|||23|||4|||97|||248
"|||6|||16|||134|||248
(|||87|||16|||180|||248
=|||79|||17|||126|||248
+|||40|||18|||24|||248
.|||78|||21|||23|||248
i|||70|||21|||111|||248
threadIdx|||29|||22|||29|||248
i|||74|||23|||98|||248
(|||130|||24|||96|||248
argb|||5|||24|||98|||248
num_chunks_per_rank|||1|||25|||38|||248
<|||11|||5|||58|||249
[|||21|||8|||78|||249
n|||60|||8|||85|||249
(|||62|||12|||83|||249
(|||75|||14|||84|||249
n|||148|||16|||126|||249
.|||66|||17|||75|||249
int|||88|||19|||83|||249
numThreads|||1|||23|||75|||249
gridDim|||4|||23|||81|||249
;|||140|||25|||124|||249
int|||49|||11|||117|||250
+|||21|||11|||136|||250
=|||50|||11|||147|||250
;|||7|||2|||22|||251
n|||13|||2|||24|||251
add_thresh|||1|||4|||34|||251
*|||30|||7|||23|||251
x|||23|||8|||27|||251
threadIdx|||9|||8|||29|||251
idx|||1|||11|||54|||251
;|||58|||11|||152|||251
.|||76|||21|||15|||251
int|||111|||24|||19|||251
=|||110|||25|||17|||251
cc|||3|||25|||59|||251
++|||1|||3|||85|||252
[|||10|||4|||87|||252
\|||70|||10|||19|||252
FLT_MAX|||1|||10|||49|||252
(|||48|||10|||54|||252
<|||20|||10|||92|||252
0|||12|||12|||77|||252
;|||66|||12|||119|||252
\|||104|||12|||131|||252
rand_d|||2|||19|||64|||252
(|||101|||19|||82|||252
n|||215|||23|||95|||252
{|||5|||2|||5|||253
*|||25|||6|||16|||253
n|||52|||8|||10|||253
float|||25|||11|||29|||253
int|||55|||12|||16|||253
nelems|||1|||14|||11|||253
)|||71|||16|||23|||253
*|||108|||19|||15|||253
,|||108|||20|||10|||253
b|||6|||22|||10|||253
dvert|||2|||4|||86|||254
void|||28|||25|||1|||254
if|||35|||25|||32|||254
,|||118|||25|||61|||254
true|||1|||25|||93|||254
index|||6|||0|||79|||255
i|||6|||3|||74|||255
[|||23|||8|||95|||255
;|||48|||10|||77|||255
UINT_MIN|||1|||14|||78|||255
(|||74|||14|||81|||255
x2|||1|||19|||72|||255
]|||33|||19|||77|||255
->|||2|||3|||141|||256
\|||68|||9|||167|||257
{|||27|||9|||171|||257
;|||44|||9|||176|||257
int|||10|||4|||17|||258
*|||13|||4|||22|||258
*|||19|||5|||15|||258
(|||23|||6|||3|||258
n|||42|||6|||5|||258
float|||12|||6|||7|||258
a|||1|||6|||9|||258
float|||13|||6|||11|||258
*|||39|||10|||5|||258
i|||43|||10|||22|||258
int|||40|||11|||14|||258
*|||54|||11|||161|||258
,|||86|||17|||11|||258
float|||31|||17|||141|||258
.|||70|||19|||30|||258
int|||87|||19|||52|||258
\|||163|||19|||69|||258
)|||93|||19|||94|||258
b|||1|||6|||13|||259
m|||4|||8|||7|||259
tid|||3|||14|||21|||259
.|||68|||18|||18|||259
rand_d|||1|||19|||12|||259
,|||107|||20|||7|||259
=|||92|||20|||20|||259
,|||110|||22|||7|||259
=|||99|||22|||20|||259
chunks|||1|||25|||6|||259
\|||37|||5|||88|||260
\|||41|||5|||111|||260
z|||6|||17|||72|||260
if|||22|||14|||37|||261
z|||11|||17|||174|||261
if|||1|||0|||35|||262
site_def|||1|||1|||4|||262
i|||12|||3|||144|||262
m|||1|||5|||26|||262
,|||31|||7|||7|||262
.|||32|||9|||33|||262
predictions|||2|||11|||148|||262
=|||71|||16|||29|||262
blockIdx|||24|||19|||29|||262
(|||105|||19|||146|||262
\|||171|||20|||33|||262
n|||226|||25|||66|||262
*|||136|||25|||133|||262
+|||5|||2|||35|||263
internal_count|||1|||3|||82|||263
{|||11|||4|||68|||263
3,|||1|||5|||132|||263
;|||34|||8|||49|||263
;|||39|||9|||114|||263
)|||51|||11|||113|||263
float|||26|||11|||145|||263
=|||63|||13|||80|||263
+|||30|||13|||87|||263
1|||7|||13|||109|||263
*|||103|||17|||124|||263
rand_r|||3|||19|||111|||263
x|||76|||21|||177|||263
)|||111|||23|||17|||263
16|||1|||24|||64|||263
n|||228|||25|||72|||263
2,|||1|||5|||131|||264
i|||33|||8|||67|||264
j|||11|||8|||69|||264
]|||20|||8|||80|||264
in|||2|||8|||82|||264
*|||72|||13|||85|||264
void|||17|||15|||1|||264
SS3D_Mtx_Transform|||1|||15|||2|||264
VEC4|||1|||15|||4|||264
n|||134|||15|||18|||264
0|||18|||16|||199|||264
void|||27|||24|||1|||264
src|||1|||24|||7|||264
.|||94|||24|||31|||264
n|||7|||0|||68|||265
(|||4|||0|||72|||265
)|||11|||3|||68|||265
a|||2|||6|||62|||265
m|||5|||8|||74|||265
SRSLTE_SIMD_F_SIZE|||1|||9|||47|||265
]|||26|||10|||76|||265
row|||1|||11|||84|||265
(|||61|||12|||74|||265
tid|||5|||14|||70|||265
{|||49|||16|||71|||265
\|||145|||17|||65|||265
threadIdx|||22|||17|||78|||265
0|||20|||17|||176|||265
float|||35|||19|||71|||265
n|||202|||21|||180|||265
(|||2|||0|||36|||266
>|||2|||3|||34|||266
m2|||2|||5|||96|||266
n|||136|||15|||40|||266
<|||32|||19|||46|||266
n|||184|||20|||34|||266
{|||35|||12|||51|||267
blockDim|||20|||15|||30|||268
for|||9|||16|||112|||268
;|||134|||25|||64|||268
i|||4|||2|||59|||269
-|||1|||3|||149|||269
(|||25|||6|||61|||269
if|||11|||8|||52|||269
n|||80|||10|||61|||269
blockIdx|||13|||11|||56|||269
x|||34|||11|||58|||269
=|||61|||13|||45|||269
n|||131|||14|||49|||269
;|||105|||19|||58|||269
run_ppcg_init|||1|||25|||54|||269
Launch|||1|||5|||174|||270
float|||30|||17|||118|||270
;|||139|||25|||109|||270
Chunk|||1|||25|||4|||271
*|||133|||25|||5|||271
+|||52|||25|||25|||271
->|||6|||25|||37|||271
}|||26|||25|||70|||271
\|||218|||25|||71|||271
int|||113|||25|||99|||271
pp|||1|||25|||100|||271
)|||128|||25|||123|||271
{|||4|||1|||8|||272
z|||2|||9|||16|||272
1|||11|||23|||34|||272
*|||134|||25|||9|||272
?|||1|||4|||89|||273
n|||84|||10|||93|||273
num|||4|||11|||78|||273
=|||73|||16|||81|||273
;|||85|||16|||90|||273
[|||41|||21|||125|||273
.|||2|||0|||26|||274
y|||3|||2|||21|||274
<|||5|||3|||28|||274
(|||41|||9|||107|||274
blockDim|||15|||10|||32|||274
=|||53|||12|||30|||274
,|||32|||7|||10|||275
int|||72|||16|||18|||275
int|||92|||21|||11|||275
,|||19|||4|||114|||276
-|||3|||9|||91|||276
0|||9|||11|||105|||276
index|||9|||11|||118|||276
"|||3|||16|||104|||276
j|||28|||19|||113|||276
0|||23|||21|||113|||276
doors|||4|||21|||118|||276
)|||127|||25|||112|||276
]|||4|||3|||102|||277
;|||55|||11|||110|||277
n_x|||4|||13|||84|||277
)|||84|||17|||105|||277
;|||138|||25|||103|||277
\|||29|||4|||69|||278
blockDim|||10|||6|||37|||278
)|||63|||13|||57|||278
0|||14|||13|||66|||278
float|||37|||19|||108|||278
void|||26|||22|||1|||278
idx|||9|||24|||38|||278
;|||8|||2|||39|||279
&&|||2|||2|||47|||279
if|||5|||2|||55|||279
.|||87|||23|||61|||279
&|||10|||25|||56|||279
<|||40|||25|||105|||279
++|||12|||25|||110|||279
(|||39|||9|||78|||280
x_size|||2|||13|||48|||280
ptr_double|||1|||13|||78|||280
vol_flux_x|||1|||13|||79|||280
1|||8|||13|||115|||280
)|||22|||6|||52|||281
[|||25|||9|||124|||281
\|||73|||10|||51|||281
is_larger|||4|||12|||147|||281
n_y|||4|||13|||111|||281
fid|||6|||16|||158|||281
box|||1|||11|||34|||282
+|||24|||11|||167|||283
"|||10|||16|||163|||283
i|||31|||8|||19|||284
cf_t|||2|||9|||14|||284
)|||69|||15|||15|||284
data_cols|||1|||16|||16|||284
time_step|||1|||3|||5|||285
*|||7|||3|||8|||285
n|||19|||3|||56|||285
[|||8|||3|||146|||285
out|||1|||15|||6|||285
i|||8|||3|||84|||286
]|||3|||3|||93|||286
n|||24|||3|||116|||286
if|||26|||17|||86|||286
int|||11|||4|||21|||287
.|||16|||5|||35|||288
(|||27|||7|||37|||288
<|||14|||7|||47|||288
blockIdx|||10|||8|||38|||288
y|||7|||8|||48|||288
(|||57|||11|||187|||288
\|||117|||14|||35|||288
n|||135|||15|||35|||288
x|||65|||20|||23|||288
.|||84|||21|||176|||288
x|||77|||22|||23|||288
settings|||2|||25|||36|||288
)|||53|||11|||174|||289
n|||169|||17|||180|||289
\|||169|||19|||155|||289
i|||11|||3|||110|||290
n|||25|||3|||121|||290
n|||96|||11|||124|||290
1|||6|||13|||92|||290
;|||87|||16|||121|||290
;|||132|||24|||79|||290
uint8_t|||3|||24|||83|||290
ppcg_inner_steps|||1|||25|||108|||290
i|||15|||4|||76|||291
__alignof__|||2|||9|||62|||291
}|||10|||10|||80|||291
)|||50|||11|||79|||291
>|||11|||12|||76|||291
(|||126|||24|||70|||291
*|||6|||2|||31|||292
char|||3|||7|||34|||292
sum|||4|||12|||140|||292
blockDim|||27|||19|||33|||292
=|||12|||3|||125|||293
\|||114|||13|||99|||293
mass_flux_x|||1|||13|||102|||293
,|||119|||25|||119|||293
time_step|||3|||3|||67|||294
)|||37|||9|||81|||294
=|||43|||10|||72|||294
{|||42|||13|||81|||294
0.|||1|||15|||69|||294
blockDim|||30|||21|||71|||294
+|||46|||21|||74|||294
]|||42|||25|||91|||294
0|||3|||3|||95|||295
;|||16|||3|||105|||295
simd_cf_t|||2|||9|||79|||295
n|||97|||11|||127|||295
)|||105|||21|||103|||295
n|||221|||24|||81|||295

]|||13|||5|||73|||297
=|||26|||5|||151|||298
{|||38|||12|||136|||298
if|||33|||21|||181|||298
(|||8|||2|||43|||299
10|||1|||2|||50|||299
=|||13|||3|||139|||299
float|||4|||4|||39|||299
blockDim|||9|||5|||38|||299
;|||32|||7|||41|||299
n|||137|||15|||47|||299
blockDim|||26|||18|||21|||299
\|||160|||19|||41|||299
x|||85|||24|||28|||299
j|||6|||3|||128|||300
idx|||6|||11|||137|||300
int|||67|||14|||20|||301
{|||16|||6|||27|||302
+|||13|||7|||27|||302
\|||91|||12|||26|||302
*|||70|||13|||14|||302
.|||47|||14|||24|||302
x|||47|||15|||24|||302
;|||114|||20|||32|||302
x|||78|||22|||27|||302
\|||213|||25|||30|||302
in|||1|||8|||13|||303
{|||57|||18|||11|||303
n|||170|||18|||13|||303
short|||2|||20|||11|||303
b|||5|||20|||13|||303
nx|||1|||22|||13|||303
int|||25|||6|||4|||304
/|||1|||6|||72|||304
)|||33|||9|||65|||304
rcpb|||2|||9|||148|||304
*|||116|||20|||24|||304
threadIdx|||25|||20|||29|||304
\|||11|||1|||48|||305
(|||30|||8|||53|||305
n|||219|||24|||44|||305
char|||1|||0|||5|||306
update_global_node_set|||1|||1|||2|||306
20|||1|||2|||46|||306
n|||32|||5|||30|||306
x|||25|||9|||7|||306
*|||38|||9|||31|||306
int|||53|||12|||8|||306
*|||68|||13|||5|||306
)|||62|||13|||22|||306
*|||73|||13|||89|||306
tid|||4|||14|||39|||306
,|||104|||19|||9|||306
x|||87|||25|||20|||306
++|||2|||3|||133|||307
12|||1|||24|||74|||307
x|||4|||1|||18|||308
int|||4|||1|||43|||308
*|||66|||12|||108|||308
n|||116|||12|||130|||308
)|||73|||16|||89|||308
(|||88|||16|||196|||308
mri_mask|||1|||17|||10|||308
mri_mean|||2|||17|||186|||308
x|||59|||17|||188|||308
indices|||3|||4|||90|||309
)|||48|||10|||94|||309
<|||21|||11|||73|||309
ii|||3|||12|||69|||309
)|||72|||16|||70|||309
\|||132|||16|||91|||309
&|||1|||4|||85|||310
{|||40|||13|||58|||310
int|||109|||23|||89|||310
\|||217|||25|||68|||310
j|||7|||3|||132|||311
{|||10|||4|||42|||312
(|||55|||11|||162|||312
tid|||8|||19|||45|||312
(|||134|||25|||44|||312
(|||18|||4|||112|||313
+=|||1|||9|||97|||313
\|||98|||12|||106|||313
n_x|||1|||13|||64|||313
(|||73|||14|||77|||313
\|||130|||16|||72|||313
return|||4|||17|||109|||313
;|||98|||17|||110|||313
\|||149|||17|||111|||313
-|||5|||19|||122|||313
=|||91|||19|||129|||313
)|||98|||19|||153|||313
(|||114|||21|||108|||313
1|||10|||21|||129|||313
settings|||7|||25|||106|||313
boxes|||2|||11|||180|||314
==|||9|||16|||173|||314
i|||57|||16|||181|||314
=|||74|||16|||182|||314
index|||7|||3|||118|||315
defgrp_idx|||2|||4|||115|||315
;|||88|||16|||136|||315
]|||35|||19|||114|||315
{|||78|||25|||113|||315
n|||5|||0|||50|||316
predictions|||3|||11|||188|||316
)|||74|||16|||98|||316
,|||79|||16|||148|||316
(|||123|||24|||37|||316
{|||74|||24|||42|||316
src|||2|||24|||49|||316
m2_rows|||3|||5|||150|||317
(|||95|||17|||167|||317
/|||3|||13|||47|||318
ptr_double|||2|||13|||101|||318
P|||1|||0|||7|||319
m1|||1|||5|||6|||319
const|||6|||9|||9|||319
num|||3|||11|||12|||319
,|||46|||11|||16|||319
double|||2|||13|||8|||319
&&|||8|||16|||66|||319
++|||8|||16|||190|||319
n|||153|||16|||194|||319
%d|||4|||16|||216|||319
(|||91|||17|||3|||319
[|||1|||0|||61|||320
m1_rows|||5|||5|||135|||320
{|||22|||8|||71|||320
(|||67|||13|||53|||320
\n|||4|||16|||162|||320
x|||54|||17|||38|||320
;|||40|||9|||128|||321
\|||89|||11|||178|||321
(|||86|||16|||171|||321
>|||5|||3|||49|||322
(|||33|||9|||51|||322
b|||3|||9|||118|||322
;|||70|||13|||49|||322
dim3(m1_rows|||1|||5|||184|||323
n|||75|||10|||20|||323
;|||59|||11|||177|||323
+|||45|||21|||21|||323
.|||21|||6|||42|||324
.|||33|||9|||37|||324
\|||72|||10|||43|||324
largest|||1|||10|||46|||324
=|||60|||13|||28|||324
;|||78|||15|||38|||324
n|||140|||16|||43|||324
,|||95|||17|||171|||324
\|||208|||24|||34|||324
=|||5|||1|||45|||325
<|||3|||2|||45|||325
blockIdx|||5|||4|||52|||325
\|||79|||11|||42|||325
\|||177|||21|||50|||325

*|||74|||13|||91|||327
>=|||4|||17|||95|||327
\|||165|||19|||96|||327
%|||3|||21|||131|||327
n|||8|||1|||10|||328
const|||7|||9|||18|||328
)|||121|||25|||11|||328
if|||6|||4|||62|||329
__alignof__|||1|||9|||52|||329
srslte_simd_f_rcp|||1|||9|||134|||329
==|||7|||12|||63|||329
=|||70|||15|||68|||329
\|||203|||23|||85|||329
||||1|||24|||69|||329
int|||110|||24|||9|||330
&|||7|||24|||66|||330
\|||51|||8|||16|||331
n|||74|||10|||9|||331
int|||54|||12|||12|||331
{|||44|||14|||17|||331
,|||73|||16|||14|||331
int|||82|||18|||14|||331
\|||170|||20|||16|||331
\|||193|||22|||16|||331
,|||114|||23|||14|||331
blockIdx|||3|||2|||11|||332
\|||18|||3|||40|||332
.|||17|||5|||39|||332
x|||40|||12|||41|||332
\|||120|||14|||51|||332
n|||172|||19|||42|||332
\|||176|||21|||47|||332
*|||127|||23|||9|||332
\|||198|||23|||43|||332
n|||224|||25|||42|||332
input|||2|||10|||6|||333
(|||58|||12|||3|||333
const|||9|||14|||4|||333
*|||89|||16|||5|||333
int|||83|||19|||4|||333
n|||11|||1|||49|||334
\|||24|||3|||115|||334
;|||24|||4|||117|||334
[|||14|||5|||71|||334
}|||4|||5|||105|||334
2;\n|||2|||5|||152|||334
matrix|||1|||5|||163|||334
{|||23|||8|||88|||334
\|||78|||10|||96|||334
+|||32|||13|||110|||334
[|||32|||14|||69|||334
.|||51|||15|||27|||334
<|||33|||19|||89|||334
blockIdx|||28|||21|||167|||334
.|||44|||13|||30|||335
cosf|||3|||19|||150|||335
n|||188|||21|||45|||335
[|||2|||2|||58|||336
n|||46|||6|||55|||336
=|||29|||6|||60|||336
int|||46|||11|||53|||336
]|||27|||11|||151|||336
low_val|||2|||17|||155|||336
tid|||9|||19|||57|||336
;|||18|||3|||119|||337
)|||16|||4|||116|||337
=|||36|||9|||105|||337
srslte_simd_cfi_load|||1|||9|||106|||337
\|||151|||17|||116|||337
j|||34|||21|||126|||337
]|||38|||21|||127|||337
\|||184|||21|||134|||337
\|||222|||25|||114|||337
\|||223|||25|||125|||337
atomicAdd|||1|||17|||181|||338
=|||31|||7|||36|||339
value|||2|||7|||40|||339
n|||113|||12|||121|||339
n|||142|||16|||73|||339
FILE|||1|||16|||74|||339
,|||76|||16|||85|||339
toggle_doors|||1|||21|||55|||339
=|||95|||21|||66|||339
(|||117|||21|||182|||339
*|||53|||11|||159|||340
last_i|||3|||12|||85|||340
n|||111|||12|||107|||340
ii|||7|||12|||118|||340
\|||103|||12|||129|||340
.|||58|||16|||56|||340
writing|||1|||16|||113|||341
\|||137|||16|||137|||341
x1|||2|||19|||132|||341
FIELD_SD|||1|||25|||90|||341
\|||48|||7|||32|||342
*|||121|||21|||154|||342
+|||51|||24|||25|||342
j|||8|||3|||147|||343
sizeof(float));\n\n|||1|||5|||172|||343
float|||14|||6|||15|||343
*|||27|||6|||24|||343
.|||19|||6|||34|||343
int|||30|||8|||9|||343
,|||57|||12|||15|||343
=|||82|||18|||16|||343
)|||109|||21|||186|||343
;|||3|||0|||66|||344
=|||3|||1|||15|||344
x|||5|||1|||22|||344
gray|||1|||23|||16|||344
the|||1|||5|||121|||345
side|||6|||11|||131|||345
\|||135|||16|||122|||345
;|||112|||19|||124|||345
n|||65|||9|||84|||346
;|||41|||9|||138|||346
)|||42|||9|||149|||346
n|||15|||2|||54|||347
,|||8|||3|||46|||347
n|||33|||5|||47|||347
=|||24|||5|||140|||347
\|||60|||9|||48|||347
n|||64|||9|||49|||347
y|||10|||9|||123|||347
,|||38|||9|||147|||347
\|||94|||12|||58|||347
x|||43|||13|||39|||347
n_x|||5|||13|||107|||347
*|||76|||13|||112|||347
)|||66|||14|||42|||347
mask|||1|||17|||142|||347
\|||154|||17|||147|||347
n|||167|||17|||150|||347
)|||97|||19|||148|||347
tmp|||2|||19|||152|||347
;|||113|||19|||154|||347
\|||180|||21|||79|||347
n|||186|||21|||27|||348
if|||30|||21|||28|||348
\|||16|||3|||16|||349
n|||17|||3|||26|||349
x|||14|||5|||40|||349
and|||1|||5|||125|||349
=|||22|||5|||129|||349
1),|||1|||5|||183|||349
\|||185|||21|||137|||349
\|||189|||21|||148|||349
const|||2|||1|||30|||350
MDeformVert|||1|||4|||4|||350
dvert|||1|||4|||6|||350
\|||27|||4|||43|||350
x|||10|||4|||50|||350
\|||28|||4|||60|||350
)|||55|||12|||50|||350
\|||106|||12|||144|||350
\|||107|||12|||151|||350
{|||29|||10|||59|||351
\|||75|||10|||78|||351
blockIdx|||19|||16|||47|||351
.|||65|||17|||71|||351
*|||119|||21|||58|||351
(|||116|||21|||152|||351
threadId|||1|||23|||58|||351
;|||15|||3|||96|||352
rand_d|||3|||19|||101|||352
\|||59|||9|||40|||353
\|||64|||9|||129|||353
(|||107|||19|||158|||353
*|||4|||1|||19|||354
,|||5|||3|||20|||354
m2_cols|||2|||5|||154|||354
i|||29|||7|||18|||354
x|||19|||7|||22|||354
+|||34|||15|||25|||354
"|||12|||16|||217|||354
void|||23|||21|||1|||354
blockIdx|||26|||21|||14|||354
cc|||1|||25|||16|||354
=|||102|||23|||59|||355
idx|||10|||24|||51|||355
n|||47|||6|||76|||356
j|||12|||8|||79|||356
n|||108|||12|||72|||356
=|||62|||13|||65|||356
n|||149|||16|||138|||356
z|||7|||17|||76|||356
threadIdx|||27|||21|||75|||356
=|||103|||23|||76|||356
.|||91|||23|||82|||356
P|||2|||0|||60|||357
x|||50|||16|||32|||357
.|||54|||16|||35|||357
data_cols|||3|||16|||149|||357
%d|||3|||16|||161|||357
x_sol|||1|||3|||90|||358
=|||9|||3|||94|||358
[|||5|||3|||100|||358
=|||11|||3|||112|||358
=|||52|||11|||186|||358
j|||31|||21|||102|||358
for|||14|||25|||97|||358
i|||9|||3|||92|||359
(|||37|||9|||68|||360
&|||3|||9|||122|||360
.|||34|||10|||25|||360
&&|||7|||12|||100|||360
(|||106|||19|||151|||360
doors|||6|||21|||155|||360
(|||133|||25|||33|||360
box_index|||2|||11|||190|||361
0|||17|||16|||183|||361
{|||69|||21|||187|||361
>|||6|||3|||50|||362
<<|||3|||3|||59|||362
m1_rows|||2|||5|||59|||362
c|||2|||6|||56|||362
n|||56|||8|||56|||362
]|||25|||10|||67|||362
main|||2|||12|||133|||362
.|||57|||16|||52|||362
(|||89|||16|||212|||362
.|||63|||17|||58|||362
&&|||9|||17|||156|||362
int|||97|||21|||157|||363
*|||63|||12|||84|||364
j|||24|||19|||84|||364
)|||118|||24|||78|||364
reset_fields_to_exchange|||1|||25|||79|||364
m|||3|||5|||90|||365
for|||4|||9|||85|||365
SRSLTE_SIMD_CF_SIZE|||3|||9|||92|||365
%|||1|||11|||96|||365
num|||5|||11|||109|||365
num|||6|||11|||122|||365
*|||64|||12|||93|||365
\|||100|||12|||120|||365
{|||60|||19|||95|||365
\|||181|||21|||88|||365
doors|||5|||21|||124|||365
n|||2|||0|||34|||366
=|||4|||1|||34|||366
n|||10|||1|||41|||366
>|||1|||3|||33|||366
n|||27|||4|||44|||366
int|||14|||4|||45|||366
n|||79|||10|||57|||366
side|||2|||11|||74|||366
;|||61|||12|||42|||366
)|||56|||12|||65|||366
\|||118|||14|||44|||366
n|||130|||14|||45|||366
ushort|||1|||14|||54|||366
*|||82|||14|||55|||366
tp|||2|||14|||68|||366
for|||8|||15|||48|||366
+|||36|||16|||54|||366
;|||83|||16|||58|||366
)|||92|||19|||48|||366
;|||129|||23|||93|||366
=|||107|||24|||48|||366
\|||210|||24|||54|||366
if|||36|||25|||43|||366
settings|||3|||25|||45|||366
(|||11|||3|||36|||367
int|||31|||8|||12|||367
n|||61|||8|||90|||367
uint|||1|||14|||13|||367
mri_std|||1|||17|||28|||367
)|||90|||18|||10|||367
int|||99|||22|||12|||367
\|||197|||23|||38|||367
&&|||5|||9|||61|||368
;|||56|||11|||125|||368
for|||7|||13|||61|||368
float|||38|||19|||118|||368
\|||168|||19|||125|||368
{|||53|||16|||208|||369
(|||104|||19|||141|||369
*|||112|||19|||144|||369
n|||23|||3|||107|||370
)|||36|||9|||80|||370
check_i_islarger2|||1|||12|||96|||370
x|||13|||5|||36|||371
=|||19|||5|||50|||371
\|||34|||5|||53|||371
i|||21|||5|||72|||371
+|||8|||5|||84|||371
&&|||3|||8|||57|||371
)|||28|||8|||61|||371
0|||10|||11|||192|||372
<|||30|||16|||186|||372
if|||34|||21|||190|||372
i|||48|||11|||45|||373
x|||70|||21|||24|||373
*|||126|||22|||24|||373
30|||1|||23|||36|||373
threadIdx|||1|||0|||29|||374
threadIdx|||4|||2|||36|||374
int|||33|||8|||35|||374
x|||32|||10|||30|||374
;|||60|||12|||25|||374
{|||63|||21|||34|||374
;|||133|||25|||29|||374
int|||3|||1|||32|||375
8};\n|||1|||5|||148|||375
+|||10|||5|||185|||375
n|||151|||16|||169|||375
cnt|||1|||21|||159|||375
*|||8|||3|||12|||376
n|||28|||4|||61|||376
y|||16|||17|||59|||376
,|||60|||13|||16|||377
int|||74|||16|||27|||377
n|||206|||23|||30|||377
dataBlockSize|||3|||0|||55|||378
threadIdx|||20|||17|||44|||378
;|||95|||17|||47|||378
int|||78|||17|||50|||378
.|||67|||17|||79|||378
(|||72|||14|||73|||379
uint|||2|||14|||74|||379
0|||19|||17|||132|||379
n|||197|||21|||138|||379
x|||74|||21|||169|||379
unsigned|||3|||1|||31|||380
)|||5|||1|||38|||380
.|||12|||2|||37|||381
blockDim|||13|||8|||42|||381
x|||37|||11|||185|||381
x|||39|||12|||37|||381
tid|||1|||13|||27|||381
r_|||1|||15|||37|||381
threadIdx|||18|||16|||38|||381
n|||152|||16|||178|||381
;|||116|||21|||43|||381
if|||10|||7|||44|||382
(|||28|||7|||45|||382
\|||54|||8|||63|||382
;|||57|||11|||142|||382
(|||64|||12|||101|||382
xdim0_update_halo_kernel3_minus_4_b|||2|||13|||96|||382
}|||15|||13|||97|||382
>=|||2|||14|||40|||382
{|||45|||14|||43|||382
int|||75|||16|||44|||382
int|||79|||17|||67|||382
n|||166|||17|||148|||382
y|||20|||17|||172|||382
i|||69|||21|||83|||382
)|||108|||21|||160|||382
,|||28|||6|||14|||383
z|||1|||6|||25|||383
x|||17|||6|||39|||383
,|||33|||8|||8|||383
blockDim|||12|||8|||25|||383
len|||1|||9|||20|||383
r|||2|||9|||161|||383
known_sum|||1|||12|||14|||383
=|||65|||14|||22|||383
x|||60|||18|||19|||383
threadIdx|||23|||18|||25|||383
int|||89|||20|||8|||383
tid|||10|||20|||19|||383
\|||174|||21|||35|||383
float|||41|||22|||8|||383
best|||1|||23|||22|||383
\|||207|||24|||17|||383
=|||7|||2|||27|||384
w|||1|||4|||72|||384
x|||20|||7|||26|||384
;|||33|||8|||32|||384
+|||18|||10|||27|||384
n|||183|||20|||17|||384
n|||204|||22|||17|||384
x|||88|||25|||24|||384
index|||5|||0|||73|||385
if|||7|||5|||55|||385
x|||29|||9|||54|||385
i|||44|||10|||55|||385
n|||82|||10|||82|||385
,|||63|||13|||116|||385
i|||63|||19|||66|||385
.|||90|||23|||78|||385
sizeof|||3|||9|||77|||386
rcpb|||1|||9|||132|||386
++|||10|||19|||92|||386
[|||37|||19|||102|||386
x|||12|||4|||58|||387
]|||11|||4|||109|||387
*|||48|||11|||77|||387
\|||82|||11|||81|||387
\|||84|||11|||99|||387
n|||94|||11|||112|||387
+|||22|||11|||140|||387
=|||51|||11|||157|||387
0|||6|||3|||126|||388
?|||2|||4|||105|||388
(|||81|||16|||94|||388
return|||3|||16|||120|||388
->|||5|||17|||103|||388
n|||161|||17|||112|||388
j|||32|||21|||109|||388
do_add|||1|||4|||31|||389
bestDist|||1|||23|||32|||389
count|||1|||1|||44|||390
generate_u|||1|||3|||42|||390
generate_v|||1|||3|||57|||390
i|||13|||4|||46|||390
<|||13|||6|||50|||390
threadIdx|||10|||8|||46|||390
]|||23|||9|||126|||390
int|||69|||15|||41|||390
4|||2|||15|||56|||390
)|||6|||2|||4|||391
,|||4|||3|||10|||391
neighbors|||1|||3|||142|||391
float|||11|||5|||165|||391
cudaMalloc(&m,|||1|||5|||167|||391
\|||52|||8|||33|||391
n|||71|||9|||165|||391
blockIdx|||12|||10|||28|||391
float|||21|||10|||38|||391
int|||56|||12|||23|||391
,|||102|||18|||7|||391
.|||71|||19|||34|||391
n|||14|||2|||41|||392
,|||9|||3|||61|||392
nodes|||2|||3|||80|||392
0|||4|||3|||104|||392
i|||24|||6|||31|||392
]|||18|||6|||70|||392
i|||30|||7|||46|||392
=|||33|||8|||37|||392
.|||30|||8|||47|||392
*|||51|||11|||134|||392
+|||23|||11|||164|||392
mass_flux_x_p|||2|||13|||105|||392
;|||74|||14|||34|||392
\|||123|||15|||34|||392
j|||15|||15|||50|||392
*|||106|||18|||20|||392
.|||73|||20|||22|||392
x|||66|||20|||27|||392
threadIdx|||28|||21|||175|||392
.|||85|||22|||22|||392
(|||127|||24|||71|||392
<|||39|||25|||35|||392
*|||67|||12|||115|||393
(|||83|||16|||128|||393
pmask|||1|||17|||125|||393
\|||167|||19|||116|||393
n|||179|||19|||117|||393
(|||71|||14|||58|||394
(|||78|||16|||3|||395
filename|||2|||16|||84|||395
pmask|||2|||17|||145|||395
(|||120|||23|||4|||395
dv|||2|||4|||113|||396
;|||75|||14|||47|||396
=|||72|||16|||46|||396
(|||82|||16|||103|||396
\|||166|||19|||106|||396
}|||7|||8|||86|||397
+|||39|||17|||77|||397
nint|||1|||5|||112|||398
)|||20|||5|||115|||398
z|||12|||17|||192|||398
)|||9|||3|||38|||399
int|||15|||5|||8|||399
*|||57|||12|||5|||399
*|||61|||12|||34|||399
n|||120|||13|||25|||399
threadIdx|||15|||13|||29|||399
void|||16|||14|||5|||399
j|||22|||16|||201|||399
input|||6|||16|||222|||399
*|||95|||17|||5|||399
mri_dof|||1|||17|||14|||399
,|||103|||19|||6|||399
x|||64|||19|||39|||399
(|||122|||24|||3|||399
{|||32|||11|||80|||400
;|||53|||11|||98|||400
++|||5|||11|||111|||400
num|||7|||11|||139|||400
float|||23|||11|||4|||401
)|||81|||16|||207|||401
x|||58|||17|||170|||401
,|||97|||17|||175|||401
,|||50|||11|||28|||402
,|||52|||11|||37|||402
j|||13|||11|||47|||402
blockDim|||16|||11|||60|||402
side|||8|||11|||158|||402
,|||116|||24|||11|||402
0xf0|||1|||24|||67|||402
)|||119|||24|||91|||402
\|||23|||3|||106|||403
stencil_size|||1|||3|||130|||403
=|||32|||8|||20|||403
*|||37|||9|||15|||403
square|||1|||11|||15|||403
int|||41|||11|||17|||403
;|||62|||12|||57|||403
blockDim|||19|||14|||27|||403
,|||74|||16|||17|||403
float|||28|||17|||16|||403
y2|||1|||19|||109|||403
float|||39|||19|||127|||403
.|||74|||20|||26|||403
=|||101|||23|||33|||403
dst|||1|||24|||14|||403
\|||35|||5|||62|||404
settings|||4|||25|||62|||404
[|||28|||10|||74|||405
(|||51|||10|||90|||405
n|||85|||11|||43|||405
=|||56|||12|||95|||405
\|||108|||13|||24|||405
<|||31|||16|||202|||405
;|||94|||16|||204|||405
=|||88|||19|||100|||405
\|||62|||9|||101|||406
+|||47|||21|||128|||406
->|||1|||3|||81|||407
[|||4|||3|||91|||407
(|||128|||24|||86|||407
(|||138|||25|||98|||407
xdim1_update_halo_kernel3_minus_4_b|||1|||13|||113|||408
mask|||3|||17|||157|||408
{|||1|||0|||15|||409
int|||18|||5|||21|||409
c|||1|||6|||17|||409
y|||4|||6|||21|||409
,|||34|||8|||11|||409
*|||80|||14|||14|||409
,|||106|||19|||17|||409
threadIdx|||24|||19|||37|||409
,|||111|||22|||11|||409
n|||207|||23|||39|||409
{|||7|||3|||15|||410
;|||99|||17|||120|||410
n|||165|||17|||140|||410
(|||97|||17|||185|||410
\|||8|||1|||9|||411
int|||28|||7|||11|||411
,|||35|||9|||8|||411
,|||89|||17|||21|||411
settings|||1|||25|||10|||411
n|||35|||5|||63|||412
\|||55|||8|||72|||412
=|||67|||14|||72|||412
blockIdx|||22|||17|||70|||412
x|||9|||2|||38|||413
j|||4|||3|||21|||413
=|||35|||9|||27|||413
blockDim|||14|||9|||32|||413
is_larger|||1|||12|||10|||413
int|||68|||15|||19|||413
int|||76|||16|||220|||413
*|||135|||25|||21|||413
n|||223|||25|||31|||413
[|||9|||4|||75|||414
i|||53|||12|||75|||414
%d|||2|||16|||145|||414
i|||73|||23|||90|||414
y|||11|||16|||49|||415
"|||4|||16|||115|||415
,|||77|||16|||130|||415
\|||138|||16|||154|||415
;|||90|||16|||167|||415
{|||51|||16|||176|||415
concatenate|||1|||5|||178|||416
.|||26|||8|||26|||417
n|||217|||24|||18|||417
[|||13|||5|||65|||418
simd_f_t|||2|||9|||117|||419
x|||48|||15|||28|||419
file|||1|||16|||106|||419
"|||8|||16|||147|||419
x1|||1|||19|||62|||419
;|||36|||9|||39|||420
&&|||4|||9|||44|||420
c|||3|||7|||35|||421
)|||25|||7|||39|||421
n|||50|||7|||43|||421
}|||12|||12|||122|||421
\|||101|||12|||123|||421
n|||114|||12|||124|||421
}|||13|||12|||125|||421
n|||117|||12|||138|||421
int|||58|||12|||139|||421
fields|||1|||13|||15|||422
n|||128|||14|||19|||422
float|||33|||19|||14|||422
)|||91|||19|||22|||422
=|||83|||19|||28|||422
blockDim|||28|||20|||25|||422
.|||75|||20|||30|||422
blockIdx|||7|||6|||33|||423
probs|||1|||11|||32|||423
int|||63|||13|||20|||423
int|||103|||23|||31|||423
largest|||2|||10|||69|||424
0|||11|||12|||64|||424
blockDim|||3|||2|||15|||425
,|||10|||4|||7|||425
*|||11|||4|||13|||425
mset|||1|||8|||2|||425
cf_t|||1|||9|||5|||425
,|||40|||10|||7|||425
*|||40|||10|||15|||425
int|||52|||12|||4|||425
x|||38|||12|||33|||425
update_halo_kernel3_minus_4_b_c_wrapper|||1|||13|||2|||425
,|||68|||15|||7|||425
MRI|||1|||17|||4|||425
,|||85|||17|||7|||425
rows|||1|||19|||5|||425
door|||1|||21|||2|||425
{|||62|||21|||8|||425
copy0|||1|||22|||2|||425
const|||12|||24|||4|||425
4|||1|||11|||176|||426
n|||123|||13|||60|||426
n_x|||2|||13|||68|||426
mri|||5|||17|||168|||426
,|||94|||17|||169|||426
threadIdx|||32|||25|||26|||426
update_ghost_nodes|||1|||3|||27|||427
temp_sol|||2|||3|||37|||427
m|||6|||8|||91|||427
void|||25|||21|||150|||427
i|||66|||21|||30|||428
\|||4|||0|||46|||429
.|||14|||4|||53|||429
.|||37|||11|||57|||429
int|||51|||11|||155|||429
n_y|||1|||13|||44|||429
\|||182|||21|||105|||429
odefun|||1|||3|||2|||430
side|||7|||11|||133|||431
)|||76|||16|||135|||431
&|||5|||17|||127|||431
(|||139|||25|||117|||431
{1,|||1|||5|||130|||432
==|||5|||9|||66|||432
)|||35|||9|||75|||432
[|||24|||9|||110|||432
n|||67|||9|||116|||432
srslte_simd_f_load|||1|||9|||120|||432
n|||70|||9|||152|||432
(|||45|||9|||154|||433
n|||73|||9|||173|||433
"|||11|||16|||215|||433
;|||5|||1|||39|||434
,|||18|||4|||38|||434
*|||21|||5|||37|||434
;|||104|||19|||40|||434
=|||37|||9|||119|||435
box_index|||1|||11|||156|||435
int|||59|||12|||146|||435
+|||6|||4|||51|||436
;|||80|||15|||53|||436
*|||26|||6|||20|||437
,|||51|||11|||33|||437
)|||54|||12|||19|||437
\|||49|||7|||42|||438
0|||8|||10|||41|||438
)|||49|||11|||40|||438
*|||99|||17|||27|||439
int|||81|||18|||8|||439
uint64_t|||1|||0|||9|||440
.|||40|||11|||184|||440
,|||64|||14|||9|||440
VEC4|||2|||15|||8|||440
j|||21|||16|||197|||440
*|||105|||18|||5|||440
*|||12|||4|||14|||441
,|||13|||4|||19|||441
mass_flux_x_p|||1|||13|||10|||441
(|||90|||16|||219|||441
*|||97|||17|||13|||441
<<|||2|||3|||44|||442
.|||18|||5|||43|||442
if|||18|||12|||45|||442
created|||1|||16|||109|||442
,|||78|||16|||142|||442
\|||178|||21|||52|||442
n|||209|||23|||49|||442
\|||14|||2|||40|||443
j|||2|||2|||48|||443
(|||9|||2|||56|||443
const|||10|||14|||53|||443
\|||121|||14|||66|||443
uint32_t|||2|||24|||46|||443
.|||9|||2|||20|||444
float|||3|||4|||33|||444
.|||22|||7|||21|||444
j|||9|||8|||36|||444
;|||43|||9|||163|||444
<|||18|||9|||178|||444
i|||49|||12|||29|||444
x|||46|||14|||33|||444
\|||122|||15|||17|||444
blockIdx|||25|||20|||21|||444
blockIdx|||29|||22|||21|||444
,|||117|||25|||7|||444
size_t|||1|||14|||10|||445
return|||2|||14|||46|||445
v|||1|||15|||10|||445
(|||77|||15|||49|||445
n|||182|||20|||9|||445
int|||90|||20|||18|||445
if|||3|||0|||71|||446
)|||107|||21|||130|||446
n|||218|||24|||35|||446
num_pixels|||2|||24|||40|||446
*|||32|||8|||6|||447
a|||6|||22|||6|||447
j|||35|||22|||19|||447
;|||12|||3|||69|||448
=|||34|||8|||81|||448
input|||4|||10|||73|||448
\|||76|||10|||81|||448
*|||102|||17|||73|||448
;|||127|||23|||71|||448
blockDim|||34|||23|||77|||448
)|||116|||24|||68|||448
;|||2|||0|||45|||449
\|||6|||0|||58|||449
count|||4|||5|||92|||449
++|||4|||5|||93|||449
]|||14|||5|||94|||449
n|||59|||8|||73|||449
]|||19|||8|||77|||449
;|||35|||8|||83|||449
\|||56|||8|||84|||449
\|||142|||16|||209|||449
n|||154|||16|||210|||449
{|||71|||23|||18|||449
int|||108|||23|||74|||449
0x80|||1|||0|||65|||450
i|||28|||6|||69|||450
\|||69|||9|||172|||450
x|||36|||11|||66|||450
while|||1|||12|||82|||450
.|||48|||14|||28|||450
>=|||6|||17|||154|||450
n|||174|||19|||60|||450
{|||64|||21|||61|||450
)|||125|||25|||75|||450
i|||52|||12|||62|||451
num|||11|||23|||100|||451
fields_to_exchange|||1|||25|||88|||451
\|||1|||0|||16|||452
blockIdx|||1|||0|||21|||452
x|||1|||0|||23|||452
.|||5|||1|||21|||452
j|||1|||2|||26|||452
val|||1|||3|||23|||452
.|||23|||7|||25|||452
x|||31|||10|||26|||452
,|||48|||11|||22|||452
tid|||6|||15|||20|||452
,|||88|||17|||18|||452
*|||109|||19|||20|||452
;|||115|||21|||25|||452
\|||173|||21|||26|||452
pixels|||2|||23|||24|||452
threadIdx|||31|||24|||22|||452
.|||96|||25|||23|||452
.|||8|||2|||16|||453
output|||2|||10|||16|||453
*|||49|||11|||121|||453
*|||87|||15|||13|||453
hi_val|||1|||17|||20|||453
float|||9|||5|||127|||454
matrices\n|||1|||5|||180|||454
concat_matrix<<<dim3(1,|||1|||5|||181|||454
*|||24|||6|||12|||454
i|||25|||6|||49|||454
else|||4|||9|||170|||454
>=|||5|||17|||101|||454
n|||54|||8|||34|||455
0|||15|||15|||52|||455
blockDim|||32|||22|||25|||455
,|||45|||11|||13|||456
g_arrBackGroud|||1|||2|||57|||457
;|||28|||5|||102|||457
n|||45|||6|||51|||457
blockDim|||18|||13|||37|||457
{|||56|||17|||161|||457
=|||98|||21|||166|||457
num|||1|||4|||18|||458
x|||26|||9|||30|||458
a|||4|||9|||146|||458
(|||66|||13|||3|||458
double|||1|||13|||4|||458
vol_flux_x_p|||1|||13|||6|||458
,|||58|||13|||7|||458
x|||41|||13|||31|||458
*|||90|||16|||9|||458
MRI|||2|||17|||8|||458
MRI|||3|||17|||12|||458
uint32_t|||1|||24|||5|||458
.|||95|||25|||19|||458
{|||6|||2|||52|||459
blockDim|||6|||3|||47|||459
]|||7|||3|||148|||459
.|||46|||13|||38|||459
\|||119|||14|||48|||459
;|||81|||15|||57|||459
,|||82|||16|||164|||459
n|||168|||17|||163|||459
n|||190|||21|||51|||459
kernel_language|||1|||25|||47|||459
\|||102|||12|||126|||460
fprintf|||3|||16|||156|||460
*|||122|||21|||158|||460
site|||2|||1|||37|||461
rem_thresh|||1|||4|||40|||461
srslte_vec_div_cfc_simd|||1|||9|||2|||461
threadIdx|||11|||9|||36|||461
n|||63|||9|||41|||461
weightvg_update_vg|||1|||4|||2|||462
concat_matrix|||1|||5|||2|||462
check_udpdata|||1|||7|||2|||462
softmax_array|||1|||10|||2|||462
convert_coco_detections|||1|||11|||2|||462
,|||55|||12|||7|||462
mtx|||1|||15|||14|||462
write_graphics_kernel|||1|||16|||2|||462
zero_array|||1|||18|||2|||462
start|||1|||19|||8|||462
cube_s|||1|||20|||2|||462
float|||40|||22|||4|||462
ppcg_inner_iterations|||1|||25|||2|||462
float|||5|||4|||71|||463
;|||30|||6|||74|||463
;|||63|||12|||70|||463
.|||80|||21|||72|||463
)|||115|||24|||65|||463
return|||1|||0|||44|||464
{|||3|||0|||57|||464
dataBlockSize|||4|||0|||75|||464
y|||13|||16|||57|||464
1|||5|||13|||86|||465
=|||112|||25|||101|||465
(|||16|||4|||3|||466
*|||31|||8|||5|||466
(|||52|||11|||3|||466
*|||124|||22|||5|||466
(|||132|||25|||3|||466
=|||76|||17|||35|||467
>=|||3|||17|||89|||468
i|||64|||19|||76|||468
.|||38|||11|||61|||469
pIndexed|||1|||23|||6|||469
>|||4|||3|||48|||470
,|||70|||15|||43|||470
{|||59|||19|||49|||470
*|||123|||21|||170|||470
,|||22|||5|||13|||471
n|||37|||5|||89|||471
*|||22|||5|||171|||471
ii|||2|||12|||54|||471
<|||8|||3|||79|||472
b|||2|||6|||67|||472
)|||34|||9|||70|||472
\|||63|||9|||115|||472
i|||45|||10|||66|||472
)|||47|||10|||85|||472
if|||16|||10|||89|||472
%d|||1|||16|||144|||472
int|||26|||6|||30|||473
<|||34|||21|||31|||473
=|||87|||19|||85|||474
(|||137|||25|||80|||474
n|||16|||3|||17|||475
>|||3|||3|||35|||475
\|||57|||8|||89|||475
int|||104|||23|||40|||475
0xf0|||2|||24|||93|||475
(|||10|||3|||3|||476
index|||8|||3|||138|||477
=|||113|||25|||129|||477
ncx_get_ushort_uint|||1|||14|||2|||478
threadIdx|||7|||6|||41|||479
i|||26|||6|||58|||479
+|||16|||9|||35|||479
;|||46|||10|||42|||479
halo_update_driver|||1|||25|||116|||479
\|||115|||13|||117|||480
)|||87|||17|||177|||480
;|||102|||17|||178|||480
;|||4|||1|||27|||481
int|||86|||19|||26|||481
;|||31|||7|||31|||482
x|||24|||8|||31|||482
=|||1|||0|||20|||483
blockIdx|||2|||1|||20|||483
buffer|||1|||7|||6|||483
w|||2|||11|||21|||483
low_val|||1|||17|||17|||483
blockDim|||36|||25|||22|||483
p_index|||1|||11|||129|||484
=|||49|||11|||130|||484
ii|||6|||12|||111|||484
n|||112|||12|||114|||484
BUFTYPE|||1|||17|||123|||484
;|||27|||5|||74|||485
if|||12|||8|||65|||485
>|||10|||10|||68|||485
blockDim|||22|||16|||51|||485

srslte_simd_cf_mul|||1|||9|||144|||487
\|||128|||16|||42|||487
.|||72|||19|||38|||487
)|||2|||0|||40|||488
const|||1|||1|||11|||488
)|||13|||3|||134|||488
\|||86|||11|||126|||488
)|||52|||11|||166|||488
MAT4|||1|||15|||12|||488
*|||98|||17|||23|||488
uint8_t|||1|||24|||12|||488
{|||75|||25|||12|||488
;|||21|||4|||59|||489
(|||31|||8|||66|||489
blockDim|||24|||17|||57|||489
unsigned|||1|||0|||4|||490
float|||2|||4|||26|||490
n|||53|||8|||17|||490
,|||36|||9|||13|||490
*|||59|||12|||13|||490
int|||71|||16|||15|||490
int|||77|||17|||33|||490
i|||71|||21|||165|||490
int|||102|||23|||15|||490
[|||43|||23|||25|||490
dist|||1|||23|||41|||491
]|||9|||4|||93|||492
==|||6|||9|||76|||492
n|||124|||13|||77|||492
height|||1|||17|||98|||492
=|||17|||4|||103|||493
threadIdx|||14|||12|||39|||493
*|||65|||12|||102|||493
is_larger|||3|||12|||103|||493
)|||68|||14|||75|||493
0|||21|||19|||86|||493
n|||181|||19|||156|||493
dws|||3|||4|||106|||494
fid|||3|||16|||95|||494
depth|||1|||17|||104|||494
j|||26|||19|||93|||494
j|||27|||19|||103|||494
%|||2|||21|||110|||494
)|||18|||5|||60|||495
+|||38|||17|||60|||495
uint8_t|||2|||24|||57|||495
;|||100|||17|||138|||496
y1|||2|||19|||137|||496
n|||199|||21|||144|||496
int|||48|||11|||92|||497
<|||24|||12|||86|||497
n|||159|||17|||85|||497
;|||106|||19|||68|||497
float|||36|||19|||98|||497
\|||206|||23|||103|||497
0|||26|||24|||90|||497
(|||1|||0|||3|||498
=|||2|||0|||64|||498
step_sol|||1|||3|||13|||498
=|||15|||4|||73|||498
side|||3|||11|||76|||498
j|||20|||16|||67|||498
blockDim|||25|||17|||74|||498
.|||81|||21|||76|||498
,|||47|||11|||19|||499
n_y|||3|||13|||88|||499
n|||126|||13|||100|||499
,|||92|||17|||133|||499
,|||93|||17|||135|||499
settings|||8|||25|||120|||499
